[
  {
    "frame_id": 0,
    "image": "frame_000000.png",
    "keypoints_2d": [
      [
        0.5701118176256791,
        0.4024429859395059,
        0.2643078119655338
      ],
      [
        0.5645637975022127,
        0.5349144580801184,
        0.26843961033330876
      ],
      [
        0.6406428722961818,
        0.5092420332435657,
        0.27106091384572584
      ],
      [
        0.6060731142408998,
        0.2925565784650531,
        0.2469652736656967
      ],
      [
        0.5219886768395082,
        0.31873442693194964,
        0.24434397015327963
      ],
      [
        0.5387585854421322,
        0.4983917477294085,
        0.28165035026537094
      ],
      [
        0.611487444537884,
        0.4742303847905244,
        0.284271653777788
      ],
      [
        0.5759999117846286,
        0.2651339535069195,
        0.2601760135977589
      ],
      [
        0.4959206186664312,
        0.2896942881769331,
        0.2575547100853418
      ]
    ],
    "keypoints_3d": [
      [
        0.013453505614186477,
        -0.01871986607697651,
        0.2643078119655338
      ],
      [
        0.012589019334821393,
        0.006807821175951634,
        0.26843961033330876
      ],
      [
        0.027668512049778417,
        0.0018181746716999514,
        0.27106091384572584
      ],
      [
        0.018975975408728384,
        -0.03711064103208711,
        0.2469652736656967
      ],
      [
        0.0038964826937713595,
        -0.03212099452783543,
        0.24434397015327963
      ],
      [
        0.007931035819644557,
        -0.00032909112186590983,
        0.28165035026537094
      ],
      [
        0.02301052853460158,
        -0.005318737626117592,
        0.284271653777788
      ],
      [
        0.014317991893551547,
        -0.044247553329904654,
        0.2601760135977589
      ],
      [
        -0.0007615008214054766,
        -0.03925790682565297,
        0.2575547100853418
      ]
    ],
    "model_matrix": [
      -0.8347183286548678,
      0.17208369353348693,
      0.5230989526155609,
      0.018658255191069804,
      -0.5026109044717342,
      -0.6262125373858938,
      -0.5960202485879366,
      0.03670151378116828,
      0.2250057566235347,
      -0.7604242634481052,
      0.60920222344118,
      0.19690251049338248,
      0.0,
      0.0,
      0.0,
      1.0
    ],
    "view_matrix": [
      -0.6589982355163196,
      -0.5305827962015875,
      0.5331071392893593,
      -0.059747679418262124,
      0.3524340266981686,
      0.40832915700470795,
      0.8420555542036048,
      -0.20608482086577465,
      -0.6644633792856415,
      0.7427982201881813,
      -0.08209276261387033,
      0.2656079911985105,
      0.0,
      0.0,
      0.0,
      1.0
    ],
    "camera_intrinsics": {
      "fx": 704.662624158995,
      "fy": 704.662624158995,
      "cx": 256.0,
      "cy": 256.0,
      "image_width": 512,
      "image_height": 512,
      "model": "SIMPLE_RADIAL",
      "dist": [
        0.10734090093398353,
        0.0,
        0.0,
        0.0
      ]
    },
    "visibility": [
      1.0,
      1.0,
      1.0,
      1.0,
      1.0,
      1.0,
      1.0,
      1.0,
      1.0
    ],
    "keypoints_2d_visibility": [
      1.0,
      1.0,
      1.0,
      1.0,
      1.0,
      1.0,
      1.0,
      1.0,
      1.0
    ],
    "pose_6dof": {
      "translation": [
        0.018658255191069804,
        0.03670151378116828,
        0.19690251049338248
      ],
      "rotation": [
        -0.8347183286548678,
        0.17208369353348693,
        0.5230989526155609,
        -0.5026109044717342,
        -0.6262125373858938,
        -0.5960202485879366,
        0.2250057566235347,
        -0.7604242634481052,
        0.60920222344118
      ]
    },
    "pose_9dof": {
      "translation": [
        0.018658255191069804,
        0.03670151378116828,
        0.19690251049338248
      ],
      "rotation": [
        -0.8347183286548678,
        0.17208369353348693,
        0.5230989526155609,
        -0.5026109044717342,
        -0.6262125373858938,
        -0.5960202485879366,
        0.2250057566235347,
        -0.7604242634481052,
        0.60920222344118
      ],
      "scale": [
        0.016098413116889584,
        0.046600566102149986,
        0.01572119515580733
      ]
    }
  },
  {
    "frame_id": 1,
    "image": "frame_000001.png",
    "keypoints_2d": [
      [
        0.567874903492354,
        0.40253576329388835,
        0.26529779181261737
      ],
      [
        0.5622536604615176,
        0.5353677659803809,
        0.2694050932193461
      ],
      [
        0.638538961297416,
        0.5096758787230533,
        0.27205478339304795
      ],
      [
        0.6039109501774587,
        0.2924316880641644,
        0.24798068207540488
      ],
      [
        0.5196424417945171,
        0.31857093559360006,
        0.24533099190170304
      ],
      [
        0.5364187023384971,
        0.4987719988008989,
        0.2826149015498298
      ],
      [
        0.6093637048494628,
        0.4745927720225338,
        0.2852645917235317
      ],
      [
        0.5738209255525022,
        0.26494189419662073,
        0.2611904904058886
      ],
      [
        0.49354643845629986,
        0.28946746826125547,
        0.2585408002321868
      ]
    ],
    "keypoints_3d": [
      [
        0.01299066648736416,
        -0.018653807642426024,
        0.26529779181261737
      ],
      [
        0.012104947317117004,
        0.006877104747620072,
        0.2694050932193461
      ],
      [
        0.027183139114842478,
        0.0018985327659736262,
        0.27205478339304795
      ],
      [
        0.018551175520994306,
        -0.037057078014800765,
        0.24798068207540488
      ],
      [
        0.0034729837232688326,
        -0.03207850603315435,
        0.24533099190170304
      ],
      [
        0.007430157453734015,
        -0.00025053727005125426,
        0.2826149015498298
      ],
      [
        0.02250834925145949,
        -0.0052291092516977,
        0.2852645917235317
      ],
      [
        0.013876385657611304,
        -0.04418472003247209,
        0.2611904904058886
      ],
      [
        -0.00120180614011417,
        -0.03920614805082567,
        0.2585408002321868
      ]
    ],
    "model_matrix": [
      -0.8347183286548678,
      0.17208369353348693,
      0.5230989526155609,
      0.018658255191069804,
      -0.5026109044717342,
      -0.6262125373858938,
      -0.5960202485879366,
      0.03670151378116828,
      0.2250057566235347,
      -0.7604242634481052,
      0.60920222344118,
      0.19690251049338248,
      0.0,
      0.0,
      0.0,
      1.0
    ],
    "view_matrix": [
      -0.6581478955109533,
      -0.5319933135068599,
      0.5327517827454887,
      -0.06010464568997735,
      0.35145240022927493,
      0.40869492044541345,
      0.8422883546477412,
      -0.20605971005791937,
      -0.6658247201836126,
      0.741587200797121,
      -0.0820113748592548,
      0.26665179208313344,
      0.0,
      0.0,
      0.0,
      1.0
    ],
    "camera_intrinsics": {
      "fx": 709.1878502817735,
      "fy": 709.1878502817735,
      "cx": 256.0,
      "cy": 256.0,
      "image_width": 512,
      "image_height": 512,
      "model": "SIMPLE_RADIAL",
      "dist": [
        0.10043235423496252,
        0.0,
        0.0,
        0.0
      ]
    },
    "visibility": [
      1.0,
      1.0,
      1.0,
      1.0,
      1.0,
      1.0,
      1.0,
      1.0,
      1.0
    ],
    "keypoints_2d_visibility": [
      1.0,
      1.0,
      1.0,
      1.0,
      1.0,
      1.0,
      1.0,
      1.0,
      1.0
    ],
    "pose_6dof": {
      "translation": [
        0.018658255191069804,
        0.03670151378116828,
        0.19690251049338248
      ],
      "rotation": [
        -0.8347183286548678,
        0.17208369353348693,
        0.5230989526155609,
        -0.5026109044717342,
        -0.6262125373858938,
        -0.5960202485879366,
        0.2250057566235347,
        -0.7604242634481052,
        0.60920222344118
      ]
    },
    "pose_9dof": {
      "translation": [
        0.018658255191069804,
        0.03670151378116828,
        0.19690251049338248
      ],
      "rotation": [
        -0.8347183286548678,
        0.17208369353348693,
        0.5230989526155609,
        -0.5026109044717342,
        -0.6262125373858938,
        -0.5960202485879366,
        0.2250057566235347,
        -0.7604242634481052,
        0.60920222344118
      ],
      "scale": [
        0.016098413116889584,
        0.046600566102149986,
        0.01572119515580733
      ]
    }
  },
  {
    "frame_id": 2,
    "image": "frame_000002.png",
    "keypoints_2d": [
      [
        0.561639603041746,
        0.4062866171402304,
        0.26546536432769346
      ],
      [
        0.5559979265451067,
        0.5387767950445348,
        0.26950339028280684
      ],
      [
        0.6320638042683344,
        0.5131756241900601,
        0.27223308695486953
      ],
      [
        0.5975772669918109,
        0.2965778459668301,
        0.2482203537425375
      ],
      [
        0.5135697268931456,
        0.32252684098461826,
        0.24549065707047485
      ],
      [
        0.5302369588762182,
        0.5022574831929514,
        0.28271037491284945
      ],
      [
        0.6029852609227224,
        0.4781747869299537,
        0.28544007158491214
      ],
      [
        0.5675891612155045,
        0.26914957853098476,
        0.2614273383725801
      ],
      [
        0.4875474964619973,
        0.2934869572717994,
        0.25869764170051746
      ]
    ],
    "keypoints_3d": [
      [
        0.011828535232508874,
        -0.017983439156213088,
        0.26546536432769346
      ],
      [
        0.010913856628455704,
        0.007557500924363164,
        0.26950339028280684
      ],
      [
        0.025982137148322926,
        0.0025921627550978543,
        0.27223308695486953
      ],
      [
        0.01747397725860632,
        -0.036428506383260534,
        0.2482203537425375
      ],
      [
        0.0024056967387390965,
        -0.031463168213995224,
        0.24549065707047485
      ],
      [
        0.00618309320641143,
        0.00046162807083435786,
        0.28271037491284945
      ],
      [
        0.021251373726278652,
        -0.004503710098430952,
        0.28544007158491214
      ],
      [
        0.012743213836562045,
        -0.04352437923678931,
        0.2614273383725801
      ],
      [
        -0.002325066683305177,
        -0.03855904106752403,
        0.25869764170051746
      ]
    ],
    "model_matrix": [
      -0.8347183286548678,
      0.17208369353348693,
      0.5230989526155609,
      0.018658255191069804,
      -0.5026109044717342,
      -0.6262125373858938,
      -0.5960202485879366,
      0.03670151378116828,
      0.2250057566235347,
      -0.7604242634481052,
      0.60920222344118,
      0.19690251049338248,
      0.0,
      0.0,
      0.0,
      1.0
    ],
    "view_matrix": [
      -0.655314376099389,
      -0.5354695941321128,
      0.5327620315276423,
      -0.06119407872276307,
      0.3494688999303859,
      0.4103604207840347,
      0.8423038721479301,
      -0.20541651473533243,
      -0.6696525639903995,
      0.7381575975453623,
      -0.08178511311445336,
      0.2669721056102165,
      0.0,
      0.0,
      0.0,
      1.0
    ],
    "camera_intrinsics": {
      "fx": 707.8207382131704,
      "fy": 707.8207382131704,
      "cx": 256.0,
      "cy": 256.0,
      "image_width": 512,
      "image_height": 512,
      "model": "SIMPLE_RADIAL",
      "dist": [
        0.09929064525525699,
        0.0,
        0.0,
        0.0
      ]
    },
    "visibility": [
      1.0,
      1.0,
      1.0,
      1.0,
      1.0,
      1.0,
      1.0,
      1.0,
      1.0
    ],
    "keypoints_2d_visibility": [
      1.0,
      1.0,
      1.0,
      1.0,
      1.0,
      1.0,
      1.0,
      1.0,
      1.0
    ],
    "pose_6dof": {
      "translation": [
        0.018658255191069804,
        0.03670151378116828,
        0.19690251049338248
      ],
      "rotation": [
        -0.8347183286548678,
        0.17208369353348693,
        0.5230989526155609,
        -0.5026109044717342,
        -0.6262125373858938,
        -0.5960202485879366,
        0.2250057566235347,
        -0.7604242634481052,
        0.60920222344118
      ]
    },
    "pose_9dof": {
      "translation": [
        0.018658255191069804,
        0.03670151378116828,
        0.19690251049338248
      ],
      "rotation": [
        -0.8347183286548678,
        0.17208369353348693,
        0.5230989526155609,
        -0.5026109044717342,
        -0.6262125373858938,
        -0.5960202485879366,
        0.2250057566235347,
        -0.7604242634481052,
        0.60920222344118
      ],
      "scale": [
        0.016098413116889584,
        0.046600566102149986,
        0.01572119515580733
      ]
    }
  },
  {
    "frame_id": 3,
    "image": "frame_000003.png",
    "keypoints_2d": [
      [
        0.5589217010200543,
        0.4073468089813973,
        0.2654339753310973
      ],
      [
        0.5532004369771137,
        0.5394240318881551,
        0.26945936679131577
      ],
      [
        0.6290332110981843,
        0.513956081787275,
        0.27221883789552237
      ],
      [
        0.5948028147188523,
        0.29806137426815615,
        0.2482072619309944
      ],
      [
        0.5110577554129825,
        0.3238213310345104,
        0.24544779082678783
      ],
      [
        0.5275500725549819,
        0.5029881676134718,
        0.28266068873120015
      ],
      [
        0.6000834370367366,
        0.47903676769510295,
        0.28542015983540675
      ],
      [
        0.5649384204200654,
        0.2706937808689346,
        0.2614085838708788
      ],
      [
        0.48514165392211617,
        0.2948489426469045,
        0.2586491127666722
      ]
    ],
    "keypoints_3d": [
      [
        0.011342035509262813,
        -0.01783512295786971,
        0.2654339753310973
      ],
      [
        0.010399896091013439,
        0.007706813297454568,
        0.26945936679131577
      ],
      [
        0.025467034725303386,
        0.002754484806514329,
        0.27221883789552237
      ],
      [
        0.0170335978283066,
        -0.03628311402903042,
        0.2482072619309944
      ],
      [
        0.00196645919401664,
        -0.03133078553809021,
        0.24544779082678783
      ],
      [
        0.005650473190219038,
        0.0006128681132910041,
        0.28266068873120015
      ],
      [
        0.020717611824508986,
        -0.004339460377649207,
        0.28542015983540675
      ],
      [
        0.012284174927512187,
        -0.043377059213193986,
        0.2614085838708788
      ],
      [
        -0.002782963706777754,
        -0.03842473072225375,
        0.2586491127666722
      ]
    ],
    "model_matrix": [
      -0.8347183286548678,
      0.17208369353348693,
      0.5230989526155609,
      0.018658255191069804,
      -0.5026109044717342,
      -0.6262125373858938,
      -0.5960202485879366,
      0.03670151378116828,
      0.2250057566235347,
      -0.7604242634481052,
      0.60920222344118,
      0.19690251049338248,
      0.0,
      0.0,
      0.0,
      1.0
    ],
    "view_matrix": [
      -0.6543583698827279,
      -0.5371454774579223,
      0.5322498095921868,
      -0.06153605061396504,
      0.34866767827696393,
      0.4102548244496621,
      0.842687266511562,
      -0.2053248649063018,
      -0.6710037063156731,
      0.7369977714093018,
      -0.08116841164118038,
      0.2668870638785287,
      0.0,
      0.0,
      0.0,
      1.0
    ],
    "camera_intrinsics": {
      "fx": 705.5976497178633,
      "fy": 705.5976497178633,
      "cx": 256.0,
      "cy": 256.0,
      "image_width": 512,
      "image_height": 512,
      "model": "SIMPLE_RADIAL",
      "dist": [
        0.09212789634879459,
        0.0,
        0.0,
        0.0
      ]
    },
    "visibility": [
      1.0,
      1.0,
      1.0,
      1.0,
      1.0,
      1.0,
      1.0,
      1.0,
      1.0
    ],
    "keypoints_2d_visibility": [
      1.0,
      1.0,
      1.0,
      1.0,
      1.0,
      1.0,
      1.0,
      1.0,
      1.0
    ],
    "pose_6dof": {
      "translation": [
        0.018658255191069804,
        0.03670151378116828,
        0.19690251049338248
      ],
      "rotation": [
        -0.8347183286548678,
        0.17208369353348693,
        0.5230989526155609,
        -0.5026109044717342,
        -0.6262125373858938,
        -0.5960202485879366,
        0.2250057566235347,
        -0.7604242634481052,
        0.60920222344118
      ]
    },
    "pose_9dof": {
      "translation": [
        0.018658255191069804,
        0.03670151378116828,
        0.19690251049338248
      ],
      "rotation": [
        -0.8347183286548678,
        0.17208369353348693,
        0.5230989526155609,
        -0.5026109044717342,
        -0.6262125373858938,
        -0.5960202485879366,
        0.2250057566235347,
        -0.7604242634481052,
        0.60920222344118
      ],
      "scale": [
        0.016098413116889584,
        0.046600566102149986,
        0.01572119515580733
      ]
    }
  },
  {
    "frame_id": 4,
    "image": "frame_000004.png",
    "keypoints_2d": [
      [
        0.5683086789426477,
        0.41207835641755874,
        0.26634051174975276
      ],
      [
        0.5627126565902472,
        0.5440917308207653,
        0.2702478674919874
      ],
      [
        0.6385653607520824,
        0.5186145004954429,
        0.2729212628895735
      ],
      [
        0.6040125571179523,
        0.30284038380922046,
        0.24916296714879227
      ],
      [
        0.5203809798472787,
        0.32865975418231996,
        0.2464895717512062
      ],
      [
        0.5370696616884398,
        0.5077772714743255,
        0.28351805635071325
      ],
      [
        0.6096011121162256,
        0.4838061260590557,
        0.28619145174829935
      ],
      [
        0.5742004154962127,
        0.27567080828919033,
        0.2624331560075181
      ],
      [
        0.4945334924592449,
        0.2998947612306788,
        0.25975976060993206
      ]
    ],
    "keypoints_3d": [
      [
        0.013160838226531878,
        -0.016939612150468103,
        0.26634051174975276
      ],
      [
        0.012263639366961197,
        0.008622264073167712,
        0.2702478674919874
      ],
      [
        0.027347556029623833,
        0.0036737976396090666,
        0.2729212628895735
      ],
      [
        0.018715070211855568,
        -0.035475101874176185,
        0.24916296714879227
      ],
      [
        0.0036311535491929323,
        -0.03052663544061754,
        0.2464895717512062
      ],
      [
        0.007606606241208173,
        0.0015958775732399788,
        0.28351805635071325
      ],
      [
        0.02269052290387081,
        -0.003352588860318667,
        0.28619145174829935
      ],
      [
        0.014058037086102558,
        -0.042501488374103946,
        0.2624331560075181
      ],
      [
        -0.0010258795765600848,
        -0.0375530219405453,
        0.25975976060993206
      ]
    ],
    "model_matrix": [
      -0.8347183286548678,
      0.17208369353348693,
      0.5230989526155609,
      0.018658255191069804,
      -0.5026109044717342,
      -0.6262125373858938,
      -0.5960202485879366,
      0.03670151378116828,
      0.2250057566235347,
      -0.7604242634481052,
      0.60920222344118,
      0.19690251049338248,
      0.0,
      0.0,
      0.0,
      1.0
    ],
    "view_matrix": [
      -0.6590374922896363,
      -0.5314918412565114,
      0.5321522399035368,
      -0.059818228927074175,
      0.34580850971130295,
      0.4141911686093418,
      0.8419395171016002,
      -0.2043732430555503,
      -0.6678967422946722,
      0.7388924810307596,
      -0.08917310754018404,
      0.2692422357765775,
      0.0,
      0.0,
      0.0,
      1.0
    ],
    "camera_intrinsics": {
      "fx": 707.3744752234898,
      "fy": 707.3744752234898,
      "cx": 256.0,
      "cy": 256.0,
      "image_width": 512,
      "image_height": 512,
      "model": "SIMPLE_RADIAL",
      "dist": [
        0.08881660370870335,
        0.0,
        0.0,
        0.0
      ]
    },
    "visibility": [
      1.0,
      1.0,
      1.0,
      1.0,
      1.0,
      1.0,
      1.0,
      1.0,
      1.0
    ],
    "keypoints_2d_visibility": [
      1.0,
      1.0,
      1.0,
      1.0,
      1.0,
      1.0,
      1.0,
      1.0,
      1.0
    ],
    "pose_6dof": {
      "translation": [
        0.018658255191069804,
        0.03670151378116828,
        0.19690251049338248
      ],
      "rotation": [
        -0.8347183286548678,
        0.17208369353348693,
        0.5230989526155609,
        -0.5026109044717342,
        -0.6262125373858938,
        -0.5960202485879366,
        0.2250057566235347,
        -0.7604242634481052,
        0.60920222344118
      ]
    },
    "pose_9dof": {
      "translation": [
        0.018658255191069804,
        0.03670151378116828,
        0.19690251049338248
      ],
      "rotation": [
        -0.8347183286548678,
        0.17208369353348693,
        0.5230989526155609,
        -0.5026109044717342,
        -0.6262125373858938,
        -0.5960202485879366,
        0.2250057566235347,
        -0.7604242634481052,
        0.60920222344118
      ],
      "scale": [
        0.016098413116889584,
        0.046600566102149986,
        0.01572119515580733
      ]
    }
  },
  {
    "frame_id": 5,
    "image": "frame_000005.png",
    "keypoints_2d": [
      [
        0.5672285146484366,
        0.4126688035748252,
        0.26654179016443225
      ],
      [
        0.5614607266106758,
        0.5442576789134781,
        0.27044032148014013
      ],
      [
        0.6371189658157109,
        0.5189767394902788,
        0.2731226295835234
      ],
      [
        0.6029680650458875,
        0.30379205899706585,
        0.24937301636625778
      ],
      [
        0.5195504030141395,
        0.32941843817775324,
        0.24669070826287448
      ],
      [
        0.5359683744180823,
        0.5080316681778737,
        0.28371056396260674
      ],
      [
        0.6083113941359394,
        0.4842453769690768,
        0.28639287206599007
      ],
      [
        0.5733107185281996,
        0.27665710389191034,
        0.2626432588487244
      ],
      [
        0.4938435696731366,
        0.30069880835789137,
        0.25996095074534115
      ]
    ],
    "keypoints_3d": [
      [
        0.012994061653188858,
        -0.01687954815794604,
        0.26654179016443225
      ],
      [
        0.012057053901062091,
        0.008682247178363328,
        0.27044032148014013
      ],
      [
        0.02714699989008986,
        0.003757040769613418,
        0.2731226295835234
      ],
      [
        0.018584092453733304,
        -0.03541240203096163,
        0.24937301636625778
      ],
      [
        0.0034941464647055345,
        -0.030487195622211694,
        0.24669070826287448
      ],
      [
        0.0074040308526443985,
        0.001653305715069553,
        0.28371056396260674
      ],
      [
        0.022493976841672182,
        -0.0032719006936803574,
        0.28639287206599007
      ],
      [
        0.013931069405315626,
        -0.04244134349425541,
        0.2626432588487244
      ],
      [
        -0.0011588765837121512,
        -0.037516137085505497,
        0.25996095074534115
      ]
    ],
    "model_matrix": [
      -0.8347183286548678,
      0.17208369353348693,
      0.5230989526155609,
      0.018658255191069804,
      -0.5026109044717342,
      -0.6262125373858938,
      -0.5960202485879366,
      0.03670151378116828,
      0.2250057566235347,
      -0.7604242634481052,
      0.60920222344118,
      0.19690251049338248,
      0.0,
      0.0,
      0.0,
      1.0
    ],
    "view_matrix": [
      -0.6592266132046202,
      -0.5324630396419849,
      0.5309457447404435,
      -0.05970827045668357,
      0.3446116064270237,
      0.4136441585871602,
      0.8426988494014372,
      -0.2044202852763802,
      -0.6683285966936865,
      0.7384995744629365,
      -0.08919229428324804,
      0.2694697700245304,
      0.0,
      0.0,
      0.0,
      1.0
    ],
    "camera_intrinsics": {
      "fx": 705.6137943279372,
      "fy": 705.6137943279372,
      "cx": 256.0,
      "cy": 256.0,
      "image_width": 512,
      "image_height": 512,
      "model": "SIMPLE_RADIAL",
      "dist": [
        0.09982120791763059,
        0.0,
        0.0,
        0.0
      ]
    },
    "visibility": [
      1.0,
      1.0,
      1.0,
      1.0,
      1.0,
      1.0,
      1.0,
      1.0,
      1.0
    ],
    "keypoints_2d_visibility": [
      1.0,
      1.0,
      1.0,
      1.0,
      1.0,
      1.0,
      1.0,
      1.0,
      1.0
    ],
    "pose_6dof": {
      "translation": [
        0.018658255191069804,
        0.03670151378116828,
        0.19690251049338248
      ],
      "rotation": [
        -0.8347183286548678,
        0.17208369353348693,
        0.5230989526155609,
        -0.5026109044717342,
        -0.6262125373858938,
        -0.5960202485879366,
        0.2250057566235347,
        -0.7604242634481052,
        0.60920222344118
      ]
    },
    "pose_9dof": {
      "translation": [
        0.018658255191069804,
        0.03670151378116828,
        0.19690251049338248
      ],
      "rotation": [
        -0.8347183286548678,
        0.17208369353348693,
        0.5230989526155609,
        -0.5026109044717342,
        -0.6262125373858938,
        -0.5960202485879366,
        0.2250057566235347,
        -0.7604242634481052,
        0.60920222344118
      ],
      "scale": [
        0.016098413116889584,
        0.046600566102149986,
        0.01572119515580733
      ]
    }
  },
  {
    "frame_id": 6,
    "image": "frame_000006.png",
    "keypoints_2d": [
      [
        0.5688597114398034,
        0.4122990521207333,
        0.26649587097423144
      ],
      [
        0.5630287986170937,
        0.5436038719814372,
        0.27040540233931315
      ],
      [
        0.638556773460697,
        0.5184214572397924,
        0.2730670351007493
      ],
      [
        0.6046130925307658,
        0.3036137371213443,
        0.24931302331978022
      ],
      [
        0.5213305004859713,
        0.3291823743001724,
        0.24665139055834412
      ],
      [
        0.5376089629846449,
        0.5074468194658571,
        0.28367871862868266
      ],
      [
        0.6098184759955854,
        0.4837498390114655,
        0.2863403513901188
      ],
      [
        0.5750247976997519,
        0.27651598423073775,
        0.26258633960914973
      ],
      [
        0.4956913636820479,
        0.3005055288697215,
        0.2599247068477136
      ]
    ],
    "keypoints_3d": [
      [
        0.013337555873318724,
        -0.016986947345913272,
        0.26649587097423144
      ],
      [
        0.012391938231063132,
        0.008572850825092793,
        0.27040540233931315
      ],
      [
        0.02748780278149264,
        0.003654569682215919,
        0.2730670351007493
      ],
      [
        0.01891597443316337,
        -0.03551025438373914,
        0.24931302331978022
      ],
      [
        0.0038201098827338603,
        -0.03059197324086227,
        0.24665139055834412
      ],
      [
        0.0077591373134740654,
        0.00153635969191257,
        0.28367871862868266
      ],
      [
        0.022855001863903587,
        -0.0033819214509643036,
        0.2863403513901188
      ],
      [
        0.014283173515574316,
        -0.042546745516919365,
        0.26258633960914973
      ],
      [
        -0.0008126910348552063,
        -0.03762846437404249,
        0.2599247068477136
      ]
    ],
    "model_matrix": [
      -0.8347183286548678,
      0.17208369353348693,
      0.5230989526155609,
      0.018658255191069804,
      -0.5026109044717342,
      -0.6262125373858938,
      -0.5960202485879366,
      0.03670151378116828,
      0.2250057566235347,
      -0.7604242634481052,
      0.60920222344118,
      0.19690251049338248,
      0.0,
      0.0,
      0.0,
      1.0
    ],
    "view_matrix": [
      -0.6602392997133629,
      -0.5317612865850632,
      0.5303904233707539,
      -0.05926229250091211,
      0.3445207842834345,
      0.41307965560967275,
      0.8430128274932249,
      -0.20456709484232052,
      -0.6673750791801687,
      0.7393207235096233,
      -0.08952860703971377,
      0.2694421432742389,
      0.0,
      0.0,
      0.0,
      1.0
    ],
    "camera_intrinsics": {
      "fx": 703.9433891994614,
      "fy": 703.9433891994614,
      "cx": 256.0,
      "cy": 256.0,
      "image_width": 512,
      "image_height": 512,
      "model": "SIMPLE_RADIAL",
      "dist": [
        0.10930193797451833,
        0.0,
        0.0,
        0.0
      ]
    },
    "visibility": [
      1.0,
      1.0,
      1.0,
      1.0,
      1.0,
      1.0,
      1.0,
      1.0,
      1.0
    ],
    "keypoints_2d_visibility": [
      1.0,
      1.0,
      1.0,
      1.0,
      1.0,
      1.0,
      1.0,
      1.0,
      1.0
    ],
    "pose_6dof": {
      "translation": [
        0.018658255191069804,
        0.03670151378116828,
        0.19690251049338248
      ],
      "rotation": [
        -0.8347183286548678,
        0.17208369353348693,
        0.5230989526155609,
        -0.5026109044717342,
        -0.6262125373858938,
        -0.5960202485879366,
        0.2250057566235347,
        -0.7604242634481052,
        0.60920222344118
      ]
    },
    "pose_9dof": {
      "translation": [
        0.018658255191069804,
        0.03670151378116828,
        0.19690251049338248
      ],
      "rotation": [
        -0.8347183286548678,
        0.17208369353348693,
        0.5230989526155609,
        -0.5026109044717342,
        -0.6262125373858938,
        -0.5960202485879366,
        0.2250057566235347,
        -0.7604242634481052,
        0.60920222344118
      ],
      "scale": [
        0.016098413116889584,
        0.046600566102149986,
        0.01572119515580733
      ]
    }
  },
  {
    "frame_id": 7,
    "image": "frame_000007.png",
    "keypoints_2d": [
      [
        0.5695170884465041,
        0.4125132073209872,
        0.26752952799075314
      ],
      [
        0.5637988005236848,
        0.5438663028765637,
        0.2714089928248669
      ],
      [
        0.639346292765816,
        0.5186405097813059,
        0.2740575551002384
      ],
      [
        0.6050760077335708,
        0.3038037128394461,
        0.2503623071372332
      ],
      [
        0.5218342505724151,
        0.3293959100029382,
        0.2477137448618617
      ],
      [
        0.5384003492794798,
        0.5077802571131349,
        0.2846967488442731
      ],
      [
        0.6106399604750755,
        0.4840374084827491,
        0.2873453111196446
      ],
      [
        0.5755482086855963,
        0.27678731078176266,
        0.26365006315663936
      ],
      [
        0.49624442117738854,
        0.3008062185255616,
        0.2610015008812679
      ]
    ],
    "keypoints_3d": [
      [
        0.013463337435675467,
        -0.01694352046848069,
        0.26752952799075314
      ],
      [
        0.012539252924329343,
        0.008621645894741597,
        0.2714089928248669
      ],
      [
        0.027635276733108276,
        0.0036968019459142354,
        0.2740575551002384
      ],
      [
        0.019007997082447277,
        -0.035491436478922334,
        0.2503623071372332
      ],
      [
        0.003911973273668358,
        -0.03056659253009497,
        0.2477137448618617
      ],
      [
        0.007918677788903657,
        0.0016043955419609568,
        0.2846967488442731
      ],
      [
        0.023014701597682576,
        -0.0033204484068664053,
        0.2873453111196446
      ],
      [
        0.014387421947021577,
        -0.042508686831702974,
        0.26365006315663936
      ],
      [
        -0.0007086018617573422,
        -0.03758384288287561,
        0.2610015008812679
      ]
    ],
    "model_matrix": [
      -0.8347183286548678,
      0.17208369353348693,
      0.5230989526155609,
      0.018658255191069804,
      -0.5026109044717342,
      -0.6262125373858938,
      -0.5960202485879366,
      0.03670151378116828,
      0.2250057566235347,
      -0.7604242634481052,
      0.60920222344118,
      0.19690251049338248,
      0.0,
      0.0,
      0.0,
      1.0
    ],
    "view_matrix": [
      -0.6608591189395857,
      -0.5305576086675677,
      0.5308237455119613,
      -0.05925444521239332,
      0.3441344012163723,
      0.4143286475202932,
      0.8425575860102702,
      -0.20447266043396686,
      -0.6669608225479546,
      0.7394865757598018,
      -0.09122973998208772,
      0.270796941303193,
      0.0,
      0.0,
      0.0,
      1.0
    ],
    "camera_intrinsics": {
      "fx": 706.8064352018374,
      "fy": 706.8064352018374,
      "cx": 256.0,
      "cy": 256.0,
      "image_width": 512,
      "image_height": 512,
      "model": "SIMPLE_RADIAL",
      "dist": [
        0.0985696325695288,
        0.0,
        0.0,
        0.0
      ]
    },
    "visibility": [
      1.0,
      1.0,
      1.0,
      1.0,
      1.0,
      1.0,
      1.0,
      1.0,
      1.0
    ],
    "keypoints_2d_visibility": [
      1.0,
      1.0,
      1.0,
      1.0,
      1.0,
      1.0,
      1.0,
      1.0,
      1.0
    ],
    "pose_6dof": {
      "translation": [
        0.018658255191069804,
        0.03670151378116828,
        0.19690251049338248
      ],
      "rotation": [
        -0.8347183286548678,
        0.17208369353348693,
        0.5230989526155609,
        -0.5026109044717342,
        -0.6262125373858938,
        -0.5960202485879366,
        0.2250057566235347,
        -0.7604242634481052,
        0.60920222344118
      ]
    },
    "pose_9dof": {
      "translation": [
        0.018658255191069804,
        0.03670151378116828,
        0.19690251049338248
      ],
      "rotation": [
        -0.8347183286548678,
        0.17208369353348693,
        0.5230989526155609,
        -0.5026109044717342,
        -0.6262125373858938,
        -0.5960202485879366,
        0.2250057566235347,
        -0.7604242634481052,
        0.60920222344118
      ],
      "scale": [
        0.016098413116889584,
        0.046600566102149986,
        0.01572119515580733
      ]
    }
  },
  {
    "frame_id": 8,
    "image": "frame_000008.png",
    "keypoints_2d": [
      [
        0.5714433264647043,
        0.4110369920203598,
        0.26768619953990014
      ],
      [
        0.5658022317791946,
        0.5428200596900449,
        0.2715233182484675
      ],
      [
        0.6415543164366144,
        0.517504910225154,
        0.2741600877617791
      ],
      [
        0.6069869400146659,
        0.3018451414343598,
        0.25054321928247525
      ],
      [
        0.5235655010398164,
        0.3274899958622173,
        0.24790644976916365
      ],
      [
        0.5403084308514751,
        0.5068046302581295,
        0.28482917979732497
      ],
      [
        0.6127472492854644,
        0.48297790779680283,
        0.2874659493106366
      ],
      [
        0.5773709639208766,
        0.2749946965267439,
        0.26384908083133274
      ],
      [
        0.4979007280413901,
        0.2990651896269768,
        0.26121231131802114
      ]
    ],
    "keypoints_3d": [
      [
        0.013797873502211302,
        -0.01718145544476732,
        0.26768619953990014
      ],
      [
        0.012894322367835928,
        0.008390834756276444,
        0.2715233182484675
      ],
      [
        0.027990917709345767,
        0.0034614168889804953,
        0.2741600877617791
      ],
      [
        0.01930842944613581,
        -0.03576192669403566,
        0.25054321928247525
      ],
      [
        0.004211834104625972,
        -0.03083250882673974,
        0.24790644976916365
      ],
      [
        0.008287317558286794,
        0.0013990158045010248,
        0.28482917979732497
      ],
      [
        0.023383912899796633,
        -0.003530402062794924,
        0.2874659493106366
      ],
      [
        0.014701424636586677,
        -0.04275374564581108,
        0.26384908083133274
      ],
      [
        -0.0003951707049231479,
        -0.03782432777851516,
        0.26121231131802114
      ]
    ],
    "model_matrix": [
      -0.8347183286548678,
      0.17208369353348693,
      0.5230989526155609,
      0.018658255191069804,
      -0.5026109044717342,
      -0.6262125373858938,
      -0.5960202485879366,
      0.03670151378116828,
      0.2250057566235347,
      -0.7604242634481052,
      0.60920222344118,
      0.19690251049338248,
      0.0,
      0.0,
      0.0,
      1.0
    ],
    "view_matrix": [
      -0.6615441564575659,
      -0.5293190894677351,
      0.5312067682003829,
      -0.05902800119943859,
      0.34339573782068844,
      0.4159073417111928,
      0.842081023629742,
      -0.20466091737758738,
      -0.6666623555469684,
      0.7394879205475753,
      -0.09337515226649173,
      0.27137043168796493,
      0.0,
      0.0,
      0.0,
      1.0
    ],
    "camera_intrinsics": {
      "fx": 709.2600792139327,
      "fy": 709.2600792139327,
      "cx": 256.0,
      "cy": 256.0,
      "image_width": 512,
      "image_height": 512,
      "model": "SIMPLE_RADIAL",
      "dist": [
        0.08154873548491001,
        0.0,
        0.0,
        0.0
      ]
    },
    "visibility": [
      1.0,
      1.0,
      1.0,
      1.0,
      1.0,
      1.0,
      1.0,
      1.0,
      1.0
    ],
    "keypoints_2d_visibility": [
      1.0,
      1.0,
      1.0,
      1.0,
      1.0,
      1.0,
      1.0,
      1.0,
      1.0
    ],
    "pose_6dof": {
      "translation": [
        0.018658255191069804,
        0.03670151378116828,
        0.19690251049338248
      ],
      "rotation": [
        -0.8347183286548678,
        0.17208369353348693,
        0.5230989526155609,
        -0.5026109044717342,
        -0.6262125373858938,
        -0.5960202485879366,
        0.2250057566235347,
        -0.7604242634481052,
        0.60920222344118
      ]
    },
    "pose_9dof": {
      "translation": [
        0.018658255191069804,
        0.03670151378116828,
        0.19690251049338248
      ],
      "rotation": [
        -0.8347183286548678,
        0.17208369353348693,
        0.5230989526155609,
        -0.5026109044717342,
        -0.6262125373858938,
        -0.5960202485879366,
        0.2250057566235347,
        -0.7604242634481052,
        0.60920222344118
      ],
      "scale": [
        0.016098413116889584,
        0.046600566102149986,
        0.01572119515580733
      ]
    }
  },
  {
    "frame_id": 9,
    "image": "frame_000009.png",
    "keypoints_2d": [
      [
        0.5729780954777851,
        0.41159630800977387,
        0.2682964950433996
      ],
      [
        0.5671837286748296,
        0.5429282879511156,
        0.2721597531531057
      ],
      [
        0.6427379857613991,
        0.5177728481733822,
        0.2747811748048092
      ],
      [
        0.6086075603260425,
        0.3028624456408201,
        0.2511311802305171
      ],
      [
        0.5254052459938341,
        0.32839215079578155,
        0.2485097585788137
      ],
      [
        0.5417864267244962,
        0.5069294249085354,
        0.28546180985628206
      ],
      [
        0.6140350950368543,
        0.48324688517401754,
        0.2880832315079855
      ],
      [
        0.5790869533571107,
        0.27593492029719485,
        0.26443323693369347
      ],
      [
        0.4998181602166746,
        0.2999018346074571,
        0.26181181528199005
      ]
    ],
    "keypoints_3d": [
      [
        0.014139068525628795,
        -0.017127685379908025,
        0.2682964950433996
      ],
      [
        0.013208307730363841,
        0.008439692895586992,
        0.2721597531531057
      ],
      [
        0.02831247033820815,
        0.003525293102955046,
        0.2747811748048092
      ],
