[
  {
    "frame_id": 0,
    "image": "frame_000000.png",
    "keypoints_2d": [
      [
        0.44971313602003987,
        0.3406323583831341,
        0.18876082203418607
      ],
      [
        0.47133306184146434,
        0.515627953935634,
        0.21138852310595757
      ],
      [
        0.5450072608896472,
        0.43177810752492707,
        0.21942015320799516
      ],
      [
        0.5526185203266805,
        0.18967613987543713,
        0.15897473035408607
      ],
      [
        0.44882194806634307,
        0.2974043265554711,
        0.1509431002520485
      ],
      [
        0.3754133565809509,
        0.4482707261322584,
        0.21854691371428603
      ],
      [
        0.45029022742367325,
        0.36928463561822267,
        0.22657854381632364
      ],
      [
        0.42094870882825575,
        0.11101155136822205,
        0.16613312096241456
      ],
      [
        0.31496105228738647,
        0.21082454974845988,
        0.15810149086037695
      ]
    ],
    "keypoints_3d": [
      [
        -0.008580166455026364,
        -0.02719200968989861,
        0.18876082203418607
      ],
      [
        -0.005499036709360167,
        0.002997832970824359,
        0.21138852310595757
      ],
      [
        0.00895418566187621,
        -0.013572732029264113,
        0.21942015320799516
      ],
      [
        0.007486178362786047,
        -0.044150609950595776,
        0.15897473035408607
      ],
      [
        -0.006967044008450329,
        -0.02758004495050731,
        0.1509431002520485
      ],
      [
        -0.02464651127283879,
        -0.010233409429201448,
        0.21854691371428603
      ],
      [
        -0.010193288901602399,
        -0.02680397442928991,
        0.22657854381632364
      ],
      [
        -0.011661296200692547,
        -0.057381852350621584,
        0.16613312096241456
      ],
      [
        -0.026114518571928938,
        -0.04081128735053311,
        0.15810149086037695
      ]
    ],
    "model_matrix": [
      0.9092448833653763,
      0.043694477358408465,
      0.4139619967125712,
      -0.045334940977945964,
      -0.31072198948630386,
      -0.5905121809390816,
      0.7448135400301494,
      -0.02509828854865931,
      0.2769938398657207,
      -0.8058449955239192,
      -0.5233433441494201,
      0.19622247675540375,
      0.0,
      0.0,
      0.0,
      1.0
    ],
    "view_matrix": [
      0.8859514610939472,
      0.4066224604372501,
      -0.2230430076318405,
      0.0855559699659068,
      -0.43840936641381884,
      0.8911577003685875,
      -0.11676977568876562,
      -0.0017878847384147684,
      0.1512852802692127,
      0.2012364970419821,
      0.967789561956595,
      0.010767958130153566,
      0.0,
      0.0,
      0.0,
      1.0
    ],
    "camera_intrinsics": {
      "fx": 564.1285980870766,
      "fy": 564.1285980870766,
      "cx": 256.0,
      "cy": 256.0,
      "image_width": 512,
      "image_height": 512,
      "model": "SIMPLE_RADIAL",
      "dist": [
        0.17822031917052608,
        0.0,
        0.0,
        0.0
      ]
    },
    "visibility": [
      1.0,
      1.0,
      1.0,
      1.0,
      1.0,
      1.0,
      1.0,
      1.0,
      1.0
    ],
    "keypoints_2d_visibility": [
      1.0,
      1.0,
      1.0,
      1.0,
      1.0,
      1.0,
      1.0,
      1.0,
      1.0
    ],
    "pose_6dof": {
      "translation": [
        -0.045334940977945964,
        -0.02509828854865931,
        0.19622247675540375
      ],
      "rotation": [
        0.9092448833653763,
        0.043694477358408465,
        0.4139619967125712,
        -0.31072198948630386,
        -0.5905121809390816,
        0.7448135400301494,
        0.2769938398657207,
        -0.8058449955239192,
        -0.5233433441494201
      ]
    },
    "pose_9dof": {
      "translation": [
        -0.045334940977945964,
        -0.02509828854865931,
        0.19622247675540375
      ],
      "rotation": [
        0.9092448833653763,
        0.043694477358408465,
        0.4139619967125712,
        -0.31072198948630386,
        -0.5905121809390816,
        0.7448135400301494,
        0.2769938398657207,
        -0.8058449955239192,
        -0.5233433441494201
      ],
      "scale": [
        0.023409108129754143,
        0.06775552234017473,
        0.024350238473343663
      ]
    }
  },
  {
    "frame_id": 1,
    "image": "frame_000001.png",
    "keypoints_2d": [
      [
        0.45148057190657437,
        0.3400484860823999,
        0.1882498653261583
      ],
      [
        0.47343799762627037,
        0.5150969118553715,
        0.21091119033668107
      ],
      [
        0.5471281968261834,
        0.4310590365510556,
        0.2188778583857293
      ],
      [
        0.554196536525448,
        0.1886984068171622,
        0.1583938215585967
      ],
      [
        0.4502130828780861,
        0.2969049293484243,
        0.15042715350954847
      ],
      [
        0.37746015371293196,
        0.44777470264572905,
        0.21810590909371994
      ],
      [
        0.4523070973837668,
        0.3686107113097594,
        0.22607257714276818
      ],
      [
        0.4222694219633082,
        0.11010808438232811,
        0.16558854031563555
      ],
      [
        0.31618157458197516,
        0.21036484184685794,
        0.15762187226658733
      ]
    ],
    "keypoints_3d": [
      [
        -0.00826918934992768,
        -0.02726061306504645,
        0.1882498653261583
      ],
      [
        -0.005091822392978992,
        0.0028940135148108103,
        0.21091119033668107
      ],
      [
        0.009367253428603978,
        -0.013702783465706558,
        0.2188778583857293
      ],
      [
        0.007693960286866128,
        -0.044193637614873944,
        0.1583938215585967
      ],
      [
        -0.006765115534716842,
        -0.02759684063435659,
        0.15042715350954847
      ],
      [
        -0.024232338986721502,
        -0.010327588515218943,
        0.21810590909371994
      ],
      [
        -0.009773263165138532,
        -0.026924385495736305,
        0.22607257714276818
      ],
      [
        -0.011446556306876382,
        -0.0574152396449037,
        0.16558854031563555
      ],
      [
        -0.025905632128459352,
        -0.040818442664386334,
        0.15762187226658733
      ]
    ],
    "model_matrix": [
      0.9092448833653763,
      0.043694477358408465,
      0.4139619967125712,
      -0.045334940977945964,
      -0.31072198948630386,
      -0.5905121809390816,
      0.7448135400301494,
      -0.02509828854865931,
      0.2769938398657207,
      -0.8058449955239192,
      -0.5233433441494201,
      0.19622247675540375,
      0.0,
      0.0,
      0.0,
      1.0
    ],
    "view_matrix": [
      0.8859281445016096,
      0.4081210724986746,
      -0.22038265122841869,
      0.08538148089007665,
      -0.4395360250567478,
      0.8904525753713,
      -0.11790798824478897,
      -0.0017019196604698792,
      0.148119564734876,
      0.20132411976003023,
      0.9682609118133396,
      0.010023193639175964,
      0.0,
      0.0,
      0.0,
      1.0
    ],
    "camera_intrinsics": {
      "fx": 563.245564374199,
      "fy": 563.245564374199,
      "cx": 256.0,
      "cy": 256.0,
      "image_width": 512,
      "image_height": 512,
      "model": "SIMPLE_RADIAL",
      "dist": [
        0.17728722708058162,
        0.0,
        0.0,
        0.0
      ]
    },
    "visibility": [
      1.0,
      1.0,
      1.0,
      1.0,
      1.0,
      1.0,
      1.0,
      1.0,
      1.0
    ],
    "keypoints_2d_visibility": [
      1.0,
      1.0,
      1.0,
      1.0,
      1.0,
      1.0,
      1.0,
      1.0,
      1.0
    ],
    "pose_6dof": {
      "translation": [
        -0.045334940977945964,
        -0.02509828854865931,
        0.19622247675540375
      ],
      "rotation": [
        0.9092448833653763,
        0.043694477358408465,
        0.4139619967125712,
        -0.31072198948630386,
        -0.5905121809390816,
        0.7448135400301494,
        0.2769938398657207,
        -0.8058449955239192,
        -0.5233433441494201
      ]
    },
    "pose_9dof": {
      "translation": [
        -0.045334940977945964,
        -0.02509828854865931,
        0.19622247675540375
      ],
      "rotation": [
        0.9092448833653763,
        0.043694477358408465,
        0.4139619967125712,
        -0.31072198948630386,
        -0.5905121809390816,
        0.7448135400301494,
        0.2769938398657207,
        -0.8058449955239192,
        -0.5233433441494201
      ],
      "scale": [
        0.023409108129754143,
        0.06775552234017473,
        0.024350238473343663
      ]
    }
  },
  {
    "frame_id": 2,
    "image": "frame_000002.png",
    "keypoints_2d": [
      [
        0.45382322001391606,
        0.33658232550372214,
        0.18783900516054397
      ],
      [
        0.4760928680454679,
        0.5119495015634972,
        0.2105890281590847
      ],
      [
        0.5499292331970999,
        0.4277041577884171,
        0.21844569578639997
      ],
      [
        0.556505084895018,
        0.18442183584658484,
        0.15786666106602715
      ],
      [
        0.45209363684025744,
        0.2933392242429801,
        0.15000999343871188
      ],
      [
        0.380030434124369,
        0.4445621804888125,
        0.2178113492550608
      ],
      [
        0.45495525200209624,
        0.3651759666534807,
        0.22566801688237606
      ],
      [
        0.4241525221300084,
        0.1055891762918828,
        0.16508898216200324
      ],
      [
        0.3177646405186827,
        0.2065616144840977,
        0.15723231453468797
      ]
    ],
    "keypoints_3d": [
      [
        -0.007852477381387488,
        -0.027789585871680247,
        0.18783900516054397
      ],
      [
        -0.004576833159687724,
        0.002287638479662419,
        0.2105890281590847
      ],
      [
        0.009904834668609072,
        -0.014341865846543194,
        0.21844569578639997
      ],
      [
        0.007990991056344834,
        -0.044629298266039875,
        0.15786666106602715
      ],
      [
        -0.0064906767719519615,
        -0.02799979393983427,
        0.15000999343871188
      ],
      [
        -0.023695945819119796,
        -0.01094987347732062,
        0.2178113492550608
      ],
      [
        -0.009214277990823014,
        -0.027579377803526223,
        0.22566801688237606
      ],
      [
        -0.011128121603087238,
        -0.05786681022302291,
        0.16508898216200324
      ],
      [
        -0.025609789431384034,
        -0.041237305896817296,
        0.15723231453468797
      ]
    ],
    "model_matrix": [
      0.9092448833653763,
      0.043694477358408465,
      0.4139619967125712,
      -0.045334940977945964,
      -0.31072198948630386,
      -0.5905121809390816,
      0.7448135400301494,
      -0.02509828854865931,
      0.2769938398657207,
      -0.8058449955239192,
      -0.5233433441494201,
      0.19622247675540375,
      0.0,
      0.0,
      0.0,
      1.0
    ],
    "view_matrix": [
      0.8862866508363668,
      0.4092629812702355,
      -0.21679433735929296,
      0.08513899784321255,
      -0.44040476999637335,
      0.889600474449495,
      -0.12105632748301529,
      -0.0016738883194835428,
      0.14331647188546612,
      0.20276786732870763,
      0.9686823942166339,
      0.009348116814708898,
      0.0,
      0.0,
      0.0,
      1.0
    ],
    "camera_intrinsics": {
      "fx": 563.146994232672,
      "fy": 563.146994232672,
      "cx": 256.0,
      "cy": 256.0,
      "image_width": 512,
      "image_height": 512,
      "model": "SIMPLE_RADIAL",
      "dist": [
        0.18070712359858251,
        0.0,
        0.0,
        0.0
      ]
    },
    "visibility": [
      1.0,
      1.0,
      1.0,
      1.0,
      1.0,
      1.0,
      1.0,
      1.0,
      1.0
    ],
    "keypoints_2d_visibility": [
      1.0,
      1.0,
      1.0,
      1.0,
      1.0,
      1.0,
      1.0,
      1.0,
      1.0
    ],
    "pose_6dof": {
      "translation": [
        -0.045334940977945964,
        -0.02509828854865931,
        0.19622247675540375
      ],
      "rotation": [
        0.9092448833653763,
        0.043694477358408465,
        0.4139619967125712,
        -0.31072198948630386,
        -0.5905121809390816,
        0.7448135400301494,
        0.2769938398657207,
        -0.8058449955239192,
        -0.5233433441494201
      ]
    },
    "pose_9dof": {
      "translation": [
        -0.045334940977945964,
        -0.02509828854865931,
        0.19622247675540375
      ],
      "rotation": [
        0.9092448833653763,
        0.043694477358408465,
        0.4139619967125712,
        -0.31072198948630386,
        -0.5905121809390816,
        0.7448135400301494,
        0.2769938398657207,
        -0.8058449955239192,
        -0.5233433441494201
      ],
      "scale": [
        0.023409108129754143,
        0.06775552234017473,
        0.024350238473343663
      ]
    }
  },
  {
    "frame_id": 3,
    "image": "frame_000003.png",
    "keypoints_2d": [
      [
        0.45351375745270645,
        0.33333257250020454,
        0.18775775566334826
      ],
      [
        0.4760667184848747,
        0.5091544157891235,
        0.21061860887424236
      ],
      [
        0.5501057202281876,
        0.42453150942170614,
        0.21840451481891043
      ],
      [
        0.5563427750237703,
        0.1807312109748549,
        0.1577133531917893
      ],
      [
        0.45157759733544717,
        0.29028958742797906,
        0.14992744724712123
      ],
      [
        0.3796742595597753,
        0.44157288094327335,
        0.21780215813490725
      ],
      [
        0.4547830966292615,
        0.3617924991525298,
        0.2255880640795753
      ],
      [
        0.4234673506968952,
        0.10159533659134723,
        0.16489690245245417
      ],
      [
        0.31675751916080275,
        0.20320442495509572,
        0.15711099650778612
      ]
    ],
    "keypoints_3d": [
      [
        -0.007877174949280641,
        -0.0282420865361783,
        0.18775775566334826
      ],
      [
        -0.004568208242870853,
        0.0017473273625312178,
        0.21061860887424236
      ],
      [
        0.009906688613507922,
        -0.014921307046096854,
        0.21840451481891043
      ],
      [
        0.007937796458993548,
        -0.04497986941398913,
        0.1577133531917893
      ],
      [
        -0.006537100397385212,
        -0.02831123500536107,
        0.14992744724712123
      ],
      [
        -0.023692146357554844,
        -0.011504303658367462,
        0.21780215813490725
      ],
      [
        -0.00921724950117607,
        -0.02817293806699553,
        0.2255880640795753
      ],
      [
        -0.011186141655690443,
        -0.05823150043488781,
        0.16489690245245417
      ],
      [
        -0.025661038512069217,
        -0.04156286602625974,
        0.15711099650778612
      ]
    ],
    "model_matrix": [
      0.9092448833653763,
      0.043694477358408465,
      0.4139619967125712,
      -0.045334940977945964,
      -0.31072198948630386,
      -0.5905121809390816,
      0.7448135400301494,
      -0.02509828854865931,
      0.2769938398657207,
      -0.8058449955239192,
      -0.5233433441494201,
      0.19622247675540375,
      0.0,
      0.0,
      0.0,
      1.0
    ],
    "view_matrix": [
      0.8860701904965024,
      0.40998022141930945,
      -0.21632345124481056,
      0.08503009011915424,
      -0.4415370176983152,
      0.888557057291644,
      -0.12454484308590094,
      -0.0015193821798278153,
      0.14115480691627047,
      0.20587028435932178,
      0.9683453653021954,
      0.009312866369882584,
      0.0,
      0.0,
      0.0,
      1.0
    ],
    "camera_intrinsics": {
      "fx": 564.9139432149493,
      "fy": 564.9139432149493,
      "cx": 256.0,
      "cy": 256.0,
      "image_width": 512,
      "image_height": 512,
      "model": "SIMPLE_RADIAL",
      "dist": [
        0.17406164358883347,
        0.0,
        0.0,
        0.0
      ]
    },
    "visibility": [
      1.0,
      1.0,
      1.0,
      1.0,
      1.0,
      1.0,
      1.0,
      1.0,
      1.0
    ],
    "keypoints_2d_visibility": [
      1.0,
      1.0,
      1.0,
      1.0,
      1.0,
      1.0,
      1.0,
      1.0,
      1.0
    ],
    "pose_6dof": {
      "translation": [
        -0.045334940977945964,
        -0.02509828854865931,
        0.19622247675540375
      ],
      "rotation": [
        0.9092448833653763,
        0.043694477358408465,
        0.4139619967125712,
        -0.31072198948630386,
        -0.5905121809390816,
        0.7448135400301494,
        0.2769938398657207,
        -0.8058449955239192,
        -0.5233433441494201
      ]
    },
    "pose_9dof": {
      "translation": [
        -0.045334940977945964,
        -0.02509828854865931,
        0.19622247675540375
      ],
      "rotation": [
        0.9092448833653763,
        0.043694477358408465,
        0.4139619967125712,
        -0.31072198948630386,
        -0.5905121809390816,
        0.7448135400301494,
        0.2769938398657207,
        -0.8058449955239192,
        -0.5233433441494201
      ],
      "scale": [
        0.023409108129754143,
        0.06775552234017473,
        0.024350238473343663
      ]
    }
  },
  {
    "frame_id": 4,
    "image": "frame_000004.png",
    "keypoints_2d": [
      [
        0.45547030794366195,
        0.3297386823774262,
        0.185816245090326
      ],
      [
        0.4786862394923996,
        0.5060715967916991,
        0.2088364094826917
      ],
      [
        0.5526769589739101,
        0.42078171843239803,
        0.2165049049167909
      ],
      [
        0.558710247865139,
        0.17554750193360308,
        0.15565234163795155
      ],
      [
        0.45347208049637927,
        0.2867213774615844,
        0.14798384620385233
      ],
      [
        0.3817372604278185,
        0.43849636483830823,
        0.21598014854270045
      ],
      [
        0.456775391814981,
        0.35805285511939405,
        0.22364864397679965
      ],
      [
        0.42441906770996884,
        0.09608283753426367,
        0.1627960806979603
      ],
      [
        0.3172729787490651,
        0.1992306611356613,
        0.15512758526386108
      ]
    ],
    "keypoints_3d": [
      [
        -0.007505130209701019,
        -0.02869620919039794,
        0.185816245090326
      ],
      [
        -0.004054856251414704,
        0.0011550965958405722,
        0.2088364094826917
      ],
      [
        0.010376821283445567,
        -0.015605189939225892,
        0.2165049049167909
      ],
      [
        0.00820095263460277,
        -0.04532121163809659,
        0.15565234163795155
      ],
      [
        -0.006230724900257514,
        -0.028560925103030134,
        0.14798384620385233
      ],
      [
        -0.023211213054004823,
        -0.012071206742699294,
        0.21598014854270045
      ],
      [
        -0.008779535519144538,
        -0.028831493277765748,
        0.22364864397679965
      ],
      [
        -0.010955404167987348,
        -0.05854751497663645,
        0.1627960806979603
      ],
      [
        -0.025387081702847633,
        -0.041787228441569985,
        0.15512758526386108
      ]
    ],
    "model_matrix": [
      0.9092448833653763,
      0.043694477358408465,
      0.4139619967125712,
      -0.045334940977945964,
      -0.31072198948630386,
      -0.5905121809390816,
      0.7448135400301494,
      -0.02509828854865931,
      0.2769938398657207,
      -0.8058449955239192,
      -0.5233433441494201,
      0.19622247675540375,
      0.0,
      0.0,
      0.0,
      1.0
    ],
    "view_matrix": [
      0.8848091395640437,
      0.4133493725362178,
      -0.21506994854663347,
      0.08518355971198098,
      -0.44530660354425294,
      0.8860135381161942,
      -0.12915896838665433,
      -0.0013028416695052298,
      0.1371671075142218,
      0.2100531039969137,
      0.9680200814639351,
      0.00735938329443384,
      0.0,
      0.0,
      0.0,
      1.0
    ],
    "camera_intrinsics": {
      "fx": 561.9919554124451,
      "fy": 561.9919554124451,
      "cx": 256.0,
      "cy": 256.0,
      "image_width": 512,
      "image_height": 512,
      "model": "SIMPLE_RADIAL",
      "dist": [
        0.17343091356608187,
        0.0,
        0.0,
        0.0
      ]
    },
    "visibility": [
      1.0,
      1.0,
      1.0,
      1.0,
      1.0,
      1.0,
      1.0,
      1.0,
      1.0
    ],
    "keypoints_2d_visibility": [
      1.0,
      1.0,
      1.0,
      1.0,
      1.0,
      1.0,
      1.0,
      1.0,
      1.0
    ],
    "pose_6dof": {
      "translation": [
        -0.045334940977945964,
        -0.02509828854865931,
        0.19622247675540375
      ],
      "rotation": [
        0.9092448833653763,
        0.043694477358408465,
        0.4139619967125712,
        -0.31072198948630386,
        -0.5905121809390816,
        0.7448135400301494,
        0.2769938398657207,
        -0.8058449955239192,
        -0.5233433441494201
      ]
    },
    "pose_9dof": {
      "translation": [
        -0.045334940977945964,
        -0.02509828854865931,
        0.19622247675540375
      ],
      "rotation": [
        0.9092448833653763,
        0.043694477358408465,
        0.4139619967125712,
        -0.31072198948630386,
        -0.5905121809390816,
        0.7448135400301494,
        0.2769938398657207,
        -0.8058449955239192,
        -0.5233433441494201
      ],
      "scale": [
        0.023409108129754143,
        0.06775552234017473,
        0.024350238473343663
      ]
    }
  },
  {
    "frame_id": 5,
    "image": "frame_000005.png",
    "keypoints_2d": [
      [
        0.4538081274979947,
        0.32368021358458854,
        0.185293389142249
      ],
      [
        0.4776004294780518,
        0.5006579373999489,
        0.20849152399740492
      ],
      [
        0.5514367294873233,
        0.41476532553859735,
        0.21610382071901976
      ],
      [
        0.5574207431090956,
        0.16808174561666966,
        0.15507823382613978
      ],
      [
        0.4521615497702854,
        0.28049968158246197,
        0.14746593710452494
      ],
      [
        0.37994669546106496,
        0.4331660517833278,
        0.21550854445835818
      ],
      [
        0.45487944763014343,
        0.35206363948885766,
        0.22312084117997305
      ],
      [
        0.42185700344478766,
        0.08822397899929496,
        0.16209525428709307
      ],
      [
        0.3145915587659669,
        0.19267023841498732,
        0.1544829575654782
      ]
    ],
    "keypoints_3d": [
      [
        -0.007749940641251743,
        -0.02958243094687923,
        0.185293389142249
      ],
      [
        -0.004248446713032927,
        0.0001247886418829149,
        0.20849152399740492
      ],
      [
        0.010098329282986915,
        -0.016733719612783107,
        0.21610382071901976
      ],
      [
        0.007974555169029049,
        -0.046096589627179795,
        0.15507823382613978
      ],
      [
        -0.006372220826990793,
        -0.02923808137251378,
        0.14746593710452494
      ],
      [
        -0.023474436451532535,
        -0.013068272266578666,
        0.21550854445835818
      ],
      [
        -0.009127660455512707,
        -0.029926780521244676,
        0.22312084117997305
      ],
      [
        -0.011251434569470559,
        -0.05928965053564137,
        0.16209525428709307
      ],
      [
        -0.0255982105654904,
        -0.04243114228097535,
        0.1544829575654782
      ]
    ],
    "model_matrix": [
      0.9092448833653763,
      0.043694477358408465,
      0.4139619967125712,
      -0.045334940977945964,
      -0.31072198948630386,
      -0.5905121809390816,
      0.7448135400301494,
      -0.02509828854865931,
      0.2769938398657207,
      -0.8058449955239192,
      -0.5233433441494201,
      0.19622247675540375,
      0.0,
      0.0,
      0.0,
      1.0
    ],
    "view_matrix": [
      0.8827288139820668,
      0.41615219523563546,
      -0.21819072245715515,
      0.08552714988193336,
      -0.44945907266062995,
      0.8832226496517673,
      -0.1338069248774446,
      -0.0015353283578033,
      0.13702694249256364,
      0.2161830278784,
      0.9666894617654972,
      0.007245121064578679,
      0.0,
      0.0,
      0.0,
      1.0
    ],
    "camera_intrinsics": {
      "fx": 562.7770338487326,
      "fy": 562.7770338487326,
      "cx": 256.0,
      "cy": 256.0,
      "image_width": 512,
      "image_height": 512,
      "model": "SIMPLE_RADIAL",
      "dist": [
        0.17461736401707129,
        0.0,
        0.0,
        0.0
      ]
    },
    "visibility": [
      1.0,
      1.0,
      1.0,
      1.0,
      1.0,
      1.0,
      1.0,
      1.0,
      1.0
    ],
    "keypoints_2d_visibility": [
      1.0,
      1.0,
      1.0,
      1.0,
      1.0,
      1.0,
      1.0,
      1.0,
      1.0
    ],
    "pose_6dof": {
      "translation": [
        -0.045334940977945964,
        -0.02509828854865931,
        0.19622247675540375
      ],
      "rotation": [
        0.9092448833653763,
        0.043694477358408465,
        0.4139619967125712,
        -0.31072198948630386,
        -0.5905121809390816,
        0.7448135400301494,
        0.2769938398657207,
        -0.8058449955239192,
        -0.5233433441494201
      ]
    },
    "pose_9dof": {
      "translation": [
        -0.045334940977945964,
        -0.02509828854865931,
        0.19622247675540375
      ],
      "rotation": [
        0.9092448833653763,
        0.043694477358408465,
        0.4139619967125712,
        -0.31072198948630386,
        -0.5905121809390816,
        0.7448135400301494,
        0.2769938398657207,
        -0.8058449955239192,
        -0.5233433441494201
      ],
      "scale": [
        0.023409108129754143,
        0.06775552234017473,
        0.024350238473343663
      ]
    }
  },
  {
    "frame_id": 6,
    "image": "frame_000006.png",
    "keypoints_2d": [
      [
        0.45415255443540425,
        0.3190208628407005,
        0.18472098526811873
      ],
      [
        0.47806479254430856,
        0.4965053566309373,
        0.20804411903743358
      ],
      [
        0.5518249778007488,
        0.41028294536598503,
        0.21561167759401564
      ],
      [
        0.5584149248022414,
        0.16231866990612448,
        0.15446505954577994
      ],
      [
        0.45305421961321046,
        0.2755732542961606,
        0.14689750098919788
      ],
      [
        0.379982069365547,
        0.42900713359490705,
        0.21497691099045754
      ],
      [
        0.45486169917657426,
        0.34753717697246156,
        0.2225444695470396
      ],
      [
        0.4219374195635355,
        0.082057263292305,
        0.1613978514988039
      ],
      [
        0.31452543288201174,
        0.18737233914221163,
        0.15383029294222184
      ]
    ],
    "keypoints_3d": [
      [
        -0.0076680652260616156,
        -0.03026907630739443,
        0.18472098526811873
      ],
      [
        -0.004152490063840761,
        -0.0006615607304381508,
        0.20804411903743358
      ],
      [
        0.010152530822609168,
        -0.017575601594804494,
        0.21561167759401564
      ],
      [
        0.008076659531616626,
        -0.0466890463795827,
        0.15446505954577994
      ],
      [
        -0.006228361354833303,
        -0.02977500551521636,
        0.14689750098919788
      ],
      [
        -0.02341278998373987,
        -0.013849106235206158,
        0.21497691099045754
      ],
      [
        -0.009107769097289942,
        -0.030763147099572494,
        0.2225444695470396
      ],
      [
        -0.011183640388282484,
        -0.05987659188435071,
        0.1613978514988039
      ],
      [
        -0.025488661274732413,
        -0.04296255101998436,
        0.15383029294222184
      ]
    ],
    "model_matrix": [
      0.9092448833653763,
      0.043694477358408465,
      0.4139619967125712,
      -0.045334940977945964,
      -0.31072198948630386,
      -0.5905121809390816,
      0.7448135400301494,
      -0.02509828854865931,
      0.2769938398657207,
      -0.8058449955239192,
      -0.5233433441494201,
      0.19622247675540375,
      0.0,
      0.0,
      0.0,
      1.0
    ],
    "view_matrix": [
      0.8817211589330283,
      0.4173384081338917,
      -0.2199919339113753,
      0.08594655340125705,
      -0.45154895577358417,
      0.8816172372025323,
      -0.1373120082409391,
      -0.0016692354119665507,
      0.13664310604484745,
      0.22040803107791518,
      0.9657892945186197,
      0.006937989383842851,
      0.0,
      0.0,
      0.0,
      1.0
    ],
    "camera_intrinsics": {
      "fx": 562.6355720577683,
      "fy": 562.6355720577683,
      "cx": 256.0,
      "cy": 256.0,
      "image_width": 512,
      "image_height": 512,
      "model": "SIMPLE_RADIAL",
      "dist": [
        0.17678643054036727,
        0.0,
        0.0,
        0.0
      ]
    },
    "visibility": [
      1.0,
      1.0,
      1.0,
      1.0,
      1.0,
      1.0,
      1.0,
      1.0,
      1.0
    ],
    "keypoints_2d_visibility": [
      1.0,
      1.0,
      1.0,
      1.0,
      1.0,
      1.0,
      1.0,
      1.0,
      1.0
    ],
    "pose_6dof": {
      "translation": [
        -0.045334940977945964,
        -0.02509828854865931,
        0.19622247675540375
      ],
      "rotation": [
        0.9092448833653763,
        0.043694477358408465,
        0.4139619967125712,
        -0.31072198948630386,
        -0.5905121809390816,
        0.7448135400301494,
        0.2769938398657207,
        -0.8058449955239192,
        -0.5233433441494201
      ]
    },
    "pose_9dof": {
      "translation": [
        -0.045334940977945964,
        -0.02509828854865931,
        0.19622247675540375
      ],
      "rotation": [
        0.9092448833653763,
        0.043694477358408465,
        0.4139619967125712,
        -0.31072198948630386,
        -0.5905121809390816,
        0.7448135400301494,
        0.2769938398657207,
        -0.8058449955239192,
        -0.5233433441494201
      ],
      "scale": [
        0.023409108129754143,
        0.06775552234017473,
        0.024350238473343663
      ]
    }
  },
  {
    "frame_id": 7,
    "image": "frame_000007.png",
    "keypoints_2d": [
      [
        0.4529698335059961,
        0.31012555686978804,
        0.18317710040480967
      ],
      [
        0.47692551931663707,
        0.4889910577534869,
        0.2067557673001058
      ],
      [
        0.5508146231266156,
        0.40201040049954617,
        0.2142584321965737
      ],
      [
        0.5589895984170172,
        0.15125204009484466,
        0.15286921681795657
      ],
      [
        0.453013979445948,
        0.26618145746936916,
        0.14536655192148867
      ],
      [
        0.37784526075154956,
        0.4211427348674101,
        0.21348498399166277
      ],
      [
        0.45292756899701836,
        0.3388624651762471,
        0.22098764888813066
      ],
      [
        0.42048855878428637,
        0.06978813550733881,
        0.15959843350951353
      ],
      [
        0.31230618083342887,
        0.176781945146902,
        0.15209576861304563
      ]
    ],
    "keypoints_3d": [
      [
        -0.007798008015757113,
        -0.03148282347045461,
        0.18317710040480967
      ],
      [
        -0.0043415841361502255,
        -0.002071390020392423,
        0.2067557673001058
      ],
      [
        0.009891601356788293,
        -0.019074707155746756,
        0.2142584321965737
      ],
      [
        0.008066638764387943,
        -0.04769016721362487,
        0.15286921681795657
      ],
      [
        -0.006166546728550576,
        -0.03068685007827055,
        0.14536655192148867
      ],
      [
        -0.023662654795902183,
        -0.015275479727284347,
        0.21348498399166277
      ],
      [
        -0.009429469302963664,
        -0.03227879686263867,
        0.22098764888813066
      ],
      [
        -0.011254431895364014,
        -0.0608942569205168,
        0.15959843350951353
      ],
      [
        -0.025487617388302533,
        -0.04389093978516247,
        0.15209576861304563
      ]
    ],
    "model_matrix": [
      0.9092448833653763,
      0.043694477358408465,
      0.4139619967125712,
      -0.045334940977945964,
      -0.31072198948630386,
      -0.5905121809390816,
      0.7448135400301494,
      -0.02509828854865931,
      0.2769938398657207,
      -0.8058449955239192,
      -0.5233433441494201,
      0.19622247675540375,
      0.0,
      0.0,
      0.0,
      1.0
    ],
    "view_matrix": [
      0.880125893963495,
      0.41796399169030757,
      -0.22513221099003852,
      0.08676862834451812,
      -0.4544141806914966,
      0.8789681920421668,
      -0.14464670671882057,
      -0.0016401311757981182,
      0.13742693753931437,
      0.2296105812640809,
      0.9635314306290876,
      0.006103651379608568,
      0.0,
      0.0,
      0.0,
      1.0
    ],
    "camera_intrinsics": {
      "fx": 562.5619949455108,
      "fy": 562.5619949455108,
      "cx": 256.0,
      "cy": 256.0,
      "image_width": 512,
      "image_height": 512,
      "model": "SIMPLE_RADIAL",
      "dist": [
        0.174062972365613,
        0.0,
        0.0,
        0.0
      ]
    },
    "visibility": [
      1.0,
      1.0,
      1.0,
      1.0,
      1.0,
      1.0,
      1.0,
      1.0,
      1.0
    ],
    "keypoints_2d_visibility": [
      1.0,
      1.0,
      1.0,
      1.0,
      1.0,
      1.0,
      1.0,
      1.0,
      1.0
    ],
    "pose_6dof": {
      "translation": [
        -0.045334940977945964,
        -0.02509828854865931,
        0.19622247675540375
      ],
      "rotation": [
        0.9092448833653763,
        0.043694477358408465,
        0.4139619967125712,
        -0.31072198948630386,
        -0.5905121809390816,
        0.7448135400301494,
        0.2769938398657207,
        -0.8058449955239192,
        -0.5233433441494201
      ]
    },
    "pose_9dof": {
      "translation": [
        -0.045334940977945964,
        -0.02509828854865931,
        0.19622247675540375
      ],
      "rotation": [
        0.9092448833653763,
        0.043694477358408465,
        0.4139619967125712,
        -0.31072198948630386,
        -0.5905121809390816,
        0.7448135400301494,
        0.2769938398657207,
        -0.8058449955239192,
        -0.5233433441494201
      ],
      "scale": [
        0.023409108129754143,
        0.06775552234017473,
        0.024350238473343663
      ]
    }
  },
  {
    "frame_id": 8,
    "image": "frame_000008.png",
    "keypoints_2d": [
      [
        0.4556665750514968,
        0.3051617660190721,
        0.18272111815534275
      ],
      [
        0.47915774724004473,
        0.48488330482905456,
        0.20645641102825754
      ],
      [
        0.5532303493658584,
        0.3973992214195465,
        0.21390527302025647
      ],
      [
        0.5634642438470252,
        0.14542031383213005,
        0.15236777739347618
      ],
      [
        0.45713205629182996,
        0.26128661460968394,
        0.14491891540147725
      ],
      [
        0.37941342073448103,
        0.41663737883568663,
        0.21307445891720936
      ],
      [
        0.4546952456883836,
        0.33382909324131466,
        0.2205233209092083
      ],
      [
        0.42379175562608606,
        0.0632000709752682,
        0.158985825282428
      ],
      [
        0.3152275606290628,
        0.17112722502103866,
        0.15153696329042907
      ]
    ],
    "keypoints_3d": [
      [
        -0.007309081826072997,
        -0.03212223275481983,
        0.18272111815534275
      ],
      [
        -0.0039034085410705743,
        -0.0028311064894289964,
        0.20645641102825754
      ],
      [
        0.01031079281450796,
        -0.019873913719393912,
        0.21390527302025647
      ],
      [
        0.008623041263850495,
        -0.04817760489699772,
        0.15236777739347618
      ],
      [
        -0.00559116009172804,
        -0.031134797667032806,
        0.14491891540147725
      ],
      [
        -0.02324120491599649,
        -0.016066860612641946,
        0.21307445891720936
      ],
      [
        -0.00902700356041794,
        -0.03310966784260686,
        0.2205233209092083
      ],
      [
        -0.010714755111075419,
        -0.061413359020210674,
        0.158985825282428
      ],
      [
        -0.024928956466653954,
        -0.04437055179024575,
        0.15153696329042907
      ]
    ],
    "model_matrix": [
      0.9092448833653763,
      0.043694477358408465,
      0.4139619967125712,
      -0.045334940977945964,
      -0.31072198948630386,
      -0.5905121809390816,
      0.7448135400301494,
      -0.02509828854865931,
      0.2769938398657207,
      -0.8058449955239192,
      -0.5233433441494201,
      0.19622247675540375,
      0.0,
      0.0,
      0.0,
      1.0
    ],
    "view_matrix": [
      0.8797613494540384,
      0.41753173643564423,
      -0.22734822866221122,
      0.08766501153944145,
      -0.4552086749341612,
      0.877743731246175,
      -0.1495025234660865,
      -0.0013934702913172901,
      0.1371314342938721,
      0.23501742770926215,
      0.9622690779617867,
      0.006017677067086777,
      0.0,
      0.0,
      0.0,
      1.0
    ],
    "camera_intrinsics": {
      "fx": 564.3637855613252,
      "fy": 564.3637855613252,
      "cx": 256.0,
      "cy": 256.0,
      "image_width": 512,
      "image_height": 512,
      "model": "SIMPLE_RADIAL",
      "dist": [
        0.16820170704817544,
        0.0,
        0.0,
        0.0
      ]
    },
    "visibility": [
      1.0,
      1.0,
      1.0,
      1.0,
      1.0,
      1.0,
      1.0,
      1.0,
      1.0
    ],
    "keypoints_2d_visibility": [
      1.0,
      1.0,
      1.0,
      1.0,
      1.0,
      1.0,
      1.0,
      1.0,
      1.0
    ],
    "pose_6dof": {
      "translation": [
        -0.045334940977945964,
        -0.02509828854865931,
        0.19622247675540375
      ],
      "rotation": [
        0.9092448833653763,
        0.043694477358408465,
        0.4139619967125712,
        -0.31072198948630386,
        -0.5905121809390816,
        0.7448135400301494,
        0.2769938398657207,
        -0.8058449955239192,
        -0.5233433441494201
      ]
    },
    "pose_9dof": {
      "translation": [
        -0.045334940977945964,
        -0.02509828854865931,
        0.19622247675540375
      ],
      "rotation": [
        0.9092448833653763,
        0.043694477358408465,
        0.4139619967125712,
        -0.31072198948630386,
        -0.5905121809390816,
        0.7448135400301494,
        0.2769938398657207,
        -0.8058449955239192,
        -0.5233433441494201
      ],
      "scale": [
        0.023409108129754143,
        0.06775552234017473,
        0.024350238473343663
      ]
    }
  },
  {
    "frame_id": 9,
    "image": "frame_000009.png",
    "keypoints_2d": [
      [
        0.4549773460233071,
        0.30431290019641133,
        0.1817955195464441
      ],
      [
        0.47796077709308515,
        0.4843895080994675,
        0.20558307093170664
      ],
      [
        0.5519816467966604,
        0.39678633444882627,
        0.21308269300329627
      ],
      [
        0.5641133932102744,
        0.14407593685950437,
        0.15150327926676013
      ],
      [
        0.4576990587205742,
        0.26027483824764797,
        0.1440036571951705
      ],
      [
        0.37787115364797885,
        0.4159577379407673,
        0.2120877598261281
      ],
      [
        0.45318706541528425,
        0.3330238938603269,
        0.21958738189771773
      ],
      [
        0.42368187251629197,
        0.06121943104969352,
        0.15800796816118157
      ],
      [
        0.3148632710004348,
        0.1694636721221196,
        0.15050834608959196
      ]
    ],
    "keypoints_3d": [
      [
