[
  {
    "frame_id": 0,
    "image": "frame_000144.png",
    "keypoints_2d": [
      [
        0.7505383378642485,
        0.3225804582012959,
        0.23603753917607956
      ],
      [
        0.8042141660893827,
        0.6033631801185194,
        0.21479942822703724
      ],
      [
        0.8456274304465188,
        0.5928342642273414,
        0.2135760241449683
      ],
      [
        0.691359701934259,
        0.05248395864136324,
        0.24208646070791134
      ],
      [
        0.6557569606036053,
        0.062203346122654934,
        0.2433098647899803
      ],
      [
        0.8069240489294562,
        0.6187204722672709,
        0.22998861764424777
      ],
      [
        0.8455770076441342,
        0.6089201059861801,
        0.22876521356217883
      ],
      [
        0.7014333129545888,
        0.0958666929675775,
        0.2572756501251219
      ],
      [
        0.6676964954980249,
        0.10506239121906008,
        0.2584990542071908
      ]
    ],
    "keypoints_3d": [
      [
        0.04311382044257259,
        -0.030531192684200986,
        0.23603753917607956
      ],
      [
        0.047711973311942296,
        0.016211149384158737,
        0.21479942822703724
      ],
      [
        0.05412649533499678,
        0.014538178764160789,
        0.2135760241449683
      ],
      [
        0.03464269798607131,
        -0.08101581946461976,
        0.24208646070791134
      ],
      [
        0.02822817596301677,
        -0.07934284884462181,
        0.2433098647899803
      ],
      [
        0.051584942899073866,
        0.01995343409621779,
        0.22998861764424777
      ],
      [
        0.0579994649221284,
        0.018280463476219838,
        0.22876521356217883
      ],
      [
        0.03851566757320288,
        -0.07727353475256071,
        0.2572756501251219
      ],
      [
        0.03210114555014834,
        -0.07560056413256276,
        0.2584990542071908
      ]
    ],
    "model_matrix": [
      0.24537126087581895,
      -0.6546644467936956,
      0.7149876967056952,
      -0.05816183121207582,
      -0.025226203524183845,
      -0.7415968246339776,
      -0.6703713809140112,
      0.06565187900909294,
      0.9691009147617019,
      0.14645344583554953,
      -0.19848124649680754,
      0.29282991246273193,
      0.0,
      0.0,
      0.0,
      1.0
    ],
    "view_matrix": [
      0.18720027027678346,
      0.2793136430594864,
      0.9417748922163607,
      -0.24011559378178024,
      0.3887674805216816,
      0.8593799149178366,
      -0.3321535908651838,
      0.03292483663884849,
      -0.9021174562644954,
      0.4283106940488993,
      0.05228809105548937,
      0.14013781696073552,
      0.0,
      0.0,
      0.0,
      1.0
    ],
    "camera_intrinsics": {
      "fx": 712.9865969058928,
      "fy": 712.9865969058928,
      "cx": 256.0,
      "cy": 256.0,
      "image_width": 512,
      "image_height": 512,
      "model": "SIMPLE_RADIAL",
      "dist": [
        -0.2998353738712466,
        0.0,
        0.0,
        0.0
      ]
    },
    "visibility": [
      1.0,
      1.0,
      1.0,
      1.0,
      1.0,
      1.0,
      1.0,
      1.0,
      1.0
    ],
    "keypoints_2d_visibility": [
      1.0,
      1.0,
      1.0,
      1.0,
      1.0,
      1.0,
      1.0,
      1.0,
      1.0
    ],
    "pose_6dof": {
      "translation": [
        -0.05816183121207582,
        0.06565187900909294,
        0.29282991246273193
      ],
      "rotation": [
        0.24537126087581895,
        -0.6546644467936956,
        0.7149876967056952,
        -0.025226203524183845,
        -0.7415968246339776,
        -0.6703713809140112,
        0.9691009147617019,
        0.14645344583554953,
        -0.19848124649680754
      ]
    },
    "pose_9dof": {
      "translation": [
        -0.05816183121207582,
        0.06565187900909294,
        0.29282991246273193
      ],
      "rotation": [
        0.24537126087581895,
        -0.6546644467936956,
        0.7149876967056952,
        -0.025226203524183845,
        -0.7415968246339776,
        -0.6703713809140112,
        0.9691009147617019,
        0.14645344583554953,
        -0.19848124649680754
      ],
      "scale": [
        0.006741041538786929,
        0.10160231261959242,
        0.016115708592576924
      ]
    }
  },
  {
    "frame_id": 1,
    "image": "frame_000145.png",
    "keypoints_2d": [
      [
        0.9023893407606127,
        0.3526774700384855,
        0.2358083782726561
      ],
      [
        0.9488944313589187,
        0.6365989517704427,
        0.21320454111711312
      ],
      [
        0.9918505744362399,
        0.6275027815744276,
        0.2113803283706031
      ],
      [
        0.8501889489383231,
        0.07645977208900778,
        0.2437733175225903
      ],
      [
        0.8136571252883911,
        0.08643570336845008,
        0.2455975302691003
      ],
      [
        0.951332605994533,
        0.6533299126231533,
        0.22784343902272194
      ],
      [
        0.9915028557340722,
        0.6448992672362328,
        0.22601922627621193
      ],
      [
        0.8591660159026098,
        0.12159672179967684,
        0.2584122154281991
      ],
      [
        0.8245312008709884,
        0.1308977518663197,
        0.2602364281747091
      ]
    ],
    "keypoints_3d": [
      [
        0.06869737879901527,
        -0.02515144070979846,
        0.2358083782726561
      ],
      [
        0.06955852849623534,
        0.021166718532275773,
        0.21320454111711312
      ],
      [
        0.07587274839480651,
        0.019668547662311582,
        0.2113803283706031
      ],
      [
        0.06260023579147694,
        -0.0757126066221858,
        0.2437733175225903
      ],
      [
        0.05628601589290577,
        -0.0742144357522216,
        0.2455975302691003
      ],
      [
        0.07479452180655366,
        0.025409725202588863,
        0.22784343902272194
      ],
      [
        0.08110874170512478,
        0.023911554332624672,
        0.22601922627621193
      ],
      [
        0.06783622910179526,
        -0.07146959995187271,
        0.2584122154281991
      ],
      [
        0.06152200920322409,
        -0.06997142908190851,
        0.2602364281747091
      ]
    ],
    "model_matrix": [
      0.24537126087581895,
      -0.6546644467936956,
      0.7149876967056952,
      -0.05816183121207582,
      -0.025226203524183845,
      -0.7415968246339776,
      -0.6703713809140112,
      0.06565187900909294,
      0.9691009147617019,
      0.14645344583554953,
      -0.19848124649680754,
      0.29282991246273193,
      0.0,
      0.0,
      0.0,
      1.0
    ],
    "view_matrix": [
      0.08305575813743189,
      0.29105095652590046,
      0.9530955260337628,
      -0.2246748678554118,
      0.3718014463079477,
      0.8782929173885795,
      -0.30060810998437176,
      0.02683867844014265,
      -0.9245893280605908,
      0.3793295295259997,
      -0.03526588246519613,
      0.16745577873169673,
      0.0,
      0.0,
      0.0,
      1.0
    ],
    "camera_intrinsics": {
      "fx": 720.2594464818545,
      "fy": 720.2594464818545,
      "cx": 256.0,
      "cy": 256.0,
      "image_width": 512,
      "image_height": 512,
      "model": "SIMPLE_RADIAL",
      "dist": [
        -0.18854285714006405,
        0.0,
        0.0,
        0.0
      ]
    },
    "visibility": [
      1.0,
      1.0,
      1.0,
      1.0,
      1.0,
      1.0,
      1.0,
      1.0,
      1.0
    ],
    "keypoints_2d_visibility": [
      1.0,
      1.0,
      1.0,
      1.0,
      1.0,
      1.0,
      1.0,
      1.0,
      1.0
    ],
    "pose_6dof": {
      "translation": [
        -0.05816183121207582,
        0.06565187900909294,
        0.29282991246273193
      ],
      "rotation": [
        0.24537126087581895,
        -0.6546644467936956,
        0.7149876967056952,
        -0.025226203524183845,
        -0.7415968246339776,
        -0.6703713809140112,
        0.9691009147617019,
        0.14645344583554953,
        -0.19848124649680754
      ]
    },
    "pose_9dof": {
      "translation": [
        -0.05816183121207582,
        0.06565187900909294,
        0.29282991246273193
      ],
      "rotation": [
        0.24537126087581895,
        -0.6546644467936956,
        0.7149876967056952,
        -0.025226203524183845,
        -0.7415968246339776,
        -0.6703713809140112,
        0.9691009147617019,
        0.14645344583554953,
        -0.19848124649680754
      ],
      "scale": [
        0.006741041538786929,
        0.10160231261959242,
        0.016115708592576924
      ]
    }
  },
  {
    "frame_id": 2,
    "image": "frame_000146.png",
    "keypoints_2d": [
      [
        0.9933809145240482,
        0.38656580231736254,
        0.23139489765632354
      ],
      [
        1.0357728928538426,
        0.6679274807634191,
        0.2079488967166044
      ],
      [
        1.0787173229770086,
        0.659810122044478,
        0.2057609575269805
      ],
      [
        0.9448359516956275,
        0.11391497983103216,
        0.24063686323679595
      ],
      [
        0.9086309657986134,
        0.12347309740338458,
        0.24282480242641985
      ],
      [
        1.0372453947184934,
        0.6847390567779533,
        0.22215293207585113
      ],
      [
        1.0774118720531023,
        0.6772391209343888,
        0.21996499288622723
      ],
      [
        0.9527478620058462,
        0.1585314964908714,
        0.2548408985960427
      ],
      [
        0.9183936191458923,
        0.16740281034484905,
        0.25702883778566654
      ]
    ],
    "keypoints_3d": [
      [
        0.08531892196035104,
        -0.019615844826620744,
        0.23139489765632354
      ],
      [
        0.08379729599146188,
        0.0262646150977846,
        0.2079488967166044
      ],
      [
        0.09001619903538291,
        0.02485755857423348,
        0.2057609575269805
      ],
      [
        0.08079600575869564,
        -0.07012501438791566,
        0.24063686323679595
      ],
      [
        0.07457710271477455,
        -0.06871795786436452,
        0.24282480242641985
      ],
      [
        0.08984183816200644,
        0.03089332473467417,
        0.22215293207585113
      ],
      [
        0.09606074120592753,
        0.029486268211123032,
        0.21996499288622723
      ],
      [
        0.08684054792924026,
        -0.06549630475102611,
        0.2548408985960427
      ],
      [
        0.08062164488531917,
        -0.06408924822747497,
        0.25702883778566654
      ]
    ],
    "model_matrix": [
      0.24537126087581895,
      -0.6546644467936956,
      0.7149876967056952,
      -0.05816183121207582,
      -0.025226203524183845,
      -0.7415968246339776,
      -0.6703713809140112,
      0.06565187900909294,
      0.9691009147617019,
      0.14645344583554953,
      -0.19848124649680754,
      0.29282991246273193,
      0.0,
      0.0,
      0.0,
      1.0
    ],
    "view_matrix": [
      0.01760355666793451,
      0.2954632296935699,
      0.955191915110091,
      -0.21276370404227166,
      0.35543769937671427,
      0.8910869356982213,
      -0.28218454048679326,
      0.02518760525097715,
      -0.9345341923409903,
      0.34447866831924284,
      -0.0893324712440764,
      0.18058422558024728,
      0.0,
      0.0,
      0.0,
      1.0
    ],
    "camera_intrinsics": {
      "fx": 702.9086351493183,
      "fy": 702.9086351493183,
      "cx": 256.0,
      "cy": 256.0,
      "image_width": 512,
      "image_height": 512,
      "model": "SIMPLE_RADIAL",
      "dist": [
        -0.17689603396911271,
        0.0,
        0.0,
        0.0
      ]
    },
    "visibility": [
      1.0,
      0.0,
      0.0,
      1.0,
      1.0,
      0.0,
      0.0,
      1.0,
      1.0
    ],
    "keypoints_2d_visibility": [
      1.0,
      0.0,
      0.0,
      1.0,
      1.0,
      0.0,
      0.0,
      1.0,
      1.0
    ],
    "pose_6dof": {
      "translation": [
        -0.05816183121207582,
        0.06565187900909294,
        0.29282991246273193
      ],
      "rotation": [
        0.24537126087581895,
        -0.6546644467936956,
        0.7149876967056952,
        -0.025226203524183845,
        -0.7415968246339776,
        -0.6703713809140112,
        0.9691009147617019,
        0.14645344583554953,
        -0.19848124649680754
      ]
    },
    "pose_9dof": {
      "translation": [
        -0.05816183121207582,
        0.06565187900909294,
        0.29282991246273193
      ],
      "rotation": [
        0.24537126087581895,
        -0.6546644467936956,
        0.7149876967056952,
        -0.025226203524183845,
        -0.7415968246339776,
        -0.6703713809140112,
        0.9691009147617019,
        0.14645344583554953,
        -0.19848124649680754
      ],
      "scale": [
        0.006741041538786929,
        0.10160231261959242,
        0.016115708592576924
      ]
    }
  },
  {
    "frame_id": 3,
    "image": "frame_000147.png",
    "keypoints_2d": [
      [
        1.0258536510897902,
        0.40416438658522924,
        0.22966449498110933
      ],
      [
        1.0663500891211295,
        0.6840822632075206,
        0.20583155114219429
      ],
      [
        1.109166398065705,
        0.6764139338759758,
        0.20352359220300517
      ],
      [
        0.9791298473276379,
        0.1333972282818754,
        0.23947022287095396
      ],
      [
        0.943121987666741,
        0.14265700341862242,
        0.24177818181014307
      ],
      [
        1.06722794002952,
        0.7008837628821585,
        0.2198587670912647
      ],
      [
        1.107278172757941,
        0.6938072682517074,
        0.21755080815207561
      ],
      [
        0.986410305492883,
        0.17769874950266973,
        0.2534974388200244
      ],
      [
        0.9522308624303476,
        0.1862806484399463,
        0.2558053977592135
      ]
    ],
    "keypoints_3d": [
      [
        0.09156457174717383,
        -0.01668743172604273,
        0.22966449498110933
      ],
      [
        0.08906917592853172,
        0.028950389170762807,
        0.20583155114219429
      ],
      [
        0.09525398921746833,
        0.02758545285588922,
        0.20352359220300517
      ],
      [
        0.08776081124761334,
        -0.06714955628636798,
        0.23947022287095396
      ],
      [
        0.08157599795867668,
        -0.0657846199714944,
        0.24177818181014307
      ],
      [
        0.09536833224673438,
        0.03377469283428252,
        0.2198587670912647
      ],
      [
        0.10155314553567099,
        0.03240975651940894,
        0.21755080815207561
      ],
      [
        0.09405996756581594,
        -0.06232525262284828,
        0.2534974388200244
      ],
      [
        0.08787515427687934,
        -0.060960316307974695,
        0.2558053977592135
      ]
    ],
    "model_matrix": [
      0.24537126087581895,
      -0.6546644467936956,
      0.7149876967056952,
      -0.05816183121207582,
      -0.025226203524183845,
      -0.7415968246339776,
      -0.6703713809140112,
      0.06565187900909294,
      0.9691009147617019,
      0.14645344583554953,
      -0.19848124649680754,
      0.29282991246273193,
      0.0,
      0.0,
      0.0,
      1.0
    ],
    "view_matrix": [
      -0.006061331581957891,
      0.29357657222791467,
      0.9559163438807619,
      -0.20798271929732595,
      0.34669800306649823,
      0.89725854271909,
      -0.27336349827165574,
      0.024619458992801053,
      -0.937957224466637,
      0.32975734071665963,
      -0.10722099288069031,
      0.18485951013186305,
      0.0,
      0.0,
      0.0,
      1.0
    ],
    "camera_intrinsics": {
      "fx": 695.286060882435,
      "fy": 695.286060882435,
      "cx": 256.0,
      "cy": 256.0,
      "image_width": 512,
      "image_height": 512,
      "model": "SIMPLE_RADIAL",
      "dist": [
        -0.17496618407014355,
        0.0,
        0.0,
        0.0
      ]
    },
    "visibility": [
      0.0,
      0.0,
      0.0,
      1.0,
      1.0,
      0.0,
      0.0,
      1.0,
      1.0
    ],
    "keypoints_2d_visibility": [
      0.0,
      0.0,
      0.0,
      1.0,
      1.0,
      0.0,
      0.0,
      1.0,
      1.0
    ],
    "pose_6dof": {
      "translation": [
        -0.05816183121207582,
        0.06565187900909294,
        0.29282991246273193
      ],
      "rotation": [
        0.24537126087581895,
        -0.6546644467936956,
        0.7149876967056952,
        -0.025226203524183845,
        -0.7415968246339776,
        -0.6703713809140112,
        0.9691009147617019,
        0.14645344583554953,
        -0.19848124649680754
      ]
    },
    "pose_9dof": {
      "translation": [
        -0.05816183121207582,
        0.06565187900909294,
        0.29282991246273193
      ],
      "rotation": [
        0.24537126087581895,
        -0.6546644467936956,
        0.7149876967056952,
        -0.025226203524183845,
        -0.7415968246339776,
        -0.6703713809140112,
        0.9691009147617019,
        0.14645344583554953,
        -0.19848124649680754
      ],
      "scale": [
        0.006741041538786929,
        0.10160231261959242,
        0.016115708592576924
      ]
    }
  },
  {
    "frame_id": 4,
    "image": "frame_000148.png",
    "keypoints_2d": [
      [
        1.0463466363809473,
        0.41355281480092987,
        0.22739178098869978
      ],
      [
        1.079613217041469,
        0.6893431965116095,
        0.20374389166940263
      ],
      [
        1.1221053726348904,
        0.6829930540230946,
        0.2013193519623121
      ],
      [
        1.0069796453727284,
        0.14655831713123985,
        0.237115553465623
      ],
      [
        0.9712524780618873,
        0.1549024059742965,
        0.23954009317271352
      ],
      [
        1.0797009035197025,
        0.7060283939514006,
        0.21766800851177653
      ],
      [
        1.1194410060528925,
        0.700193975771087,
        0.215243468804686
      ],
      [
        1.0127950057083424,
        0.19041831521234187,
        0.2510396703079969
      ],
      [
        0.9788879179568906,
        0.19811420490732623,
        0.25346421001508745
      ]
    ],
    "keypoints_3d": [
      [
        0.09684080446234061,
        -0.015322900152982141,
        0.22739178098869978
      ],
      [
        0.0927384592551011,
        0.030295023989534327,
        0.20374389166940263
      ],
      [
        0.0989129268335745,
        0.029095358053211475,
        0.2013193519623121
      ],
      [
        0.09451384858494699,
        -0.06589048298715731,
        0.237115553465623
      ],
      [
        0.0883393810064736,
        -0.06469081705083446,
        0.23954009317271352
      ],
      [
        0.09916776033973423,
        0.03524468268119304,
        0.21766800851177653
      ],
      [
        0.10534222791820758,
        0.03404501674487019,
        0.215243468804686
      ],
      [
        0.10094314966958007,
        -0.060940824295498616,
        0.2510396703079969
      ],
      [
        0.09476868209110673,
        -0.05974115835917575,
        0.25346421001508745
      ]
    ],
    "model_matrix": [
      0.24537126087581895,
      -0.6546644467936956,
      0.7149876967056952,
      -0.05816183121207582,
      -0.025226203524183845,
      -0.7415968246339776,
      -0.6703713809140112,
      0.06565187900909294,
      0.9691009147617019,
      0.14645344583554953,
      -0.19848124649680754,
      0.29282991246273193,
      0.0,
      0.0,
      0.0,
      1.0
    ],
    "view_matrix": [
      -0.032148424658741216,
      0.27644508917511673,
      0.9604918487227904,
      -0.20443889031624018,
      0.34876850342255045,
      0.9036853384659804,
      -0.24842169804995068,
      0.018378778265719056,
      -0.9366573598773226,
      0.3270029383852509,
      -0.1254674000490016,
      0.1881863241467557,
      0.0,
      0.0,
      0.0,
      1.0
    ],
    "camera_intrinsics": {
      "fx": 677.637361044793,
      "fy": 677.637361044793,
      "cx": 256.0,
      "cy": 256.0,
      "image_width": 512,
      "image_height": 512,
      "model": "SIMPLE_RADIAL",
      "dist": [
        -0.16514364476340695,
        0.0,
        0.0,
        0.0
      ]
    },
    "visibility": [
      0.0,
      0.0,
      0.0,
      0.0,
      1.0,
      0.0,
      0.0,
      0.0,
      1.0
    ],
    "keypoints_2d_visibility": [
      0.0,
      0.0,
      0.0,
      0.0,
      1.0,
      0.0,
      0.0,
      0.0,
      1.0
    ],
    "pose_6dof": {
      "translation": [
        -0.05816183121207582,
        0.06565187900909294,
        0.29282991246273193
      ],
      "rotation": [
        0.24537126087581895,
        -0.6546644467936956,
        0.7149876967056952,
        -0.025226203524183845,
        -0.7415968246339776,
        -0.6703713809140112,
        0.9691009147617019,
        0.14645344583554953,
        -0.19848124649680754
      ]
    },
    "pose_9dof": {
      "translation": [
        -0.05816183121207582,
        0.06565187900909294,
        0.29282991246273193
      ],
      "rotation": [
        0.24537126087581895,
        -0.6546644467936956,
        0.7149876967056952,
        -0.025226203524183845,
        -0.7415968246339776,
        -0.6703713809140112,
        0.9691009147617019,
        0.14645344583554953,
        -0.19848124649680754
      ],
      "scale": [
        0.006741041538786929,
        0.10160231261959242,
        0.016115708592576924
      ]
    }
  },
  {
    "frame_id": 5,
    "image": "frame_000149.png",
    "keypoints_2d": [
      [
        1.0615139709773944,
        0.40471910734212124,
        0.22595336521334547
      ],
      [
        1.09430704111027,
        0.6790298320989474,
        0.2026919047447706
      ],
      [
        1.1367092244797177,
        0.6728735602723581,
        0.2001932264110534
      ],
      [
        1.022793902279425,
        0.13885619048803394,
        0.2353229507928693
      ],
      [
        0.987127094380776,
        0.14716805410535805,
        0.23782162912658655
      ],
      [
        1.0939994421856993,
        0.6956419057591001,
        0.21658377963382164
      ],
      [
        1.1336519471091817,
        0.6899943030143719,
        0.2140851013001044
      ],
      [
        1.0282386487346615,
        0.18259464804380232,
        0.24921482568192035
      ],
      [
        0.9943923756953157,
        0.19025053927204644,
        0.2517135040156376
      ]
    ],
    "keypoints_3d": [
      [
        0.10004833774043909,
        -0.016976772478613403,
        0.22595336521334547
      ],
      [
        0.09564125464783185,
        0.0288110969194407,
        0.2026919047447706
      ],
      [
        0.10179110805381436,
        0.027637405862480563,
        0.2001932264110534
      ],
      [
        0.09788483021298955,
        -0.06761842539176507,
        0.2353229507928693
      ],
      [
        0.0917349768070071,
        -0.06644473433480494,
        0.23782162912658655
      ],
      [
        0.10221184526788862,
        0.03366488043453826,
        0.21658377963382164
      ],
      [
        0.10836169867387113,
        0.032491189377578125,
        0.2140851013001044
      ],
      [
        0.10445542083304638,
        -0.06276464187666751,
        0.24921482568192035
      ],
      [
        0.09830556742706387,
        -0.06159095081970736,
        0.2517135040156376
      ]
    ],
    "model_matrix": [
      0.24537126087581895,
      -0.6546644467936956,
      0.7149876967056952,
      -0.05816183121207582,
      -0.025226203524183845,
      -0.7415968246339776,
      -0.6703713809140112,
      0.06565187900909294,
      0.9691009147617019,
      0.14645344583554953,
      -0.19848124649680754,
      0.29282991246273193,
      0.0,
      0.0,
      0.0,
      1.0
    ],
    "view_matrix": [
      -0.042488116995592816,
      0.2788175178212438,
      0.9594037479967282,
      -0.20166985843669227,
      0.3557072212328292,
      0.9015706415139177,
      -0.24625748947595846,
      0.01663356329536193,
      -0.9336311545128452,
      0.3308038242163822,
      -0.13748344339166452,
      0.1901930396404908,
      0.0,
      0.0,
      0.0,
      1.0
    ],
    "camera_intrinsics": {
      "fx": 670.9633168650147,
      "fy": 670.9633168650147,
      "cx": 256.0,
      "cy": 256.0,
      "image_width": 512,
      "image_height": 512,
      "model": "SIMPLE_RADIAL",
      "dist": [
        -0.16013782228289028,
        0.0,
        0.0,
        0.0
      ]
    },
    "visibility": [
      0.0,
      0.0,
      0.0,
      0.0,
      1.0,
      0.0,
      0.0,
      0.0,
      1.0
    ],
    "keypoints_2d_visibility": [
      0.0,
      0.0,
      0.0,
      0.0,
      1.0,
      0.0,
      0.0,
      0.0,
      1.0
    ],
    "pose_6dof": {
      "translation": [
        -0.05816183121207582,
        0.06565187900909294,
        0.29282991246273193
      ],
      "rotation": [
        0.24537126087581895,
        -0.6546644467936956,
        0.7149876967056952,
        -0.025226203524183845,
        -0.7415968246339776,
        -0.6703713809140112,
        0.9691009147617019,
        0.14645344583554953,
        -0.19848124649680754
      ]
    },
    "pose_9dof": {
      "translation": [
        -0.05816183121207582,
        0.06565187900909294,
        0.29282991246273193
      ],
      "rotation": [
        0.24537126087581895,
        -0.6546644467936956,
        0.7149876967056952,
        -0.025226203524183845,
        -0.7415968246339776,
        -0.6703713809140112,
        0.9691009147617019,
        0.14645344583554953,
        -0.19848124649680754
      ],
      "scale": [
        0.006741041538786929,
        0.10160231261959242,
        0.016115708592576924
      ]
    }
  },
  {
    "frame_id": 6,
    "image": "frame_000150.png",
    "keypoints_2d": [
      [
        1.067966542641361,
        0.4025033362297591,
        0.2252846511507905
      ],
      [
        1.1006149289474754,
        0.6754246183699635,
        0.20215582222298836
      ],
      [
        1.1428786350127598,
        0.6693936144415216,
        0.1996331837962579
      ],
      [
        1.0297289006224863,
        0.13785600718254798,
        0.23453169629964382
      ],
      [
        0.9941684413516285,
        0.14609739101098862,
        0.23705433472637427
      ],
      [
        1.0999027860491966,
        0.691959587343444,
        0.21603760600193717
      ],
      [
        1.139423928386841,
        0.6864312304050975,
        0.21351496757520672
      ],
      [
        1.0347936055475966,
        0.18143293422992884,
        0.24841348007859262
      ],
      [
        1.001051250685717,
        0.1890193852650282,
        0.25093611850532305
      ]
    ],
    "keypoints_3d": [
      [
        0.10171774334324885,
        -0.017460783123041303,
        0.2252846511507905
      ],
      [
        0.09716771289342452,
        0.028380261846108444,
        0.20215582222298836
      ],
      [
        0.10331062331420643,
        0.027221560867476326,
        0.1996331837962579
      ],
      [
        0.0996565386962695,
        -0.06812922004335506,
        0.23453169629964382
      ],
      [
        0.09351362827548765,
        -0.06697051906472294,
        0.23705433472637427
      ],
      [
        0.10377894799022819,
        0.033207653797272446,
        0.21603760600193717
      ],
      [
        0.1099218584110101,
        0.03204895281864032,
        0.21351496757520672
      ],
      [
        0.10626777379307317,
        -0.06330182809219106,
        0.24841348007859262
      ],
      [
        0.10012486337229132,
        -0.062143127113558946,
        0.25093611850532305
      ]
    ],
    "model_matrix": [
      0.24537126087581895,
      -0.6546644467936956,
      0.7149876967056952,
      -0.05816183121207582,
      -0.025226203524183845,
      -0.7415968246339776,
      -0.6703713809140112,
      0.06565187900909294,
      0.9691009147617019,
      0.14645344583554953,
      -0.19848124649680754,
      0.29282991246273193,
      0.0,
      0.0,
      0.0,
      1.0
    ],
    "view_matrix": [
      -0.046169049239180936,
      0.2786934416298032,
      0.9592697141497202,
      -0.2001671476389424,
      0.3580355380320623,
      0.9011097647803596,
      -0.2445643991335953,
      0.015819441746423222,
      -0.9325658005730437,
      0.332161342437708,
      -0.14138553741998494,
      0.19063981474467898,
      0.0,
      0.0,
      0.0,
      1.0
    ],
    "camera_intrinsics": {
      "fx": 666.0492974880282,
      "fy": 666.0492974880282,
      "cx": 256.0,
      "cy": 256.0,
      "image_width": 512,
      "image_height": 512,
      "model": "SIMPLE_RADIAL",
      "dist": [
        -0.15729867550196702,
        0.0,
        0.0,
        0.0
      ]
    },
    "visibility": [
      0.0,
      0.0,
      0.0,
      0.0,
      1.0,
      0.0,
      0.0,
      0.0,
      0.0
    ],
    "keypoints_2d_visibility": [
      0.0,
      0.0,
      0.0,
      0.0,
      1.0,
      0.0,
      0.0,
      0.0,
      0.0
    ],
    "pose_6dof": {
      "translation": [
        -0.05816183121207582,
        0.06565187900909294,
        0.29282991246273193
      ],
      "rotation": [
        0.24537126087581895,
        -0.6546644467936956,
        0.7149876967056952,
        -0.025226203524183845,
        -0.7415968246339776,
        -0.6703713809140112,
        0.9691009147617019,
        0.14645344583554953,
        -0.19848124649680754
      ]
    },
    "pose_9dof": {
      "translation": [
        -0.05816183121207582,
        0.06565187900909294,
        0.29282991246273193
      ],
      "rotation": [
        0.24537126087581895,
        -0.6546644467936956,
        0.7149876967056952,
        -0.025226203524183845,
        -0.7415968246339776,
        -0.6703713809140112,
        0.9691009147617019,
        0.14645344583554953,
        -0.19848124649680754
      ],
      "scale": [
        0.006741041538786929,
        0.10160231261959242,
        0.016115708592576924
      ]
    }
  },
  {
    "frame_id": 7,
    "image": "frame_000151.png",
    "keypoints_2d": [
      [
        1.0773375812810684,
        0.4169641443842066,
        0.22398462909328098
      ],
      [
        1.1083804910075274,
        0.6852657353479272,
        0.20053864082641204
      ],
      [
        1.1502289970211574,
        0.6797446772554631,
        0.19796908848996944
      ],
      [
        1.0415369681292823,
        0.1570466775234466,
        0.23364829912856533
      ],
      [
        1.0064175432916125,
        0.16493997115907438,
        0.23621785146500796
      ],
      [
        1.1069806976038727,
        0.7017288405347031,
        0.21432095905799664
      ],
      [
        1.146111842938025,
        0.6966832668751091,
        0.21175140672155404
      ],
      [
        1.0457308589620253,
        0.20001997262508464,
        0.24743061736014993
      ],
      [
        1.0124082606328004,
        0.20726604561326945,
        0.25000016969659256
      ]
    ],
    "keypoints_3d": [
      [
        0.10527683480591712,
        -0.015141491456756678,
        0.22398462909328098
      ],
      [
        0.10004029712404153,
        0.03046455217592008,
        0.20053864082641204
      ],
      [
        0.10617180845507182,
        0.029349379267631738,
        0.19796908848996944
      ],
      [
        0.10382713822378545,
        -0.06575333562191606,
        0.23364829912856533
      ],
      [
        0.09769562689275516,
        -0.06463816271362773,
        0.23621785146500796
      ],
      [
        0.1067265313880488,
        0.03547035270840271,
        0.21432095905799664
      ],
      [
        0.1128580427190791,
        0.03435517980011438,
        0.21175140672155404
      ],
      [
        0.11051337248779272,
        -0.06074753508943344,
        0.24743061736014993
      ],
      [
        0.10438186115676243,
        -0.05963236218114509,
        0.25000016969659256
      ]
    ],
    "model_matrix": [
      0.24537126087581895,
      -0.6546644467936956,
      0.7149876967056952,
      -0.05816183121207582,
      -0.025226203524183845,
      -0.7415968246339776,
      -0.6703713809140112,
      0.06565187900909294,
      0.9691009147617019,
      0.14645344583554953,
      -0.19848124649680754,
      0.29282991246273193,
      0.0,
      0.0,
      0.0,
      1.0
    ],
    "view_matrix": [
      -0.05834845817613198,
      0.27229843302677814,
      0.9604420965366048,
      -0.1972398972037843,
      0.3501062989622984,
      0.9065575681170961,
      -0.23575189313458017,
      0.014739330462494395,
      -0.9348909224371523,
      0.32250106830951425,
      -0.1482296329477748,
      0.1918429303843098,
      0.0,
      0.0,
      0.0,
      1.0
    ],
    "camera_intrinsics": {
      "fx": 650.7372147199707,
      "fy": 650.7372147199707,
      "cx": 256.0,
      "cy": 256.0,
      "image_width": 512,
      "image_height": 512,
      "model": "SIMPLE_RADIAL",
      "dist": [
        -0.14878765183742013,
        0.0,
        0.0,
        0.0
      ]
    },
    "visibility": [
      0.0,
      0.0,
      0.0,
      0.0,
      0.0,
      0.0,
      0.0,
      0.0,
      0.0
    ],
    "keypoints_2d_visibility": [
      0.0,
      0.0,
      0.0,
      0.0,
      0.0,
      0.0,
      0.0,
      0.0,
      0.0
    ],
    "pose_6dof": {
      "translation": [
        -0.05816183121207582,
        0.06565187900909294,
        0.29282991246273193
      ],
      "rotation": [
        0.24537126087581895,
        -0.6546644467936956,
        0.7149876967056952,
        -0.025226203524183845,
        -0.7415968246339776,
        -0.6703713809140112,
        0.9691009147617019,
        0.14645344583554953,
        -0.19848124649680754
      ]
    },
    "pose_9dof": {
      "translation": [
        -0.05816183121207582,
        0.06565187900909294,
        0.29282991246273193
      ],
      "rotation": [
        0.24537126087581895,
        -0.6546644467936956,
        0.7149876967056952,
        -0.025226203524183845,
        -0.7415968246339776,
        -0.6703713809140112,
        0.9691009147617019,
        0.14645344583554953,
        -0.19848124649680754
      ],
      "scale": [
        0.006741041538786929,
        0.10160231261959242,
        0.016115708592576924
      ]
    }
  },
  {
    "frame_id": 8,
    "image": "frame_000152.png",
    "keypoints_2d": [
      [
        1.0949523354997799,
        0.43296818029526274,
        0.22093196230278944
      ],
      [
        1.1216121568600896,
        0.6946542458342237,
        0.19737449096981932
      ],
      [
        1.162748068060443,
        0.6901312591811957,
        0.19469750482397985
      ],
      [
        1.0641410578311121,
        0.17969301371123564,
        0.23085623417722662
      ],
      [
        1.0296777401611261,
        0.18683193004735327,
        0.23353322032306606
      ],
      [
        1.119099560498901,
        0.7109132632710269,
        0.21100769042835227
      ],
      [
        1.1575538239689616,
        0.7068089346877683,
        0.20833070428251282
      ],
      [
        1.066892510403244,
        0.2218003955634209,
        0.24448943363575956
      ],
      [
        1.0341956854060224,
        0.22832148513877654,
        0.24716641978159903
      ]
    ],
    "keypoints_3d": [
      [
        0.11141169699201442,
        -0.012552482510206577,
        0.22093196230278944
      ],
      [
        0.10479614370783796,
        0.03281630530333312,
        0.19737449096981932
      ],
      [
        0.11090140934635478,
        0.031815746616508565,
        0.19469750482397985
      ],
      [
        0.11119516174761968,
        -0.06313418719460473,
        0.23085623417722662
      ],
      [
        0.10508989610910285,
        -0.06213362850778017,
        0.23353322032306606
      ],
      [
        0.11162823223640911,
        0.03802922217419156,
        0.21100769042835227
      ],
      [
        0.11773349787492599,
        0.03702866348736701,
        0.20833070428251282
      ],
      [
        0.11802725027619082,
        -0.057921270323746284,
        0.24448943363575956
      ],
      [
        0.111921984637674,
        -0.05692071163692173,
        0.24716641978159903
      ]
    ],
    "model_matrix": [
      0.24537126087581895,
      -0.6546644467936956,
      0.7149876967056952,
      -0.05816183121207582,
      -0.025226203524183845,
      -0.7415968246339776,
      -0.6703713809140112,
      0.06565187900909294,
      0.9691009147617019,
      0.14645344583554953,
      -0.19848124649680754,
      0.29282991246273193,
      0.0,
      0.0,
      0.0,
      1.0
    ],
    "view_matrix": [
      -0.08277515992891644,
      0.25920591868429377,
      0.9622684472733031,
      -0.19220099868091617,
      0.34410488184772836,
      0.913629008098359,
      -0.21650373172250292,
      0.010878595256356557,
      -0.9352754156863653,
      0.3132001393362396,
      -0.16481980928412976,
      0.19423662411029705,
      0.0,
      0.0,
      0.0,
      1.0
    ],
    "camera_intrinsics": {
      "fx": 626.9995218270434,
      "fy": 626.9995218270434,
      "cx": 256.0,
      "cy": 256.0,
      "image_width": 512,
      "image_height": 512,
      "model": "SIMPLE_RADIAL",
      "dist": [
        -0.14206898098145085,
        0.0,
        0.0,
        0.0
      ]
    },
    "visibility": [
      0.0,
      0.0,
      0.0,
      0.0,
      0.0,
      0.0,
      0.0,
      0.0,
      0.0
    ],
    "keypoints_2d_visibility": [
      0.0,
      0.0,
      0.0,
      0.0,
      0.0,
      0.0,
      0.0,
      0.0,
      0.0
    ],
    "pose_6dof": {
      "translation": [
        -0.05816183121207582,
        0.06565187900909294,
        0.29282991246273193
      ],
      "rotation": [
        0.24537126087581895,
        -0.6546644467936956,
        0.7149876967056952,
        -0.025226203524183845,
        -0.7415968246339776,
        -0.6703713809140112,
        0.9691009147617019,
        0.14645344583554953,
        -0.19848124649680754
      ]
    },
    "pose_9dof": {
      "translation": [
        -0.05816183121207582,
        0.06565187900909294,
        0.29282991246273193
      ],
      "rotation": [
        0.24537126087581895,
        -0.6546644467936956,
        0.7149876967056952,
        -0.025226203524183845,
        -0.7415968246339776,
        -0.6703713809140112,
        0.9691009147617019,
        0.14645344583554953,
        -0.19848124649680754
      ],
      "scale": [
        0.006741041538786929,
        0.10160231261959242,
        0.016115708592576924
      ]
    }
  },
  {
    "frame_id": 9,
    "image": "frame_000153.png",
    "keypoints_2d": [
      [
        1.108678023775234,
        0.44560014465208936,
        0.21946073324653328
      ],
      [
        1.1392704168049503,
        0.7043036397935345,
        0.19530515081638952
      ],
      [
        1.1804715576885965,
        0.6996311127323587,
        0.19258727271821077
      ],
      [
        1.075567026676354,
        0.1959747420100928,
        0.2301237706926807
      ],
      [
        1.0412928745855163,
        0.20343471013405218,
        0.23284164879085945
      ],
      [
        1.1361491742027914,
        0.7206165888139181,
        0.20879769580038587
      ],
      [
        1.1746632215983803,
        0.7163835909438874,
        0.20607981770220712
      ],
      [
        1.0780051218895919,
        0.23765291790455012,
        0.24361631567667708
      ],
      [
        1.0454884606553105,
        0.24445685037305442,
        0.24633419377485583
      ]
    ],
    "keypoints_3d": [
      [
        0.11533994981717371,
        -0.010308367216830002,
        0.21946073324653328
      ],
      [
        0.10871118468474261,
        0.0347428727084936,
        0.19530515081638952
      ],
      [
        0.11478695234310565,
        0.03367524588573177,
