[
  {
    "frame_id": 0,
    "image": "frame_000000.png",
    "keypoints_2d": [
      [
        0.3953552793284132,
        0.36017388341913537,
        0.1422027331603658
      ],
      [
        0.27027475392894296,
        0.6114790042335996,
        0.1379759047589106
      ],
      [
        0.46559097385934506,
        0.6162796420611335,
        0.12843501963487167
      ],
      [
        0.47394914863276777,
        0.07748860441005467,
        0.13347972091971297
      ],
      [
        0.2846883150574202,
        0.10865507421644272,
        0.1430206060437519
      ],
      [
        0.32578439862504627,
        0.609571585968323,
        0.15092574540101864
      ],
      [
        0.5068869795695664,
        0.6138271315083113,
        0.14138486027697972
      ],
      [
        0.5131463344864045,
        0.12294279060909202,
        0.14642956156182102
      ],
      [
        0.33730542314389955,
        0.14879220094673462,
        0.15597044668585994
      ]
    ],
    "keypoints_3d": [
      [
        -0.013663201293844324,
        -0.01825674878503102,
        0.1422027331603658
      ],
      [
        -0.029091678575655713,
        0.014117348504634572,
        0.1379759047589106
      ],
      [
        -0.004058454869737757,
        0.013714880439955146,
        0.12843501963487167
      ],
      [
        -0.003187400064472462,
        -0.05169554079287071,
        0.13347972091971297
      ],
      [
        -0.02822062377039041,
        -0.051293072728191294,
        0.1430206060437519
      ],
      [
        -0.0241390025232162,
        0.015182043222808668,
        0.15092574540101864
      ],
      [
        0.000894221182701771,
        0.014779575158129242,
        0.14138486027697972
      ],
      [
        0.001765275987967066,
        -0.05063084607469663,
        0.14642956156182102
      ],
      [
        -0.02326794771795089,
        -0.050228378010017186,
        0.15597044668585994
      ]
    ],
    "model_matrix": [
      0.90884019390491,
      -0.4167553748803758,
      -0.018012758012113682,
      -0.031241693542820168,
      -0.4171206477378579,
      -0.9074792502435647,
      -0.049917688329165426,
      -0.04272215674749249,
      0.004457260777131409,
      0.0528806948299217,
      -0.9985908896743796,
      0.2295991177860968,
      0.0,
      0.0,
      0.0,
      1.0
    ],
    "view_matrix": [
      0.850036978395749,
      -0.3839959880065721,
      0.3605332391814678,
      -0.08628985695339333,
      0.403211831566451,
      0.9148004322654083,
      0.023672515959442954,
      0.02798733036945852,
      -0.33890611420370226,
      0.12524875377375494,
      0.9324459209163116,
      -0.07712313173385354,
      0.0,
      0.0,
      0.0,
      1.0
    ],
    "camera_intrinsics": {
      "fx": 557.433033940035,
      "fy": 557.433033940035,
      "cx": 256.0,
      "cy": 256.0,
      "image_width": 512,
      "image_height": 512,
      "model": "SIMPLE_RADIAL",
      "dist": [
        0.01343918305342506,
        0.0,
        0.0,
        0.0
      ]
    },
    "visibility": [
      1.0,
      1.0,
      1.0,
      1.0,
      1.0,
      1.0,
      1.0,
      1.0,
      1.0
    ],
    "keypoints_2d_visibility": [
      1.0,
      1.0,
      1.0,
      1.0,
      1.0,
      1.0,
      1.0,
      1.0,
      1.0
    ],
    "pose_6dof": {
      "translation": [
        -0.031241693542820168,
        -0.04272215674749249,
        0.2295991177860968
      ],
      "rotation": [
        0.90884019390491,
        -0.4167553748803758,
        -0.018012758012113682,
        -0.4171206477378579,
        -0.9074792502435647,
        -0.049917688329165426,
        0.004457260777131409,
        0.0528806948299217,
        -0.9985908896743796
      ]
    },
    "pose_9dof": {
      "translation": [
        -0.031241693542820168,
        -0.04272215674749249,
        0.2295991177860968
      ],
      "rotation": [
        0.90884019390491,
        -0.4167553748803758,
        -0.018012758012113682,
        -0.4171206477378579,
        -0.9074792502435647,
        -0.049917688329165426,
        0.004457260777131409,
        0.0528806948299217,
        -0.9985908896743796
      ],
      "scale": [
        0.026792774373023173,
        0.06561044850770928,
        0.013905428708936261
      ]
    }
  },
  {
    "frame_id": 1,
    "image": "frame_000001.png",
    "keypoints_2d": [
      [
        0.3960270899758392,
        0.3611664994534861,
        0.14082119020300515
      ],
      [
        0.27116820630438004,
        0.6126906909257958,
        0.13661332918010172
      ],
      [
        0.4665909895076122,
        0.6175023053379254,
        0.1270741921176789
      ],
      [
        0.47438740594010426,
        0.07810839108904521,
        0.1320781537580198
      ],
      [
        0.2850547679689719,
        0.10964899844115367,
        0.1416172908204426
      ],
      [
        0.3267632282530166,
        0.6104906523286582,
        0.14956422664799052
      ],
      [
        0.5078254620835825,
        0.6147323089872289,
        0.1400250895855677
      ],
      [
        0.5135688697607574,
        0.12378302420493442,
        0.1450290512259086
      ],
      [
        0.33779096974363587,
        0.1499153865002809,
        0.1545681882883314
      ]
    ],
    "keypoints_3d": [
      [
        -0.01357410178312643,
        -0.018125298858021683,
        0.14082119020300515
      ],
      [
        -0.028970190488710044,
        0.014266683530729742,
        0.13661332918010172
      ],
      [
        -0.00393661034624071,
        0.013845390332820652,
        0.1270741921176789
      ],
      [
        -0.0031306992389740357,
        -0.051568995153645186,
        0.1320781537580198
      ],
      [
        -0.028164279381443356,
        -0.05114770195573609,
        0.1416172908204426
      ],
      [
        -0.024017504327278824,
        0.015318397437601819,
        0.14956422664799052
      ],
      [
        0.0010160758151905036,
        0.014897104239692727,
        0.1400250895855677
      ],
      [
        0.0018219869224571777,
        -0.05051728124677311,
        0.1450290512259086
      ],
      [
        -0.023211593220012136,
        -0.05009598804886402,
        0.1545681882883314
      ]
    ],
    "model_matrix": [
      0.90884019390491,
      -0.4167553748803758,
      -0.018012758012113682,
      -0.031241693542820168,
      -0.4171206477378579,
      -0.9074792502435647,
      -0.049917688329165426,
      -0.04272215674749249,
      0.004457260777131409,
      0.0528806948299217,
      -0.9985908896743796,
      0.2295991177860968,
      0.0,
      0.0,
      0.0,
      1.0
    ],
    "view_matrix": [
      0.8504628727993916,
      -0.3831004773908046,
      0.3604815199323586,
      -0.08613731894137135,
      0.40258162824525495,
      0.9151017418542058,
      0.0227339977742122,
      0.028327447220274703,
      -0.3385866721966551,
      0.12578881618942173,
      0.9324892702505797,
      -0.07848157511965435,
      0.0,
      0.0,
      0.0,
      1.0
    ],
    "camera_intrinsics": {
      "fx": 552.0661305185843,
      "fy": 552.0661305185843,
      "cx": 256.0,
      "cy": 256.0,
      "image_width": 512,
      "image_height": 512,
      "model": "SIMPLE_RADIAL",
      "dist": [
        0.013890742650518656,
        0.0,
        0.0,
        0.0
      ]
    },
    "visibility": [
      1.0,
      1.0,
      1.0,
      1.0,
      1.0,
      1.0,
      1.0,
      1.0,
      1.0
    ],
    "keypoints_2d_visibility": [
      1.0,
      1.0,
      1.0,
      1.0,
      1.0,
      1.0,
      1.0,
      1.0,
      1.0
    ],
    "pose_6dof": {
      "translation": [
        -0.031241693542820168,
        -0.04272215674749249,
        0.2295991177860968
      ],
      "rotation": [
        0.90884019390491,
        -0.4167553748803758,
        -0.018012758012113682,
        -0.4171206477378579,
        -0.9074792502435647,
        -0.049917688329165426,
        0.004457260777131409,
        0.0528806948299217,
        -0.9985908896743796
      ]
    },
    "pose_9dof": {
      "translation": [
        -0.031241693542820168,
        -0.04272215674749249,
        0.2295991177860968
      ],
      "rotation": [
        0.90884019390491,
        -0.4167553748803758,
        -0.018012758012113682,
        -0.4171206477378579,
        -0.9074792502435647,
        -0.049917688329165426,
        0.004457260777131409,
        0.0528806948299217,
        -0.9985908896743796
      ],
      "scale": [
        0.026792774373023173,
        0.06561044850770928,
        0.013905428708936261
      ]
    }
  },
  {
    "frame_id": 2,
    "image": "frame_000002.png",
    "keypoints_2d": [
      [
        0.39565584091171574,
        0.36309980918570944,
        0.14075734824507938
      ],
      [
        0.27131386456419426,
        0.6144466650507505,
        0.13650978971775796
      ],
      [
        0.46644693354809086,
        0.618952351870088,
        0.12696760933918882
      ],
      [
        0.47340316382143444,
        0.08046738304430412,
        0.1320560926676848
      ],
      [
        0.28450424971927835,
        0.11224757999233642,
        0.14159827304625391
      ],
      [
        0.32688763379892766,
        0.6121390679130032,
        0.14945860382247397
      ],
      [
        0.507672182820209,
        0.6160979225620603,
        0.13991642344390484
      ],
      [
        0.51263152777479,
        0.1259947806159195,
        0.14500490677240083
      ],
      [
        0.33725549680044986,
        0.15235858240975658,
        0.15454708715096993
      ]
    ],
    "keypoints_3d": [
      [
        -0.013645455852035276,
        -0.017902923615600388,
        0.14075734824507938
      ],
      [
        -0.028990202742743207,
        0.01450823425184613,
        0.13650978971775796
      ],
      [
        -0.003958720774055638,
        0.01403445932865256,
        0.12696760933918882
      ],
      [
        -0.00325696244837502,
        -0.05137460599145982,
        0.1320560926676848
      ],
      [
        -0.028288444417062575,
        -0.05090083106826625,
        0.14159827304625391
      ],
      [
        -0.024033949255695554,
        0.015568758760259045,
        0.14945860382247397
      ],
      [
        0.000997532712992008,
        0.015094983837065477,
        0.13991642344390484
      ],
      [
        0.00169929103867264,
        -0.05031408148304692,
        0.14500490677240083
      ],
      [
        -0.02333219093001493,
        -0.049840306559853345,
        0.15454708715096993
      ]
    ],
    "model_matrix": [
      0.90884019390491,
      -0.4167553748803758,
      -0.018012758012113682,
      -0.031241693542820168,
      -0.4171206477378579,
      -0.9074792502435647,
      -0.049917688329165426,
      -0.04272215674749249,
      0.004457260777131409,
      0.0528806948299217,
      -0.9985908896743796,
      0.2295991177860968,
      0.0,
      0.0,
      0.0,
      1.0
    ],
    "view_matrix": [
      0.8510578964647557,
      -0.3816144355243685,
      0.36065340628420883,
      -0.08616606150446923,
      0.4007790102784788,
      0.9158768417339036,
      0.023362270774330195,
      0.028382368636602696,
      -0.33922948248226903,
      0.12465967020230587,
      0.9324072741242768,
      -0.07859491287312079,
      0.0,
      0.0,
      0.0,
      1.0
    ],
    "camera_intrinsics": {
      "fx": 550.8763051375215,
      "fy": 550.8763051375215,
      "cx": 256.0,
      "cy": 256.0,
      "image_width": 512,
      "image_height": 512,
      "model": "SIMPLE_RADIAL",
      "dist": [
        0.015041773545942086,
        0.0,
        0.0,
        0.0
      ]
    },
    "visibility": [
      1.0,
      1.0,
      1.0,
      1.0,
      1.0,
      1.0,
      1.0,
      1.0,
      1.0
    ],
    "keypoints_2d_visibility": [
      1.0,
      1.0,
      1.0,
      1.0,
      1.0,
      1.0,
      1.0,
      1.0,
      1.0
    ],
    "pose_6dof": {
      "translation": [
        -0.031241693542820168,
        -0.04272215674749249,
        0.2295991177860968
      ],
      "rotation": [
        0.90884019390491,
        -0.4167553748803758,
        -0.018012758012113682,
        -0.4171206477378579,
        -0.9074792502435647,
        -0.049917688329165426,
        0.004457260777131409,
        0.0528806948299217,
        -0.9985908896743796
      ]
    },
    "pose_9dof": {
      "translation": [
        -0.031241693542820168,
        -0.04272215674749249,
        0.2295991177860968
      ],
      "rotation": [
        0.90884019390491,
        -0.4167553748803758,
        -0.018012758012113682,
        -0.4171206477378579,
        -0.9074792502435647,
        -0.049917688329165426,
        0.004457260777131409,
        0.0528806948299217,
        -0.9985908896743796
      ],
      "scale": [
        0.026792774373023173,
        0.06561044850770928,
        0.013905428708936261
      ]
    }
  },
  {
    "frame_id": 3,
    "image": "frame_000003.png",
    "keypoints_2d": [
      [
        0.39578605231749425,
        0.36484305652952326,
        0.14107761879176453
      ],
      [
        0.2717933232711275,
        0.6159755614335225,
        0.13682001404745558
      ],
      [
        0.4666003426188869,
        0.6203686414921472,
        0.12725609625574247
      ],
      [
        0.47314805132523613,
        0.0827128266100482,
        0.13239156331494836
      ],
      [
        0.28465049707538603,
        0.11454197342506939,
        0.14195548110666148
      ],
      [
        0.3273245820607663,
        0.6135900866600758,
        0.1497636742685807
      ],
      [
        0.5078571289419722,
        0.6174420552439474,
        0.14019975647686758
      ],
      [
        0.5124323518550222,
        0.12796154139575483,
        0.14533522353607348
      ],
      [
        0.337374622004996,
        0.15439278710925458,
        0.1548991413277866
      ]
    ],
    "keypoints_3d": [
      [
        -0.013646840161914503,
        -0.017698832501133074,
        0.14107761879176453
      ],
      [
        -0.02896851874323015,
        0.01472191906608917,
        0.13682001404745558
      ],
      [
        -0.00394587299373883,
        0.01422048634623057,
        0.12725609625574247
      ],
      [
        -0.003293722807586802,
        -0.05118542035646169,
        0.13239156331494836
      ],
      [
        -0.028316368557078107,
        -0.05068398763660309,
        0.14195548110666148
      ],
      [
        -0.02399995751624221,
        0.015787755354195552,
        0.1497636742685807
      ],
      [
        0.0010226882332490944,
        0.01528632263433695,
        0.14019975647686758
      ],
      [
        0.0016748384194011368,
        -0.0501195840683553,
        0.14533522353607348
      ],
      [
        -0.023347807330090176,
        -0.04961815134849672,
        0.1548991413277866
      ]
    ],
    "model_matrix": [
      0.90884019390491,
      -0.4167553748803758,
      -0.018012758012113682,
      -0.031241693542820168,
      -0.4171206477378579,
      -0.9074792502435647,
      -0.049917688329165426,
      -0.04272215674749249,
      0.004457260777131409,
      0.0528806948299217,
      -0.9985908896743796,
      0.2295991177860968,
      0.0,
      0.0,
      0.0,
      1.0
    ],
    "view_matrix": [
      0.8510892146445153,
      -0.38074654125617907,
      0.36149580915584495,
      -0.08632280402255638,
      0.3998276449023466,
      0.9162828097594375,
      0.02374167035390181,
      0.028486971506404914,
      -0.3402719546004715,
      0.12432973844099832,
      0.9320714098456017,
      -0.07824419217522233,
      0.0,
      0.0,
      0.0,
      1.0
    ],
    "camera_intrinsics": {
      "fx": 551.3934362021937,
      "fy": 551.3934362021937,
      "cx": 256.0,
      "cy": 256.0,
      "image_width": 512,
      "image_height": 512,
      "model": "SIMPLE_RADIAL",
      "dist": [
        0.01470414867949102,
        0.0,
        0.0,
        0.0
      ]
    },
    "visibility": [
      1.0,
      1.0,
      1.0,
      1.0,
      1.0,
      1.0,
      1.0,
      1.0,
      1.0
    ],
    "keypoints_2d_visibility": [
      1.0,
      1.0,
      1.0,
      1.0,
      1.0,
      1.0,
      1.0,
      1.0,
      1.0
    ],
    "pose_6dof": {
      "translation": [
        -0.031241693542820168,
        -0.04272215674749249,
        0.2295991177860968
      ],
      "rotation": [
        0.90884019390491,
        -0.4167553748803758,
        -0.018012758012113682,
        -0.4171206477378579,
        -0.9074792502435647,
        -0.049917688329165426,
        0.004457260777131409,
        0.0528806948299217,
        -0.9985908896743796
      ]
    },
    "pose_9dof": {
      "translation": [
        -0.031241693542820168,
        -0.04272215674749249,
        0.2295991177860968
      ],
      "rotation": [
        0.90884019390491,
        -0.4167553748803758,
        -0.018012758012113682,
        -0.4171206477378579,
        -0.9074792502435647,
        -0.049917688329165426,
        0.004457260777131409,
        0.0528806948299217,
        -0.9985908896743796
      ],
      "scale": [
        0.026792774373023173,
        0.06561044850770928,
        0.013905428708936261
      ]
    }
  },
  {
    "frame_id": 4,
    "image": "frame_000004.png",
    "keypoints_2d": [
      [
        0.39686092108351895,
        0.3620904343383481,
        0.14084571820777306
      ],
      [
        0.2733341010164857,
        0.6130620938982867,
        0.13670456203247697
      ],
      [
        0.4677856984469055,
        0.6173437369204497,
        0.12709831454314413
      ],
      [
        0.4738674054281437,
        0.07969518420130645,
        0.132048414700408
      ],
      [
        0.28549966199927923,
        0.11187208557362693,
        0.14165466218974082
      ],
      [
        0.32884133401113236,
        0.6106220936498323,
        0.1496430217151381
      ],
      [
        0.5090595950659732,
        0.6143667840245721,
        0.1400367742258053
      ],
      [
        0.513258075007187,
        0.12498539161377709,
        0.14498687438306915
      ],
      [
        0.338319665963434,
        0.1517094435767955,
        0.15459312187240198
      ]
    ],
    "keypoints_3d": [
      [
        -0.013515306503134247,
        -0.01807161814137067,
        0.14084571820777306
      ],
      [
        -0.028816568270849434,
        0.014373849627473664,
        0.13670456203247697
      ],
      [
        -0.0038100235258598236,
        0.013878382479978718,
        0.12709831454314413
      ],
      [
        -0.003204657761333357,
        -0.0515422640630429,
        0.132048414700408
      ],
      [
        -0.028211202506322954,
        -0.05104679691554797,
        0.14165466218974082
      ],
      [
        -0.023825955244935165,
        0.01539902778030156,
        0.1496430217151381
      ],
      [
        0.001180589500054452,
        0.014903560632806614,
        0.1400367742258053
      ],
      [
        0.0017859552645809323,
        -0.050517085910215025,
        0.14498687438306915
      ],
      [
        -0.023220589480408685,
        -0.050021618762720065,
        0.15459312187240198
      ]
    ],
    "model_matrix": [
      0.90884019390491,
      -0.4167553748803758,
      -0.018012758012113682,
      -0.031241693542820168,
      -0.4171206477378579,
      -0.9074792502435647,
      -0.049917688329165426,
      -0.04272215674749249,
      0.004457260777131409,
      0.0528806948299217,
      -0.9985908896743796,
      0.2295991177860968,
      0.0,
      0.0,
      0.0,
      1.0
    ],
    "view_matrix": [
      0.8508687894236134,
      -0.3797696224420589,
      0.3630390296579841,
      -0.0865107428081108,
      0.4000709630398833,
      0.9162478523019647,
      0.02081099912011517,
      0.028793173608674498,
      -0.3405371165044054,
      0.12753394458830616,
      0.9315414994838458,
      -0.07822581931731432,
      0.0,
      0.0,
      0.0,
      1.0
    ],
    "camera_intrinsics": {
      "fx": 550.1116266177442,
      "fy": 550.1116266177442,
      "cx": 256.0,
      "cy": 256.0,
      "image_width": 512,
      "image_height": 512,
      "model": "SIMPLE_RADIAL",
      "dist": [
        0.014366192180160914,
        0.0,
        0.0,
        0.0
      ]
    },
    "visibility": [
      1.0,
      1.0,
      1.0,
      1.0,
      1.0,
      1.0,
      1.0,
      1.0,
      1.0
    ],
    "keypoints_2d_visibility": [
      1.0,
      1.0,
      1.0,
      1.0,
      1.0,
      1.0,
      1.0,
      1.0,
      1.0
    ],
    "pose_6dof": {
      "translation": [
        -0.031241693542820168,
        -0.04272215674749249,
        0.2295991177860968
      ],
      "rotation": [
        0.90884019390491,
        -0.4167553748803758,
        -0.018012758012113682,
        -0.4171206477378579,
        -0.9074792502435647,
        -0.049917688329165426,
        0.004457260777131409,
        0.0528806948299217,
        -0.9985908896743796
      ]
    },
    "pose_9dof": {
      "translation": [
        -0.031241693542820168,
        -0.04272215674749249,
        0.2295991177860968
      ],
      "rotation": [
        0.90884019390491,
        -0.4167553748803758,
        -0.018012758012113682,
        -0.4171206477378579,
        -0.9074792502435647,
        -0.049917688329165426,
        0.004457260777131409,
        0.0528806948299217,
        -0.9985908896743796
      ],
      "scale": [
        0.026792774373023173,
        0.06561044850770928,
        0.013905428708936261
      ]
    }
  },
  {
    "frame_id": 5,
    "image": "frame_000005.png",
    "keypoints_2d": [
      [
        0.39799680238372714,
        0.36058092360734195,
        0.13962714862287964
      ],
      [
        0.2743134777504378,
        0.6119229576733282,
        0.13555941235968633
      ],
      [
        0.4689350284487602,
        0.6163531218779313,
        0.12590732615866354
      ],
      [
        0.47506614104868367,
        0.077294815050589,
        0.13076402656497665
      ],
      [
        0.2864557373789399,
        0.1099278039795284,
        0.14041611276599944
      ],
      [
        0.33006495405534025,
        0.6093872952249351,
        0.1484902706807826
      ],
      [
        0.5103625788726653,
        0.6132540852649546,
        0.13883818447975985
      ],
      [
        0.5146102196147425,
        0.12299568030336056,
        0.14369488488607296
      ],
      [
        0.33952560182654784,
        0.15005377725673363,
        0.15334697108709575
      ]
    ],
    "keypoints_3d": [
      [
        -0.013345147793301995,
        -0.01824029268832313,
        0.13962714862287964
      ],
      [
        -0.028654751302540866,
        0.014210527439594355,
        0.13555941235968633
      ],
      [
        -0.0036655842821805146,
        0.013729359900906056,
        0.12590732615866354
      ],
      [
        -0.003049490138496508,
        -0.051698186610882144,
        0.13076402656497665
      ],
      [
        -0.02803865715885686,
        -0.05121701907219385,
        0.14041611276599944
      ],
      [
        -0.023640805448107483,
        0.015217601234235873,
        0.1484902706807826
      ],
      [
        0.0013483615722528625,
        0.014736433695547576,
        0.13883818447975985
      ],
      [
        0.001964455715936883,
        -0.05069111281624063,
        0.14369488488607296
      ],
      [
        -0.023024711304423476,
        -0.05020994527755232,
        0.15334697108709575
      ]
    ],
    "model_matrix": [
      0.90884019390491,
      -0.4167553748803758,
      -0.018012758012113682,
      -0.031241693542820168,
      -0.4171206477378579,
      -0.9074792502435647,
      -0.049917688329165426,
      -0.04272215674749249,
      0.004457260777131409,
      0.0528806948299217,
      -0.9985908896743796,
      0.2295991177860968,
      0.0,
      0.0,
      0.0,
      1.0
    ],
    "view_matrix": [
      0.8502413964880143,
      -0.37956370657501076,
      0.3647203865280227,
      -0.08673742580019908,
      0.40057639782206994,
      0.9160556749534352,
      0.019507688061405723,
      0.028931318538766352,
      -0.34150859023750185,
      0.1295121347080862,
      0.9309127186569902,
      -0.0792458593153616,
      0.0,
      0.0,
      0.0,
      1.0
    ],
    "camera_intrinsics": {
      "fx": 546.2249955878551,
      "fy": 546.2249955878551,
      "cx": 256.0,
      "cy": 256.0,
      "image_width": 512,
      "image_height": 512,
      "model": "SIMPLE_RADIAL",
      "dist": [
        0.013945919157262981,
        0.0,
        0.0,
        0.0
      ]
    },
    "visibility": [
      1.0,
      1.0,
      1.0,
      1.0,
      1.0,
      1.0,
      1.0,
      1.0,
      1.0
    ],
    "keypoints_2d_visibility": [
      1.0,
      1.0,
      1.0,
      1.0,
      1.0,
      1.0,
      1.0,
      1.0,
      1.0
    ],
    "pose_6dof": {
      "translation": [
        -0.031241693542820168,
        -0.04272215674749249,
        0.2295991177860968
      ],
      "rotation": [
        0.90884019390491,
        -0.4167553748803758,
        -0.018012758012113682,
        -0.4171206477378579,
        -0.9074792502435647,
        -0.049917688329165426,
        0.004457260777131409,
        0.0528806948299217,
        -0.9985908896743796
      ]
    },
    "pose_9dof": {
      "translation": [
        -0.031241693542820168,
        -0.04272215674749249,
        0.2295991177860968
      ],
      "rotation": [
        0.90884019390491,
        -0.4167553748803758,
        -0.018012758012113682,
        -0.4171206477378579,
        -0.9074792502435647,
        -0.049917688329165426,
        0.004457260777131409,
        0.0528806948299217,
        -0.9985908896743796
      ],
      "scale": [
        0.026792774373023173,
        0.06561044850770928,
        0.013905428708936261
      ]
    }
  },
  {
    "frame_id": 6,
    "image": "frame_000006.png",
    "keypoints_2d": [
      [
        0.3931858048443144,
        0.3560673769987669,
        0.13996409823675704
      ],
      [
        0.26919285149896593,
        0.6073571842395282,
        0.13590919741329285
      ],
      [
        0.46363746212471774,
        0.6116066093708662,
        0.1262878330311631
      ],
      [
        0.4702410497358979,
        0.07240673980730583,
        0.13108090927842617
      ],
      [
        0.2816539095272294,
        0.10501667290552974,
        0.1407022736605559
      ],
      [
        0.3252577509772142,
        0.6051728041448515,
        0.1488472871950879
      ],
      [
        0.5054285055686641,
        0.6089015045866752,
        0.13922592281295817
      ],
      [
        0.5101220517225675,
        0.1184294488327512,
        0.14401899906022123
      ],
      [
        0.33503539163786655,
        0.14546741926478857,
        0.153640363442351
      ]
    ],
    "keypoints_3d": [
      [
        -0.013966256011582925,
        -0.01881959470203316,
        0.13996409823675704
      ],
      [
        -0.029292415039051764,
        0.013625016463275274,
        0.13590919741329285
      ],
      [
        -0.0042909138994993296,
        0.013169992508993093,
        0.1262878330311631
      ],
      [
        -0.003637238620726402,
        -0.052261881085613804,
        0.13108090927842617
      ],
      [
        -0.028638739760278822,
        -0.051806857131331624,
        0.1407022736605559
      ],
      [
        -0.024295273402439463,
        0.01462269168154749,
        0.1488472871950879
      ],
      [
        0.0007062277371129716,
        0.014167667727265304,
        0.13922592281295817
      ],
      [
        0.0013599030158859132,
        -0.051264205867341595,
        0.14401899906022123
      ],
      [
        -0.02364159812366652,
        -0.050809181913059415,
        0.153640363442351
      ]
    ],
    "model_matrix": [
      0.90884019390491,
      -0.4167553748803758,
      -0.018012758012113682,
      -0.031241693542820168,
      -0.4171206477378579,
      -0.9074792502435647,
      -0.049917688329165426,
      -0.04272215674749249,
      0.004457260777131409,
      0.0528806948299217,
      -0.9985908896743796,
      0.2295991177860968,
      0.0,
      0.0,
      0.0,
      1.0
    ],
    "view_matrix": [
      0.8503993014003444,
      -0.3803358496289418,
      0.363545966371293,
      -0.08711694258628627,
      0.4014785275781802,
      0.915674771435544,
      0.018833609588198665,
      0.028518695389402503,
      -0.34005296656765505,
      0.12993981084908238,
      0.9313858628329303,
      -0.07895379579112585,
      0.0,
      0.0,
      0.0,
      1.0
    ],
    "camera_intrinsics": {
      "fx": 547.8490249868571,
      "fy": 547.8490249868571,
      "cx": 256.0,
      "cy": 256.0,
      "image_width": 512,
      "image_height": 512,
      "model": "SIMPLE_RADIAL",
      "dist": [
        0.014350019157596905,
        0.0,
        0.0,
        0.0
      ]
    },
    "visibility": [
      1.0,
      1.0,
      1.0,
      1.0,
      1.0,
      1.0,
      1.0,
      1.0,
      1.0
    ],
    "keypoints_2d_visibility": [
      1.0,
      1.0,
      1.0,
      1.0,
      1.0,
      1.0,
      1.0,
      1.0,
      1.0
    ],
    "pose_6dof": {
      "translation": [
        -0.031241693542820168,
        -0.04272215674749249,
        0.2295991177860968
      ],
      "rotation": [
        0.90884019390491,
        -0.4167553748803758,
        -0.018012758012113682,
        -0.4171206477378579,
        -0.9074792502435647,
        -0.049917688329165426,
        0.004457260777131409,
        0.0528806948299217,
        -0.9985908896743796
      ]
    },
    "pose_9dof": {
      "translation": [
        -0.031241693542820168,
        -0.04272215674749249,
        0.2295991177860968
      ],
      "rotation": [
        0.90884019390491,
        -0.4167553748803758,
        -0.018012758012113682,
        -0.4171206477378579,
        -0.9074792502435647,
        -0.049917688329165426,
        0.004457260777131409,
        0.0528806948299217,
        -0.9985908896743796
      ],
      "scale": [
        0.026792774373023173,
        0.06561044850770928,
        0.013905428708936261
      ]
    }
  },
  {
    "frame_id": 7,
    "image": "frame_000007.png",
    "keypoints_2d": [
      [
        0.3941763681670276,
        0.3587638084469163,
        0.1399850850266045
      ],
      [
        0.27161824504340515,
        0.6103883226516627,
        0.13597002706525002
      ],
      [
        0.46512338004776893,
        0.6135791818249448,
        0.12612959704146953
      ],
      [
        0.46894592420150505,
        0.0747810834807735,
        0.13110969407282125
      ],
      [
        0.28162540130830527,
        0.1091343126528242,
        0.14095012409660174
      ],
      [
        0.3282313124055138,
        0.6080197837834873,
        0.14886047598038776
      ],
      [
        0.5077031034986731,
        0.6107799616226999,
        0.13902004595660722
      ],
      [
        0.5098050514115386,
        0.12055542861861984,
        0.14400014298795893
      ],
      [
        0.33571117644532567,
        0.1491707343814334,
        0.15384057301173942
      ]
    ],
    "keypoints_3d": [
      [
        -0.013854708920885972,
        -0.018491014617141283,
        0.1399850850266045
      ],
      [
        -0.029027608849460207,
        0.014030494914488524,
        0.13597002706525002
      ],
      [
        -0.004115292370559756,
        0.013401858926088786,
        0.12612959704146953
      ],
      [
        -0.003798955879627322,
        -0.0520185470506827,
        0.13110969407282125
      ],
      [
        -0.028711272358527766,
        -0.05138991106228296,
        0.14095012409660174
      ],
      [
        -0.023910461962144636,
        0.01503651781640013,
        0.14886047598038776
      ],
      [
        0.0010018545167558152,
        0.014407881828000393,
        0.13902004595660722
      ],
      [
        0.001318191007688263,
        -0.0510125241487711,
        0.14400014298795893
      ],
      [
        -0.023594125471212188,
        -0.05038388816037135,
        0.15384057301173942
      ]
    ],
    "model_matrix": [
      0.90884019390491,
      -0.4167553748803758,
      -0.018012758012113682,
      -0.031241693542820168,
      -0.4171206477378579,
      -0.9074792502435647,
      -0.049917688329165426,
      -0.04272215674749249,
      0.004457260777131409,
      0.0528806948299217,
      -0.9985908896743796,
      0.2295991177860968,
      0.0,
      0.0,
      0.0,
      1.0
    ],
    "view_matrix": [
      0.849672276839318,
      -0.3738507509637577,
      0.3718771813038867,
      -0.08866389117103593,
      0.3955273890693301,
      0.9182489873381054,
      0.01941344247017062,
      0.028638198765896995,
      -0.348733575192708,
      0.13059254671066917,
      0.9280789192072696,
      -0.07841684829289398,
      0.0,
      0.0,
      0.0,
      1.0
    ],
    "camera_intrinsics": {
      "fx": 547.1723241368127,
      "fy": 547.1723241368127,
      "cx": 256.0,
      "cy": 256.0,
      "image_width": 512,
      "image_height": 512,
      "model": "SIMPLE_RADIAL",
      "dist": [
        0.01799466381163991,
        0.0,
        0.0,
        0.0
      ]
    },
    "visibility": [
      1.0,
      1.0,
      1.0,
      1.0,
      1.0,
      1.0,
      1.0,
      1.0,
      1.0
    ],
    "keypoints_2d_visibility": [
      1.0,
      1.0,
      1.0,
      1.0,
      1.0,
      1.0,
      1.0,
      1.0,
      1.0
    ],
    "pose_6dof": {
      "translation": [
        -0.031241693542820168,
        -0.04272215674749249,
        0.2295991177860968
      ],
      "rotation": [
        0.90884019390491,
        -0.4167553748803758,
        -0.018012758012113682,
        -0.4171206477378579,
        -0.9074792502435647,
        -0.049917688329165426,
        0.004457260777131409,
        0.0528806948299217,
        -0.9985908896743796
      ]
    },
    "pose_9dof": {
      "translation": [
        -0.031241693542820168,
        -0.04272215674749249,
        0.2295991177860968
      ],
      "rotation": [
        0.90884019390491,
        -0.4167553748803758,
        -0.018012758012113682,
        -0.4171206477378579,
        -0.9074792502435647,
        -0.049917688329165426,
        0.004457260777131409,
        0.0528806948299217,
        -0.9985908896743796
      ],
      "scale": [
        0.026792774373023173,
        0.06561044850770928,
        0.013905428708936261
      ]
    }
  },
  {
    "frame_id": 8,
    "image": "frame_000008.png",
    "keypoints_2d": [
      [
        0.3919271712054725,
        0.36136479857778137,
        0.13985407923879759
      ],
      [
        0.2694442577528931,
        0.6127458382677331,
        0.1357555167383624
      ],
      [
        0.46251654219538485,
        0.6157803384244668,
        0.12589236009186297
      ],
      [
        0.46620980428725556,
        0.07800536827958482,
        0.1310703769122345
      ],
      [
        0.2796096673610407,
        0.11253257598501415,
        0.14093353355873395
      ],
      [
        0.32632658349423016,
        0.6104165126754117,
        0.14863778156536064
      ],
      [
        0.505421476934164,
        0.6130364558595843,
        0.1387746249188612
      ],
      [
        0.5073319612088775,
        0.12372193440511897,
        0.14395264173923275
      ],
      [
        0.3338636705345775,
        0.1524922497364935,
        0.1538157983857322
      ]
    ],
    "keypoints_3d": [
      [
        -0.014169673508516514,
        -0.018176775447185642,
        0.13985407923879759
      ],
      [
        -0.029327164803347266,
        0.014341502612524232,
        0.1357555167383624
      ],
      [
        -0.004425006873081283,
        0.013668130511504301,
        0.12589236009186297
      ],
      [
        -0.004142719767691788,
        -0.05173706354203284,
        0.1310703769122345
      ],
      [
        -0.029044877697957758,
        -0.05106369144101292,
        0.14093353355873395
      ],
      [
        -0.024196627249341268,
        0.015383512647661565,
        0.14863778156536064
      ],
      [
        0.0007055306809247153,
        0.014710140546641635,
        0.1387746249188612
      ],
      [
        0.000987817786314224,
        -0.050695053506895536,
        0.14395264173923275
      ],
      [
        -0.02391434014395176,
        -0.05002168140587559,
        0.1538157983857322
      ]
    ],
    "model_matrix": [
      0.90884019390491,
      -0.4167553748803758,
      -0.018012758012113682,
      -0.031241693542820168,
      -0.4171206477378579,
      -0.9074792502435647,
      -0.049917688329165426,
      -0.04272215674749249,
      0.004457260777131409,
      0.0528806948299217,
      -0.9985908896743796,
      0.2295991177860968,
      0.0,
      0.0,
      0.0,
      1.0
    ],
    "view_matrix": [
      0.8495613142713443,
      -0.3731735807908312,
      0.3728096724781898,
      -0.08916749139790066,
      0.39395988246765135,
      0.9188642426149634,
      0.022002605520806677,
      0.028335281855123885,
      -0.35077226843013193,
      0.1281794922886608,
      0.9276469336213,
      -0.07861545368987466,
      0.0,
      0.0,
      0.0,
      1.0
    ],
    "camera_intrinsics": {
      "fx": 545.8793474592035,
      "fy": 545.8793474592035,
      "cx": 256.0,
      "cy": 256.0,
      "image_width": 512,
      "image_height": 512,
      "model": "SIMPLE_RADIAL",
      "dist": [
        0.017394844381694023,
        0.0,
        0.0,
        0.0
      ]
    },
    "visibility": [
      1.0,
      1.0,
      1.0,
      1.0,
      1.0,
      1.0,
      1.0,
      1.0,
      1.0
    ],
    "keypoints_2d_visibility": [
      1.0,
      1.0,
      1.0,
      1.0,
      1.0,
      1.0,
      1.0,
      1.0,
      1.0
    ],
    "pose_6dof": {
      "translation": [
        -0.031241693542820168,
        -0.04272215674749249,
        0.2295991177860968
      ],
      "rotation": [
        0.90884019390491,
        -0.4167553748803758,
        -0.018012758012113682,
        -0.4171206477378579,
        -0.9074792502435647,
        -0.049917688329165426,
        0.004457260777131409,
        0.0528806948299217,
        -0.9985908896743796
      ]
    },
    "pose_9dof": {
      "translation": [
        -0.031241693542820168,
        -0.04272215674749249,
        0.2295991177860968
      ],
      "rotation": [
        0.90884019390491,
        -0.4167553748803758,
        -0.018012758012113682,
        -0.4171206477378579,
        -0.9074792502435647,
        -0.049917688329165426,
        0.004457260777131409,
        0.0528806948299217,
        -0.9985908896743796
      ],
      "scale": [
        0.026792774373023173,
        0.06561044850770928,
        0.013905428708936261
      ]
    }
  },
  {
    "frame_id": 9,
    "image": "frame_000009.png",
    "keypoints_2d": [
      [
        0.3929734033587038,
        0.36207183328851933,
        0.14046126583671042
      ],
      [
        0.2699242636369416,
        0.6129582145368353,
        0.13634273954561116
      ],
      [
        0.462777421755717,
        0.6164294905525017,
        0.12644399122882177
      ],
      [
        0.4678708787852952,
        0.0793399690796549,
        0.13170642024546225
      ],
      [
        0.28149295389725126,
        0.11336938882392639,
        0.14160516856225164
      ],
      [
        0.326776100028086,
        0.6108677163500292,
        0.14921611142795854
      ],
      [
        0.5057576791145602,
        0.6139002169054474,
        0.1393173631111692
      ],
      [
        0.508917118024933,
        0.1249444193257544,
        0.1445797921278097
      ],
      [
        0.33557110031061843,
        0.15327784009960377,
        0.15447854044459902
      ]
    ],
    "keypoints_3d": [
      [
