[
  {
    "frame_id": 0,
    "image": "frame_000000.png",
    "keypoints_2d": [
      [
        0.5047256369745485,
        0.22641842816670182,
        0.11050155980074276
      ],
      [
        0.45185687430971544,
        0.33059279364514793,
        0.13214685823550557
      ],
      [
        0.5543371300180462,
        0.33725386554408576,
        0.13184311286939995
      ],
      [
        0.576117235401357,
        0.17405816231657267,
        0.08721015623467551
      ],
      [
        0.4229768658567723,
        0.1649031759717957,
        0.08751390160078111
      ],
      [
        0.45786292994476147,
        0.26109090592810474,
        0.13379296336681
      ],
      [
        0.5587366275259934,
        0.2674792365855875,
        0.1334892180007044
      ],
      [
        0.581728672413064,
        0.0764411727189599,
        0.08885626136597995
      ],
      [
        0.43288104062026506,
        0.06792922942405627,
        0.08916000673208554
      ]
    ],
    "keypoints_3d": [
      [
        0.0005374552429114193,
        -0.031114927138430778,
        0.11050155980074276
      ],
      [
        -0.006511552675297724,
        -0.022913010568760408,
        0.13214685823550557
      ],
      [
        0.007330975341666608,
        -0.021957138668376914,
        0.13184311286939995
      ],
      [
        0.006865454396830825,
        -0.029398582473936164,
        0.08721015623467551
      ],
      [
        -0.006977073620133514,
        -0.03035445437431965,
        0.08751390160078111
      ],
      [
        -0.0057905439110079795,
        -0.0328312718029254,
        0.13379296336681
      ],
      [
        0.00805198410595636,
        -0.0318753999025419,
        0.1334892180007044
      ],
      [
        0.007586463161120563,
        -0.03931684370810115,
        0.08885626136597995
      ],
      [
        -0.0062560648558437695,
        -0.04027271560848464,
        0.08916000673208554
      ]
    ],
    "model_matrix": [
      -0.019417300296408424,
      -0.43568934403327864,
      0.899887639622331,
      -0.024387276611221483,
      -0.9705413401180288,
      -0.20797658606682617,
      -0.12163571338175576,
      -0.01908154979366561,
      0.24015094330670383,
      -0.8757399928882085,
      -0.41881617600692184,
      0.11867823334137079,
      0.0,
      0.0,
      0.0,
      1.0
    ],
    "view_matrix": [
      -0.07925373055940022,
      -0.9571635353950131,
      0.27849023807404377,
      -0.052710220525478114,
      0.9557804706183503,
      -0.15232972983712723,
      -0.2515538618115671,
      0.019141236163195702,
      0.28320052644192445,
      0.24623894882383537,
      0.9269109136832674,
      0.012102520437881398,
      0.0,
      0.0,
      0.0,
      1.0
    ],
    "camera_intrinsics": {
      "fx": 502.16705542135924,
      "fy": 502.16705542135924,
      "cx": 256.0,
      "cy": 256.0,
      "image_width": 512,
      "image_height": 512,
      "model": "SIMPLE_RADIAL",
      "dist": [
        -0.11823745029519767,
        0.0,
        0.0,
        0.0
      ]
    },
    "visibility": [
      1.0,
      1.0,
      1.0,
      1.0,
      1.0,
      1.0,
      1.0,
      1.0,
      1.0
    ],
    "keypoints_2d_visibility": [
      1.0,
      1.0,
      1.0,
      1.0,
      1.0,
      1.0,
      1.0,
      1.0,
      1.0
    ],
    "pose_6dof": {
      "translation": [
        -0.024387276611221483,
        -0.01908154979366561,
        0.11867823334137079
      ],
      "rotation": [
        -0.019417300296408424,
        -0.43568934403327864,
        0.899887639622331,
        -0.9705413401180288,
        -0.20797658606682617,
        -0.12163571338175576,
        0.24015094330670383,
        -0.8757399928882085,
        -0.41881617600692184
      ]
    },
    "pose_9dof": {
      "translation": [
        -0.024387276611221483,
        -0.01908154979366561,
        0.11867823334137079
      ],
      "rotation": [
        -0.019417300296408424,
        -0.43568934403327864,
        0.899887639622331,
        -0.9705413401180288,
        -0.20797658606682617,
        -0.12163571338175576,
        0.24015094330670383,
        -0.8757399928882085,
        -0.41881617600692184
      ],
      "scale": [
        0.01387881602435222,
        0.045251437696702757,
        0.010079753055042044
      ]
    }
  },
  {
    "frame_id": 1,
    "image": "frame_000001.png",
    "keypoints_2d": [
      [
        0.5042178767766551,
        0.22372299092211334,
        0.11066417703356432
      ],
      [
        0.45118603923050793,
        0.32810475315214765,
        0.13231928753421252
      ],
      [
        0.5538125736404553,
        0.33492042855409465,
        0.1320241930065833
      ],
      [
        0.575680509908277,
        0.1712815370591359,
        0.08737886041047688
      ],
      [
        0.4223319966143652,
        0.1618788568622822,
        0.08767395493810609
      ],
      [
        0.4572892343168389,
        0.2584498957962531,
        0.13394949365665176
      ],
      [
        0.5583353149972826,
        0.2649954164228563,
        0.13365439912902255
      ],
      [
        0.5815045920487621,
        0.07328354450614111,
        0.08900906653291611
      ],
      [
        0.432353686024055,
        0.06451807359332867,
        0.08930416106054533
      ]
    ],
    "keypoints_3d": [
      [
        0.000478927789605052,
        -0.031370460609163694,
        0.11066417703356432
      ],
      [
        -0.006592048257191417,
        -0.023213477139332455,
        0.13231928753421252
      ],
      [
        0.007249344541817498,
        -0.0222386444146442,
        0.1320241930065833
      ],
      [
        0.006816496136757881,
        -0.02960746611555699,
        0.08737886041047688
      ],
      [
        -0.007024896662251048,
        -0.030582298840245246,
        0.08767395493810609
      ],
      [
        -0.005858640557547777,
        -0.033133455102770396,
        0.13394949365665176
      ],
      [
        0.007982752241461138,
        -0.03215862237808213,
        0.13365439912902255
      ],
      [
        0.007549903836401514,
        -0.03952744407899492,
        0.08900906653291611
      ],
      [
        -0.006291488962607401,
        -0.04050227680368318,
        0.08930416106054533
      ]
    ],
    "model_matrix": [
      -0.019417300296408424,
      -0.43568934403327864,
      0.899887639622331,
      -0.024387276611221483,
      -0.9705413401180288,
      -0.20797658606682617,
      -0.12163571338175576,
      -0.01908154979366561,
      0.24015094330670383,
      -0.8757399928882085,
      -0.41881617600692184,
      0.11867823334137079,
      0.0,
      0.0,
      0.0,
      1.0
    ],
    "view_matrix": [
      -0.08067365638108248,
      -0.9570846915983389,
      0.2783534700236713,
      -0.05278564025013736,
      0.9552079880322113,
      -0.15401014355778375,
      -0.2527025430832956,
      0.018975999967195904,
      0.28472699339114493,
      0.24549901993576803,
      0.9266395040386612,
      0.01232045546964373,
      0.0,
      0.0,
      0.0,
      1.0
    ],
    "camera_intrinsics": {
      "fx": 503.5518174668579,
      "fy": 503.5518174668579,
      "cx": 256.0,
      "cy": 256.0,
      "image_width": 512,
      "image_height": 512,
      "model": "SIMPLE_RADIAL",
      "dist": [
        -0.11245434078344829,
        0.0,
        0.0,
        0.0
      ]
    },
    "visibility": [
      1.0,
      1.0,
      1.0,
      1.0,
      1.0,
      1.0,
      1.0,
      1.0,
      1.0
    ],
    "keypoints_2d_visibility": [
      1.0,
      1.0,
      1.0,
      1.0,
      1.0,
      1.0,
      1.0,
      1.0,
      1.0
    ],
    "pose_6dof": {
      "translation": [
        -0.024387276611221483,
        -0.01908154979366561,
        0.11867823334137079
      ],
      "rotation": [
        -0.019417300296408424,
        -0.43568934403327864,
        0.899887639622331,
        -0.9705413401180288,
        -0.20797658606682617,
        -0.12163571338175576,
        0.24015094330670383,
        -0.8757399928882085,
        -0.41881617600692184
      ]
    },
    "pose_9dof": {
      "translation": [
        -0.024387276611221483,
        -0.01908154979366561,
        0.11867823334137079
      ],
      "rotation": [
        -0.019417300296408424,
        -0.43568934403327864,
        0.899887639622331,
        -0.9705413401180288,
        -0.20797658606682617,
        -0.12163571338175576,
        0.24015094330670383,
        -0.8757399928882085,
        -0.41881617600692184
      ],
      "scale": [
        0.01387881602435222,
        0.045251437696702757,
        0.010079753055042044
      ]
    }
  },
  {
    "frame_id": 2,
    "image": "frame_000002.png",
    "keypoints_2d": [
      [
        0.5032888107922202,
        0.2220695018524116,
        0.11031894493705838
      ],
      [
        0.4503420490923221,
        0.3266111086042903,
        0.13198738636396845
      ],
      [
        0.553084279029639,
        0.33331883851114,
        0.13170095692352918
      ],
      [
        0.5748085593473644,
        0.1694745602321136,
        0.0870403561564484
      ],
      [
        0.4211247192610258,
        0.16022278379984595,
        0.08732678559688767
      ],
      [
        0.456372187511608,
        0.2568721219964849,
        0.13359753371766833
      ],
      [
        0.5575314774392891,
        0.263313713597372,
        0.13331110427722906
      ],
      [
        0.580521724006988,
        0.07133704637572674,
        0.08865050351014828
      ],
      [
        0.43107373244260705,
        0.06271783958585675,
        0.08893693295058752
      ]
    ],
    "keypoints_3d": [
      [
        0.0003728760825102359,
        -0.03151097521467057,
        0.11031894493705838
      ],
      [
        -0.006698845705905884,
        -0.023390119997850036,
        0.13198738636396845
      ],
      [
        0.007143839912832836,
        -0.02243118972184999,
        0.13170095692352918
      ],
      [
        0.006723799318469767,
        -0.029707653055165175,
        0.0870403561564484
      ],
      [
        -0.007118886300268974,
        -0.030666583331165228,
        0.08732678559688767
      ],
      [
        -0.005978047153449288,
        -0.03331429737417596,
        0.13359753371766833
      ],
      [
        0.007864638465289439,
        -0.03235536709817591,
        0.13331110427722906
      ],
      [
        0.007444597870926356,
        -0.0396318304314911,
        0.08865050351014828
      ],
      [
        -0.006398087747812371,
        -0.04059076070749114,
        0.08893693295058752
      ]
    ],
    "model_matrix": [
      -0.019417300296408424,
      -0.43568934403327864,
      0.899887639622331,
      -0.024387276611221483,
      -0.9705413401180288,
      -0.20797658606682617,
      -0.12163571338175576,
      -0.01908154979366561,
      0.24015094330670383,
      -0.8757399928882085,
      -0.41881617600692184,
      0.11867823334137079,
      0.0,
      0.0,
      0.0,
      1.0
    ],
    "view_matrix": [
      -0.07967307738279739,
      -0.9573861218085112,
      0.27760406068502164,
      -0.05278410373963387,
      0.9547159027547162,
      -0.1533732469657153,
      -0.2549395852794165,
      0.019101125931691148,
      0.28665265700426,
      0.2447211900993702,
      0.9262514741411999,
      0.012053393568291097,
      0.0,
      0.0,
      0.0,
      1.0
    ],
    "camera_intrinsics": {
      "fx": 502.9137986016591,
      "fy": 502.9137986016591,
      "cx": 256.0,
      "cy": 256.0,
      "image_width": 512,
      "image_height": 512,
      "model": "SIMPLE_RADIAL",
      "dist": [
        -0.11512643391320367,
        0.0,
        0.0,
        0.0
      ]
    },
    "visibility": [
      1.0,
      1.0,
      1.0,
      1.0,
      1.0,
      1.0,
      1.0,
      1.0,
      1.0
    ],
    "keypoints_2d_visibility": [
      1.0,
      1.0,
      1.0,
      1.0,
      1.0,
      1.0,
      1.0,
      1.0,
      1.0
    ],
    "pose_6dof": {
      "translation": [
        -0.024387276611221483,
        -0.01908154979366561,
        0.11867823334137079
      ],
      "rotation": [
        -0.019417300296408424,
        -0.43568934403327864,
        0.899887639622331,
        -0.9705413401180288,
        -0.20797658606682617,
        -0.12163571338175576,
        0.24015094330670383,
        -0.8757399928882085,
        -0.41881617600692184
      ]
    },
    "pose_9dof": {
      "translation": [
        -0.024387276611221483,
        -0.01908154979366561,
        0.11867823334137079
      ],
      "rotation": [
        -0.019417300296408424,
        -0.43568934403327864,
        0.899887639622331,
        -0.9705413401180288,
        -0.20797658606682617,
        -0.12163571338175576,
        0.24015094330670383,
        -0.8757399928882085,
        -0.41881617600692184
      ],
      "scale": [
        0.01387881602435222,
        0.045251437696702757,
        0.010079753055042044
      ]
    }
  },
  {
    "frame_id": 3,
    "image": "frame_000003.png",
    "keypoints_2d": [
      [
        0.502020690837563,
        0.2232559698430302,
        0.11015472939168887
      ],
      [
        0.4492433718578461,
        0.32788712433535283,
        0.13180796979288584
      ],
      [
        0.5519793805788148,
        0.33441552546161035,
        0.1315336622885665
      ],
      [
        0.5735103715924035,
        0.17046634763601898,
        0.08688030213092306
      ],
      [
        0.41976187073188115,
        0.16146370336593707,
        0.08715460963524238
      ],
      [
        0.4551500077157603,
        0.25817102326880026,
        0.13342915665245467
      ],
      [
        0.5562903182846745,
        0.2644399399597648,
        0.13315484914813533
      ],
      [
        0.5790262265124342,
        0.07238638009084564,
        0.08850148899049187
      ],
      [
        0.4295551409524371,
        0.06400324892225395,
        0.08877579649481121
      ]
    ],
    "keypoints_3d": [
      [
        0.00022911118074639414,
        -0.03137795764455098,
        0.11015472939168887
      ],
      [
        -0.00684805819957611,
        -0.023221380784927196,
        0.13180796979288584
      ],
      [
        0.006996643992826686,
        -0.02228836908373188,
        0.1315336622885665
      ],
      [
        0.006605382104370984,
        -0.029610728975528532,
        0.08688030213092306
      ],
      [
        -0.007239320088031818,
        -0.03054374067672384,
        0.08715460963524238
      ],
      [
        -0.006147159742878196,
        -0.03314518631357341,
        0.13342915665245467
      ],
      [
        0.0076975424495246,
        -0.0322121746123781,
        0.13315484914813533
      ],
      [
        0.007306280561068884,
        -0.039534534504174754,
        0.08850148899049187
      ],
      [
        -0.006538421631333904,
        -0.04046754620537006,
        0.08877579649481121
      ]
    ],
    "model_matrix": [
      -0.019417300296408424,
      -0.43568934403327864,
      0.899887639622331,
      -0.024387276611221483,
      -0.9705413401180288,
      -0.20797658606682617,
      -0.12163571338175576,
      -0.01908154979366561,
      0.24015094330670383,
      -0.8757399928882085,
      -0.41881617600692184,
      0.11867823334137079,
      0.0,
      0.0,
      0.0,
      1.0
    ],
    "view_matrix": [
      -0.07817636951340223,
      -0.9578995487760817,
      0.2762551532628544,
      -0.052741079045023814,
      0.9551608677374752,
      -0.15134534020941415,
      -0.2544843899729223,
      0.019229668814874843,
      0.2855804124807892,
      0.24397344620158126,
      0.9267797934546407,
      0.011786060783954996,
      0.0,
      0.0,
      0.0,
      1.0
    ],
    "camera_intrinsics": {
      "fx": 502.1622301631148,
      "fy": 502.1622301631148,
      "cx": 256.0,
      "cy": 256.0,
      "image_width": 512,
      "image_height": 512,
      "model": "SIMPLE_RADIAL",
      "dist": [
        -0.11628130166578798,
        0.0,
        0.0,
        0.0
      ]
    },
    "visibility": [
      1.0,
      1.0,
      1.0,
      1.0,
      1.0,
      1.0,
      1.0,
      1.0,
      1.0
    ],
    "keypoints_2d_visibility": [
      1.0,
      1.0,
      1.0,
      1.0,
      1.0,
      1.0,
      1.0,
      1.0,
      1.0
    ],
    "pose_6dof": {
      "translation": [
        -0.024387276611221483,
        -0.01908154979366561,
        0.11867823334137079
      ],
      "rotation": [
        -0.019417300296408424,
        -0.43568934403327864,
        0.899887639622331,
        -0.9705413401180288,
        -0.20797658606682617,
        -0.12163571338175576,
        0.24015094330670383,
        -0.8757399928882085,
        -0.41881617600692184
      ]
    },
    "pose_9dof": {
      "translation": [
        -0.024387276611221483,
        -0.01908154979366561,
        0.11867823334137079
      ],
      "rotation": [
        -0.019417300296408424,
        -0.43568934403327864,
        0.899887639622331,
        -0.9705413401180288,
        -0.20797658606682617,
        -0.12163571338175576,
        0.24015094330670383,
        -0.8757399928882085,
        -0.41881617600692184
      ],
      "scale": [
        0.01387881602435222,
        0.045251437696702757,
        0.010079753055042044
      ]
    }
  },
  {
    "frame_id": 4,
    "image": "frame_000004.png",
    "keypoints_2d": [
      [
        0.4902590514414055,
        0.22559841662530283,
        0.11055643586309727
      ],
      [
        0.43829031175854577,
        0.33063061819404155,
        0.13212395896579823
      ],
      [
        0.5411800414478931,
        0.33647218127675504,
        0.13197517756345145
      ],
      [
        0.5612145799614416,
        0.17253308543643175,
        0.08733768416995939
      ],
      [
        0.4073143459272076,
        0.164362946570712,
        0.08748646557230616
      ],
      [
        0.4436745571623956,
        0.2607154860523071,
        0.13377518755623516
      ],
      [
        0.5449818471953793,
        0.26636023336673237,
        0.13362640615388835
      ],
      [
        0.5661106236907859,
        0.07402226795457972,
        0.0889889127603963
      ],
      [
        0.4163788006221058,
        0.066341548248947,
        0.08913769416274307
      ]
    ],
    "keypoints_3d": [
      [
        -0.0011034918768814822,
        -0.03108525996579979,
        0.11055643586309727
      ],
      [
        -0.008314194421009669,
        -0.0228192688932594,
        0.13212395896579823
      ],
      [
        0.00553947263179555,
        -0.02199749792629193,
        0.13197517756345145
      ],
      [
        0.005500742472533703,
        -0.02942617863953348,
        0.08733768416995939
      ],
      [
        -0.008352924580271523,
        -0.030247949606500943,
        0.08748646557230616
      ],
      [
        -0.007707726226296667,
        -0.03274434129206611,
        0.13377518755623516
      ],
      [
        0.0061459408265085655,
        -0.03192257032509863,
        0.13362640615388835
      ],
      [
        0.006107210667246711,
        -0.03935125103834018,
        0.0889889127603963
      ],
      [
        -0.0077464563855585145,
        -0.040173022005307646,
        0.08913769416274307
      ]
    ],
    "model_matrix": [
      -0.019417300296408424,
      -0.43568934403327864,
      0.899887639622331,
      -0.024387276611221483,
      -0.9705413401180288,
      -0.20797658606682617,
      -0.12163571338175576,
      -0.01908154979366561,
      0.24015094330670383,
      -0.8757399928882085,
      -0.41881617600692184,
      0.11867823334137079,
      0.0,
      0.0,
      0.0,
      1.0
    ],
    "view_matrix": [
      -0.07315272629305425,
      -0.9612862233576005,
      0.26566421554054864,
      -0.05275887834719144,
      0.956453279131692,
      -0.1430929447921394,
      -0.25440427274113897,
      0.019701845210335786,
      0.2825699974769571,
      0.23548504397009035,
      0.9298929995393432,
      0.011582909763941418,
      0.0,
      0.0,
      0.0,
      1.0
    ],
    "camera_intrinsics": {
      "fx": 503.89628538916867,
      "fy": 503.89628538916867,
      "cx": 256.0,
      "cy": 256.0,
      "image_width": 512,
      "image_height": 512,
      "model": "SIMPLE_RADIAL",
      "dist": [
        -0.10587556100200528,
        0.0,
        0.0,
        0.0
      ]
    },
    "visibility": [
      1.0,
      1.0,
      1.0,
      1.0,
      1.0,
      1.0,
      1.0,
      1.0,
      1.0
    ],
    "keypoints_2d_visibility": [
      1.0,
      1.0,
      1.0,
      1.0,
      1.0,
      1.0,
      1.0,
      1.0,
      1.0
    ],
    "pose_6dof": {
      "translation": [
        -0.024387276611221483,
        -0.01908154979366561,
        0.11867823334137079
      ],
      "rotation": [
        -0.019417300296408424,
        -0.43568934403327864,
        0.899887639622331,
        -0.9705413401180288,
        -0.20797658606682617,
        -0.12163571338175576,
        0.24015094330670383,
        -0.8757399928882085,
        -0.41881617600692184
      ]
    },
    "pose_9dof": {
      "translation": [
        -0.024387276611221483,
        -0.01908154979366561,
        0.11867823334137079
      ],
      "rotation": [
        -0.019417300296408424,
        -0.43568934403327864,
        0.899887639622331,
        -0.9705413401180288,
        -0.20797658606682617,
        -0.12163571338175576,
        0.24015094330670383,
        -0.8757399928882085,
        -0.41881617600692184
      ],
      "scale": [
        0.01387881602435222,
        0.045251437696702757,
        0.010079753055042044
      ]
    }
  },
  {
    "frame_id": 5,
    "image": "frame_000005.png",
    "keypoints_2d": [
      [
        0.4849177926453063,
        0.2283160769130595,
        0.11061177946504744
      ],
      [
        0.4333527741422253,
        0.3334439810423021,
        0.13213092756337938
      ],
      [
        0.5363109441362703,
        0.3389561381095807,
        0.13203570868133985
      ],
      [
        0.5555820617877315,
        0.17518095429335634,
        0.0874158560329713
      ],
      [
        0.40162697031804584,
        0.16743470348635608,
        0.08751107491501083
      ],
      [
        0.43850676219915635,
        0.26349414719890696,
        0.13380770289712357
      ],
      [
        0.5398631258129917,
        0.26883430096039107,
        0.13371248401508404
      ],
      [
        0.5601435911515792,
        0.07672791126479722,
        0.0890926313667155
      ],
      [
        0.4104003904804632,
        0.06942267662536367,
        0.089187850248755
      ]
    ],
    "keypoints_3d": [
      [
        -0.0017081699033595563,
        -0.030770184345684674,
        0.11061177946504744
      ],
      [
        -0.00897406508633946,
        -0.022426808249117983,
        0.13213092756337938
      ],
      [
        0.004883058940076554,
        -0.021657015212748425,
        0.13203570868133985
      ],
      [
        0.004994939249670115,
        -0.02919019820885136,
        0.0874158560329713
      ],
      [
        -0.008862184776745906,
        -0.02995999124522092,
        0.08751107491501083
      ],
      [
        -0.008411279056389234,
        -0.03235017048251798,
        0.13380770289712357
      ],
      [
        0.005445844970026779,
        -0.03158037744614842,
        0.13371248401508404
      ],
      [
        0.00555772527962034,
        -0.03911356044225135,
        0.0890926313667155
      ],
      [
        -0.008299398746795673,
        -0.03988335347862091,
        0.089187850248755
      ]
    ],
    "model_matrix": [
      -0.019417300296408424,
      -0.43568934403327864,
      0.899887639622331,
      -0.024387276611221483,
      -0.9705413401180288,
      -0.20797658606682617,
      -0.12163571338175576,
      -0.01908154979366561,
      0.24015094330670383,
      -0.8757399928882085,
      -0.41881617600692184,
      0.11867823334137079,
      0.0,
      0.0,
      0.0,
      1.0
    ],
    "view_matrix": [
      -0.07070786679591878,
      -0.9627473045587289,
      0.2609943009685709,
      -0.05277759539127178,
      0.9573794889861682,
      -0.1389572121933471,
      -0.2532102036807298,
      0.019976714747312246,
      0.2800444815413333,
      0.23196663713636803,
      0.931539890511346,
      0.011314076143928297,
      0.0,
      0.0,
      0.0,
      1.0
    ],
    "camera_intrinsics": {
      "fx": 504.21996139012253,
      "fy": 504.21996139012253,
      "cx": 256.0,
      "cy": 256.0,
      "image_width": 512,
      "image_height": 512,
      "model": "SIMPLE_RADIAL",
      "dist": [
        -0.10678405028446222,
        0.0,
        0.0,
        0.0
      ]
    },
    "visibility": [
      1.0,
      1.0,
      1.0,
      1.0,
      1.0,
      1.0,
      1.0,
      1.0,
      1.0
    ],
    "keypoints_2d_visibility": [
      1.0,
      1.0,
      1.0,
      1.0,
      1.0,
      1.0,
      1.0,
      1.0,
      1.0
    ],
    "pose_6dof": {
      "translation": [
        -0.024387276611221483,
        -0.01908154979366561,
        0.11867823334137079
      ],
      "rotation": [
        -0.019417300296408424,
        -0.43568934403327864,
        0.899887639622331,
        -0.9705413401180288,
        -0.20797658606682617,
        -0.12163571338175576,
        0.24015094330670383,
        -0.8757399928882085,
        -0.41881617600692184
      ]
    },
    "pose_9dof": {
      "translation": [
        -0.024387276611221483,
        -0.01908154979366561,
        0.11867823334137079
      ],
      "rotation": [
        -0.019417300296408424,
        -0.43568934403327864,
        0.899887639622331,
        -0.9705413401180288,
        -0.20797658606682617,
        -0.12163571338175576,
        0.24015094330670383,
        -0.8757399928882085,
        -0.41881617600692184
      ],
      "scale": [
        0.01387881602435222,
        0.045251437696702757,
        0.010079753055042044
      ]
    }
  },
  {
    "frame_id": 6,
    "image": "frame_000006.png",
    "keypoints_2d": [
      [
        0.4820169350839243,
        0.22802136035751636,
        0.11034357097746755
      ],
      [
        0.4306966336526297,
        0.33336499703077727,
        0.13185044256237477
      ],
      [
        0.5337942867000767,
        0.33868452240025254,
        0.13177887168794555
      ],
      [
        0.552502645985282,
        0.174618296659161,
        0.08715914179159176
      ],
      [
        0.39831722529864444,
        0.1671635664132542,
        0.08723071266602098
      ],
      [
        0.43574637791910886,
        0.26338484433691617,
        0.13352800016334335
      ],
      [
        0.53720947944985,
        0.26853880961807536,
        0.1334564292889141
      ],
      [
        0.5568572452655738,
        0.07637833524889609,
        0.08883669939256035
      ],
      [
        0.40701832539989524,
        0.06936000389967495,
        0.08890827026698955
      ]
    ],
    "keypoints_3d": [
      [
        -0.002034265568228756,
        -0.030766545330312915,
        0.11034357097746755
      ],
      [
        -0.009319707982340587,
        -0.02240857333719609,
        0.13185044256237477
      ],
      [
        0.00453910956773948,
        -0.0216672313369412,
        0.13177887168794555
      ],
      [
        0.004711626618260287,
        -0.029199996796072568,
        0.08715914179159176
      ],
      [
        -0.009147190931819787,
        -0.029941338796327453,
        0.08723071266602098
      ],
      [
        -0.008780157754717799,
        -0.032333093864553276,
        0.13352800016334335
      ],
      [
        0.005078659795362275,
        -0.031591751864298384,
        0.1334564292889141
      ],
      [
        0.005251176845883075,
        -0.039124517323429746,
        0.08883669939256035
      ],
      [
        -0.008607640704196999,
        -0.03986585932368463,
        0.08890827026698955
      ]
    ],
    "model_matrix": [
      -0.019417300296408424,
      -0.43568934403327864,
      0.899887639622331,
      -0.024387276611221483,
      -0.9705413401180288,
      -0.20797658606682617,
      -0.12163571338175576,
      -0.01908154979366561,
      0.24015094330670383,
      -0.8757399928882085,
      -0.41881617600692184,
      0.11867823334137079,
      0.0,
      0.0,
      0.0,
      1.0
    ],
    "view_matrix": [
      -0.06921964105013634,
      -0.9634248140310842,
      0.2588846635126558,
      -0.05282995716769228,
      0.9575186823017772,
      -0.1369835365050025,
      -0.25375871171183634,
      0.020086505063603162,
      0.27994037639461467,
      0.2303218149367388,
      0.9319792096545331,
      0.010959805438848294,
      0.0,
      0.0,
      0.0,
      1.0
    ],
    "camera_intrinsics": {
      "fx": 503.9709756672864,
      "fy": 503.9709756672864,
      "cx": 256.0,
      "cy": 256.0,
      "image_width": 512,
      "image_height": 512,
      "model": "SIMPLE_RADIAL",
      "dist": [
        -0.11544046042631105,
        0.0,
        0.0,
        0.0
      ]
    },
    "visibility": [
      1.0,
      1.0,
      1.0,
      1.0,
      1.0,
      1.0,
      1.0,
      1.0,
      1.0
    ],
    "keypoints_2d_visibility": [
      1.0,
      1.0,
      1.0,
      1.0,
      1.0,
      1.0,
      1.0,
      1.0,
      1.0
    ],
    "pose_6dof": {
      "translation": [
        -0.024387276611221483,
        -0.01908154979366561,
        0.11867823334137079
      ],
      "rotation": [
        -0.019417300296408424,
        -0.43568934403327864,
        0.899887639622331,
        -0.9705413401180288,
        -0.20797658606682617,
        -0.12163571338175576,
        0.24015094330670383,
        -0.8757399928882085,
        -0.41881617600692184
      ]
    },
    "pose_9dof": {
      "translation": [
        -0.024387276611221483,
        -0.01908154979366561,
        0.11867823334137079
      ],
      "rotation": [
        -0.019417300296408424,
        -0.43568934403327864,
        0.899887639622331,
        -0.9705413401180288,
        -0.20797658606682617,
        -0.12163571338175576,
        0.24015094330670383,
        -0.8757399928882085,
        -0.41881617600692184
      ],
      "scale": [
        0.01387881602435222,
        0.045251437696702757,
        0.010079753055042044
      ]
    }
  },
  {
    "frame_id": 7,
    "image": "frame_000007.png",
    "keypoints_2d": [
      [
        0.47502413266613214,
        0.226411571214518,
        0.10955897997044625
      ],
      [
        0.42420494850213564,
        0.33222100286739265,
        0.1310436849391046
      ],
      [
        0.5273028241817657,
        0.33721385742360077,
        0.1310507602363715
      ],
      [
        0.5453955007108068,
        0.17226600452207053,
        0.08641594373149586
      ],
      [
        0.39057733030452196,
        0.165130617108753,
        0.08640886843422897
      ],
      [
        0.42897387445254126,
        0.26212773852788024,
        0.13270201620939664
      ],
      [
        0.5304734900992397,
        0.26699747499771154,
        0.13270909150666352
      ],
      [
        0.5494871503559732,
        0.07326401074003092,
        0.0880742750017879
      ],
      [
        0.39890121724090405,
        0.06647760701223593,
        0.088067199704521
      ]
    ],
    "keypoints_3d": [
      [
        -0.0028210225580961035,
        -0.030901794877463088,
        0.10955897997044625
      ],
      [
        -0.010192708711553186,
        -0.02256245509296038,
        0.1310436849391046
      ],
      [
        0.003669132042011615,
        -0.021876266269971956,
        0.1310507602363715
      ],
      [
        0.004059941102205075,
        -0.02931085015026565,
        0.08641594373149586
      ],
      [
        -0.00980189965135974,
        -0.029997038973254068,
        0.08640886843422897
      ],
      [
        -0.009701986218397289,
        -0.03249273960466052,
        0.13270201620939664
      ],
      [
        0.004159854535167519,
        -0.031806550781672105,
        0.13270909150666352
      ],
      [
        0.004550663595360965,
        -0.039241134661965785,
        0.0880742750017879
      ],
      [
        -0.009311177158203836,
        -0.039927323484954216,
        0.088067199704521
      ]
    ],
    "model_matrix": [
      -0.019417300296408424,
      -0.43568934403327864,
      0.899887639622331,
      -0.024387276611221483,
      -0.9705413401180288,
      -0.20797658606682617,
      -0.12163571338175576,
      -0.01908154979366561,
      0.24015094330670383,
      -0.8757399928882085,
      -0.41881617600692184,
      0.11867823334137079,
      0.0,
      0.0,
      0.0,
      1.0
    ],
    "view_matrix": [
      -0.0669664455099177,
      -0.9652287209367695,
      0.2526836192841442,
      -0.052860257220193656,
      0.9571651240496796,
      -0.13364749232970607,
      -0.25685262914157964,
      0.020373470741271705,
      0.2816920667656936,
      0.22465944020394119,
      0.9328331659243917,
      0.010008540482571823,
      0.0,
      0.0,
      0.0,
      1.0
    ],
    "camera_intrinsics": {
      "fx": 500.7699492828285,
      "fy": 500.7699492828285,
      "cx": 256.0,
      "cy": 256.0,
      "image_width": 512,
      "image_height": 512,
      "model": "SIMPLE_RADIAL",
      "dist": [
        -0.10308598961601449,
        0.0,
        0.0,
        0.0
      ]
    },
    "visibility": [
      1.0,
      1.0,
      1.0,
      1.0,
      1.0,
      1.0,
      1.0,
      1.0,
      1.0
    ],
    "keypoints_2d_visibility": [
      1.0,
      1.0,
      1.0,
      1.0,
      1.0,
      1.0,
      1.0,
      1.0,
      1.0
    ],
    "pose_6dof": {
      "translation": [
        -0.024387276611221483,
        -0.01908154979366561,
        0.11867823334137079
      ],
      "rotation": [
        -0.019417300296408424,
        -0.43568934403327864,
        0.899887639622331,
        -0.9705413401180288,
        -0.20797658606682617,
        -0.12163571338175576,
        0.24015094330670383,
        -0.8757399928882085,
        -0.41881617600692184
      ]
    },
    "pose_9dof": {
      "translation": [
        -0.024387276611221483,
        -0.01908154979366561,
        0.11867823334137079
      ],
      "rotation": [
        -0.019417300296408424,
        -0.43568934403327864,
        0.899887639622331,
        -0.9705413401180288,
        -0.20797658606682617,
        -0.12163571338175576,
        0.24015094330670383,
        -0.8757399928882085,
        -0.41881617600692184
      ],
      "scale": [
        0.01387881602435222,
        0.045251437696702757,
        0.010079753055042044
      ]
    }
  },
  {
    "frame_id": 8,
    "image": "frame_000008.png",
    "keypoints_2d": [
      [
        0.4696458418718632,
        0.22430637425393152,
        0.10985563150336958
      ],
      [
        0.41953153561670953,
        0.3307669256717206,
        0.13132407210407554
      ],
      [
        0.5227552936251665,
        0.3351847202763547,
        0.1313738006515639
      ],
      [
        0.5395755401189398,
        0.16946190983235887,
        0.08673481873960617
      ],
      [
        0.38452749329166597,
        0.16307392758730427,
        0.08668509019211781
      ],
      [
        0.4238507067872468,
        0.2604682408320135,
        0.13297644426713298
      ],
      [
        0.525524816687604,
        0.2647987492752399,
        0.13302617281462134
      ],
      [
        0.5431696050459299,
        0.06978612500469605,
        0.08838719090266361
      ],
      [
        0.39214831412593604,
        0.06365951122468538,
        0.08833746235517526
      ]
    ],
    "keypoints_3d": [
      [
        -0.0034244985197627448,
        -0.03110323169860196,
        0.10985563150336958
      ],
      [
        -0.010809829273520762,
        -0.022734131376087593,
        0.13132407210407554
      ],
      [
        0.0030559054743265063,
        -0.022133747156007345,
        0.1313738006515639
      ],
      [
        0.003536602923547731,
        -0.02953799171198963,
        0.08673481873960617
      ],
      [
        -0.01032913182429955,
        -0.030138375932069878,
        0.08668509019211781
      ],
      [
        -0.01038559996307322,
        -0.03266847168521428,
        0.13297644426713298
      ],
      [
        0.003480134784774054,
        -0.03206808746513404,
        0.13302617281462134
      ],
      [
        0.003960832233995265,
        -0.039472332021116316,
        0.08838719090266361
      ],
      [
        -0.00990490251385201,
        -0.04007271624119657,
        0.08833746235517526
      ]
    ],
    "model_matrix": [
      -0.019417300296408424,
      -0.43568934403327864,
      0.899887639622331,
      -0.024387276611221483,
      -0.9705413401180288,
      -0.20797658606682617,
      -0.12163571338175576,
      -0.01908154979366561,
      0.24015094330670383,
      -0.8757399928882085,
      -0.41881617600692184,
      0.11867823334137079,
      0.0,
      0.0,
      0.0,
      1.0
    ],
    "view_matrix": [
      -0.06190106018731434,
      -0.9667165509642941,
      0.24824860289513367,
      -0.052842252421722476,
      0.9573551455786216,
      -0.12783558565230801,
      -0.2590930108572357,
      0.020553452758406508,
      0.282204507373328,
      0.22162394530517388,
      0.9334042226632289,
      0.01019199509437823,
      0.0,
      0.0,
      0.0,
      1.0
    ],
    "camera_intrinsics": {
      "fx": 502.1456511523675,
      "fy": 502.1456511523675,
      "cx": 256.0,
      "cy": 256.0,
      "image_width": 512,
      "image_height": 512,
      "model": "SIMPLE_RADIAL",
      "dist": [
        -0.08812232539370975,
        0.0,
        0.0,
        0.0
      ]
    },
    "visibility": [
      1.0,
      1.0,
      1.0,
      1.0,
      1.0,
      1.0,
      1.0,
      1.0,
      1.0
    ],
    "keypoints_2d_visibility": [
      1.0,
      1.0,
      1.0,
      1.0,
      1.0,
      1.0,
      1.0,
      1.0,
      1.0
    ],
    "pose_6dof": {
      "translation": [
        -0.024387276611221483,
        -0.01908154979366561,
        0.11867823334137079
      ],
      "rotation": [
        -0.019417300296408424,
        -0.43568934403327864,
        0.899887639622331,
        -0.9705413401180288,
        -0.20797658606682617,
        -0.12163571338175576,
        0.24015094330670383,
        -0.8757399928882085,
        -0.41881617600692184
      ]
    },
    "pose_9dof": {
      "translation": [
        -0.024387276611221483,
        -0.01908154979366561,
        0.11867823334137079
      ],
      "rotation": [
        -0.019417300296408424,
        -0.43568934403327864,
        0.899887639622331,
        -0.9705413401180288,
        -0.20797658606682617,
        -0.12163571338175576,
        0.24015094330670383,
        -0.8757399928882085,
        -0.41881617600692184
      ],
      "scale": [
        0.01387881602435222,
        0.045251437696702757,
        0.010079753055042044
      ]
    }
  },
  {
    "frame_id": 9,
    "image": "frame_000009.png",
    "keypoints_2d": [
      [
        0.46666437462171145,
        0.2247469839082331,
        0.10896685965271106
      ],
      [
        0.4172521234887851,
        0.3314801070480399,
        0.13044191882176284
      ],
      [
        0.5204902860690107,
        0.3353667923955136,
        0.130504913971409
      ],
      [
        0.5363095731434798,
        0.16936537776133975,
        0.08585474081987393
      ],
      [
        0.3807053907245604,
        0.16374642761052005,
        0.08579174567022774
      ],
      [
        0.4212126987388577,
        0.261140514920145,
        0.13207897848554823
      ],
      [
        0.5229005460669686,
        0.2649524502204021,
        0.1321419736351944
      ],
      [
        0.539412032968916,
        0.06934608175883245,
        0.0874918004836593
      ],
      [
