[
  {
    "frame_id": 0,
    "image": "frame_000000.png",
    "keypoints_2d": [
      [
        0.5690009377518017,
        0.36731154420518164,
        0.1377706466915035
      ],
      [
        0.5348960397948679,
        0.45551413932666623,
        0.13985068916397933
      ],
      [
        0.581786404165913,
        0.4596801379270187,
        0.13580812743292398
      ],
      [
        0.5731878820393564,
        0.27976510475234406,
        0.13077612532936142
      ],
      [
        0.5239795549263837,
        0.281089094487043,
        0.1348186870604168
      ],
      [
        0.5656311195839204,
        0.44427143568663763,
        0.14476516805364553
      ],
      [
        0.6120431518083779,
        0.44789164524219593,
        0.14072260632259018
      ],
      [
        0.605521003747796,
        0.27320811708963033,
        0.13569060421902762
      ],
      [
        0.5568155411490574,
        0.2749674609047613,
        0.139733165950083
      ]
    ],
    "keypoints_3d": [
      [
        0.008064047857231842,
        -0.015507123417376208,
        0.1377706466915035
      ],
      [
        0.004173145959972195,
        -0.00531997300657101,
        0.13985068916397933
      ],
      [
        0.009477343088176483,
        -0.004672233362388832,
        0.13580812743292398
      ],
      [
        0.008018130029562639,
        -0.024127929077023755,
        0.13077612532936142
      ],
      [
        0.0027139329013583548,
        -0.024775668721205932,
        0.1348186870604168
      ],
      [
        0.008109965684901046,
        -0.0068863177577286605,
        0.14476516805364553
      ],
      [
        0.013414162813105323,
        -0.006238578113546483,
        0.14072260632259018
      ],
      [
        0.01195494975449148,
        -0.025694273828181406,
        0.13569060421902762
      ],
      [
        0.0066507526262872055,
        -0.026342013472363583,
        0.139733165950083
      ]
    ],
    "model_matrix": [
      0.7873868843678693,
      -0.07296461580632464,
      -0.6121258523912342,
      0.0331039292230355,
      0.09051085247369214,
      -0.9685261460408967,
      0.23187257280595672,
      0.01051081505907677,
      -0.6097783858992913,
      -0.23797745539316012,
      -0.7560006949829157,
      0.13839949265763904,
      0.0,
      0.0,
      0.0,
      1.0
    ],
    "view_matrix": [
      0.9999762655586851,
      0.0011120250047438008,
      -0.006799391126780514,
      -0.024109751669376876,
      -0.00119119053109519,
      0.9999314258971507,
      -0.011650088772608628,
      -0.02436541824416207,
      0.0067859696746114485,
      0.011657911634587773,
      0.9999090177170598,
      -0.0009634304773199952,
      0.0,
      0.0,
      0.0,
      1.0
    ],
    "camera_intrinsics": {
      "fx": 597.9334510615602,
      "fy": 597.9334510615602,
      "cx": 256.0,
      "cy": 256.0,
      "image_width": 512,
      "image_height": 512,
      "model": "SIMPLE_RADIAL",
      "dist": [
        0.5858147660925254,
        0.0,
        0.0,
        0.0
      ]
    },
    "visibility": [
      1.0,
      1.0,
      1.0,
      1.0,
      1.0,
      1.0,
      1.0,
      1.0,
      1.0
    ],
    "keypoints_2d_visibility": [
      1.0,
      1.0,
      1.0,
      1.0,
      1.0,
      1.0,
      1.0,
      1.0,
      1.0
    ],
    "pose_6dof": {
      "translation": [
        0.0331039292230355,
        0.01051081505907677,
        0.13839949265763904
      ],
      "rotation": [
        0.7873868843678693,
        -0.07296461580632464,
        -0.6121258523912342,
        0.09051085247369214,
        -0.9685261460408967,
        0.23187257280595672,
        -0.6097783858992913,
        -0.23797745539316012,
        -0.7560006949829157
      ]
    },
    "pose_9dof": {
      "translation": [
        0.0331039292230355,
        0.01051081505907677,
        0.13839949265763904
      ],
      "rotation": [
        0.7873868843678693,
        -0.07296461580632464,
        -0.6121258523912342,
        0.09051085247369214,
        -0.9685261460408967,
        0.23187257280595672,
        -0.6097783858992913,
        -0.23797745539316012,
        -0.7560006949829157
      ],
      "scale": [
        0.006700476040617502,
        0.02014880749972937,
        0.0064887663067059774
      ]
    }
  },
  {
    "frame_id": 1,
    "image": "frame_000001.png",
    "keypoints_2d": [
      [
        0.5665786140121207,
        0.3681551217164583,
        0.1353591470726437
      ],
      [
        0.5325607842398177,
        0.45631894601793266,
        0.13741689573034221
      ],
      [
        0.5796070509450975,
        0.4604809354212404,
        0.13339513633066455
      ],
      [
        0.5706654498851167,
        0.2810446142446841,
        0.12837019285895157
      ],
      [
        0.5214739003372172,
        0.2823592984654293,
        0.13239195225862926
      ],
      [
        0.5632004526799607,
        0.44509472184091137,
        0.14234810128633582
      ],
      [
        0.609663923345293,
        0.44872434617718243,
        0.13832634188665816
      ],
      [
        0.6026709313168168,
        0.27485104871534705,
        0.1333013984149452
      ],
      [
        0.5540931939420254,
        0.27652135273415535,
        0.13732315781462287
      ]
    ],
    "keypoints_3d": [
      [
        0.007777999082975599,
        -0.015402683843763363,
        0.1353591470726437
      ],
      [
        0.003884993792777791,
        -0.005211810082107665,
        0.13741689573034221
      ],
      [
        0.009205693823574418,
        -0.004569952088253691,
        0.13339513633066455
      ],
      [
        0.007754804024829726,
        -0.024028094485695914,
        0.12837019285895157
      ],
      [
        0.002434103994033099,
        -0.024669952479549888,
        0.13239195225862926
      ],
      [
        0.007801194141121473,
        -0.006777273201830809,
        0.14234810128633582
      ],
      [
        0.013121894171918093,
        -0.006135415207976835,
        0.13832634188665816
      ],
      [
        0.0116710043731734,
        -0.02559355760541906,
        0.1333013984149452
      ],
      [
        0.006350304342376784,
        -0.026235415599273032,
        0.13732315781462287
      ]
    ],
    "model_matrix": [
      0.7873868843678693,
      -0.07296461580632464,
      -0.6121258523912342,
      0.0331039292230355,
      0.09051085247369214,
      -0.9685261460408967,
      0.23187257280595672,
      0.01051081505907677,
      -0.6097783858992913,
      -0.23797745539316012,
      -0.7560006949829157,
      0.13839949265763904,
      0.0,
      0.0,
      0.0,
      1.0
    ],
    "view_matrix": [
      0.9999402604993782,
      0.0016716826302683077,
      -0.010801893797810682,
      -0.02384654665346502,
      -0.0017903255615052494,
      0.9999380799781195,
      -0.01098321191891707,
      -0.024333510304937973,
      0.010782864499720962,
      0.011001894693900699,
      0.9998813370327125,
      -0.0034965167541728816,
      0.0,
      0.0,
      0.0,
      1.0
    ],
    "camera_intrinsics": {
      "fx": 589.1099958315998,
      "fy": 589.1099958315998,
      "cx": 256.0,
      "cy": 256.0,
      "image_width": 512,
      "image_height": 512,
      "model": "SIMPLE_RADIAL",
      "dist": [
        0.43055677988961916,
        0.0,
        0.0,
        0.0
      ]
    },
    "visibility": [
      1.0,
      1.0,
      1.0,
      1.0,
      1.0,
      1.0,
      1.0,
      1.0,
      1.0
    ],
    "keypoints_2d_visibility": [
      1.0,
      1.0,
      1.0,
      1.0,
      1.0,
      1.0,
      1.0,
      1.0,
      1.0
    ],
    "pose_6dof": {
      "translation": [
        0.0331039292230355,
        0.01051081505907677,
        0.13839949265763904
      ],
      "rotation": [
        0.7873868843678693,
        -0.07296461580632464,
        -0.6121258523912342,
        0.09051085247369214,
        -0.9685261460408967,
        0.23187257280595672,
        -0.6097783858992913,
        -0.23797745539316012,
        -0.7560006949829157
      ]
    },
    "pose_9dof": {
      "translation": [
        0.0331039292230355,
        0.01051081505907677,
        0.13839949265763904
      ],
      "rotation": [
        0.7873868843678693,
        -0.07296461580632464,
        -0.6121258523912342,
        0.09051085247369214,
        -0.9685261460408967,
        0.23187257280595672,
        -0.6097783858992913,
        -0.23797745539316012,
        -0.7560006949829157
      ],
      "scale": [
        0.006700476040617502,
        0.02014880749972937,
        0.0064887663067059774
      ]
    }
  },
  {
    "frame_id": 2,
    "image": "frame_000002.png",
    "keypoints_2d": [
      [
        0.5633139936981547,
        0.3677552116977424,
        0.135359341013504
      ],
      [
        0.5297319540513685,
        0.455977396694443,
        0.13737122760770928
      ],
      [
        0.5766270449738726,
        0.45979306095266204,
        0.13334501720155653
      ],
      [
        0.5669035810668812,
        0.2804121418941771,
        0.12841021759428764
      ],
      [
        0.5178901682242898,
        0.2820942468430163,
        0.1324364280004404
      ],
      [
        0.5603794404492215,
        0.44485740723776623,
        0.14230846443272036
      ],
      [
        0.6066988821294022,
        0.4481522263256475,
        0.13828225402656757
      ],
      [
        0.5989534280351404,
        0.2743356918092538,
        0.13334745441929868
      ],
      [
        0.5505460635036357,
        0.276368618359104,
        0.13737366482545146
      ]
    ],
    "keypoints_3d": [
      [
        0.0074089174222951686,
        -0.015475105246584514,
        0.135359341013504
      ],
      [
        0.003553135901895592,
        -0.005260948945020844,
        0.13737122760770928
      ],
      [
        0.008874877291475753,
        -0.004656732494809683,
        0.13334501720155653
      ],
      [
        0.0073526366929191865,
        -0.024132486140236494,
        0.12841021759428764
      ],
      [
        0.0020308953033390323,
        -0.024736702590447655,
        0.1324364280004404
      ],
      [
        0.007465198151671144,
        -0.006817724352932535,
        0.14230846443272036
      ],
      [
        0.012786939541251294,
        -0.006213507902721373,
        0.13828225402656757
      ],
      [
        0.011264698942694735,
        -0.025689261548148185,
        0.13334745441929868
      ],
      [
        0.005942957553114577,
        -0.02629347799835935,
        0.13737366482545146
      ]
    ],
    "model_matrix": [
      0.7873868843678693,
      -0.07296461580632464,
      -0.6121258523912342,
      0.0331039292230355,
      0.09051085247369214,
      -0.9685261460408967,
      0.23187257280595672,
      0.01051081505907677,
      -0.6097783858992913,
      -0.23797745539316012,
      -0.7560006949829157,
      0.13839949265763904,
      0.0,
      0.0,
      0.0,
      1.0
    ],
    "view_matrix": [
      0.9999306417819979,
      0.005263359385252104,
      -0.010536065367278568,
      -0.02428985186684932,
      -0.005330320193336453,
      0.999965711745227,
      -0.00633743011782096,
      -0.024932008252680677,
      0.010502347931695936,
      0.006393151166946792,
      0.999924411296213,
      -0.003444556418047333,
      0.0,
      0.0,
      0.0,
      1.0
    ],
    "camera_intrinsics": {
      "fx": 587.9737994741599,
      "fy": 587.9737994741599,
      "cx": 256.0,
      "cy": 256.0,
      "image_width": 512,
      "image_height": 512,
      "model": "SIMPLE_RADIAL",
      "dist": [
        0.4523923450574791,
        0.0,
        0.0,
        0.0
      ]
    },
    "visibility": [
      1.0,
      1.0,
      1.0,
      1.0,
      1.0,
      1.0,
      1.0,
      1.0,
      1.0
    ],
    "keypoints_2d_visibility": [
      1.0,
      1.0,
      1.0,
      1.0,
      1.0,
      1.0,
      1.0,
      1.0,
      1.0
    ],
    "pose_6dof": {
      "translation": [
        0.0331039292230355,
        0.01051081505907677,
        0.13839949265763904
      ],
      "rotation": [
        0.7873868843678693,
        -0.07296461580632464,
        -0.6121258523912342,
        0.09051085247369214,
        -0.9685261460408967,
        0.23187257280595672,
        -0.6097783858992913,
        -0.23797745539316012,
        -0.7560006949829157
      ]
    },
    "pose_9dof": {
      "translation": [
        0.0331039292230355,
        0.01051081505907677,
        0.13839949265763904
      ],
      "rotation": [
        0.7873868843678693,
        -0.07296461580632464,
        -0.6121258523912342,
        0.09051085247369214,
        -0.9685261460408967,
        0.23187257280595672,
        -0.6097783858992913,
        -0.23797745539316012,
        -0.7560006949829157
      ],
      "scale": [
        0.006700476040617502,
        0.02014880749972937,
        0.0064887663067059774
      ]
    }
  },
  {
    "frame_id": 3,
    "image": "frame_000003.png",
    "keypoints_2d": [
      [
        0.5673507555277929,
        0.36621697426816796,
        0.13687445603955592
      ],
      [
        0.5332369907863933,
        0.4543070136563737,
        0.13893472249929478
      ],
      [
        0.5801358183883406,
        0.4584737802886254,
        0.13489056152838527
      ],
      [
        0.57128790579939,
        0.2792779631901179,
        0.1298968905083141
      ],
      [
        0.5223338977001638,
        0.28053220386745514,
        0.13394105147922364
      ],
      [
        0.5640741903759937,
        0.4432474365170177,
        0.1438520215707977
      ],
      [
        0.610400719152151,
        0.44689464586656635,
        0.1398078605998882
      ],
      [
        0.6034398756449613,
        0.27323523248210585,
        0.13481418957981703
      ],
      [
        0.5550876369349965,
        0.2748217422954084,
        0.13885835055072657
      ]
    ],
    "keypoints_3d": [
      [
        0.007871535269364387,
        -0.01563572371591375,
        0.13687445603955592
      ],
      [
        0.003964773857951277,
        -0.005450624543940061,
        0.13893472249929478
      ],
      [
        0.009267705498855822,
        -0.004802506326209089,
        0.13489056152838527
      ],
      [
        0.007838728833232656,
        -0.02427031871213363,
        0.1298968905083141
      ],
      [
        0.002535797192328111,
        -0.024918436929864597,
        0.13394105147922364
      ],
      [
        0.007904341705496126,
        -0.007001128719693873,
        0.1438520215707977
      ],
      [
        0.013207273346400667,
        -0.006353010501962901,
        0.1398078605998882
      ],
      [
        0.011778296680777508,
        -0.02582082288788744,
        0.13481418957981703
      ],
      [
        0.006475365039872966,
        -0.026468941105618413,
        0.13885835055072657
      ]
    ],
    "model_matrix": [
      0.7873868843678693,
      -0.07296461580632464,
      -0.6121258523912342,
      0.0331039292230355,
      0.09051085247369214,
      -0.9685261460408967,
      0.23187257280595672,
      0.01051081505907677,
      -0.6097783858992913,
      -0.23797745539316012,
      -0.7560006949829157,
      0.13839949265763904,
      0.0,
      0.0,
      0.0,
      1.0
    ],
    "view_matrix": [
      0.9999773084240485,
      -0.0004566948837465905,
      -0.006721165581845061,
      -0.02429663663129002,
      0.0003915147922286843,
      0.9999529174096466,
      -0.009695858915222979,
      -0.024817102621815617,
      0.006725277181119385,
      0.00969300746515768,
      0.9999304057048758,
      -0.0018399193115876554,
      0.0,
      0.0,
      0.0,
      1.0
    ],
    "camera_intrinsics": {
      "fx": 595.7730204971994,
      "fy": 595.7730204971994,
      "cx": 256.0,
      "cy": 256.0,
      "image_width": 512,
      "image_height": 512,
      "model": "SIMPLE_RADIAL",
      "dist": [
        0.39466720712215775,
        0.0,
        0.0,
        0.0
      ]
    },
    "visibility": [
      1.0,
      1.0,
      1.0,
      1.0,
      1.0,
      1.0,
      1.0,
      1.0,
      1.0
    ],
    "keypoints_2d_visibility": [
      1.0,
      1.0,
      1.0,
      1.0,
      1.0,
      1.0,
      1.0,
      1.0,
      1.0
    ],
    "pose_6dof": {
      "translation": [
        0.0331039292230355,
        0.01051081505907677,
        0.13839949265763904
      ],
      "rotation": [
        0.7873868843678693,
        -0.07296461580632464,
        -0.6121258523912342,
        0.09051085247369214,
        -0.9685261460408967,
        0.23187257280595672,
        -0.6097783858992913,
        -0.23797745539316012,
        -0.7560006949829157
      ]
    },
    "pose_9dof": {
      "translation": [
        0.0331039292230355,
        0.01051081505907677,
        0.13839949265763904
      ],
      "rotation": [
        0.7873868843678693,
        -0.07296461580632464,
        -0.6121258523912342,
        0.09051085247369214,
        -0.9685261460408967,
        0.23187257280595672,
        -0.6097783858992913,
        -0.23797745539316012,
        -0.7560006949829157
      ],
      "scale": [
        0.006700476040617502,
        0.02014880749972937,
        0.0064887663067059774
      ]
    }
  },
  {
    "frame_id": 4,
    "image": "frame_000004.png",
    "keypoints_2d": [
      [
        0.570692974947477,
        0.3653514713772805,
        0.13771786402213743
      ],
      [
        0.5367193159431795,
        0.4529092439227138,
        0.13982977181628575
      ],
      [
        0.5833290215126523,
        0.45712037980269227,
        0.13577994269300697
      ],
      [
        0.5748397881349312,
        0.27878895720827596,
        0.1307020005708135
      ],
      [
        0.5260502573987602,
        0.2799882777368383,
        0.13475182969409225
      ],
      [
        0.5672915904529473,
        0.4417746316581033,
        0.1447337274734614
      ],
      [
        0.6133852056420083,
        0.4454535179646716,
        0.1406838983501826
      ],
      [
        0.6068582174182224,
        0.2724371553166578,
        0.1356059562279891
      ],
      [
        0.5586112040363498,
        0.27401675922934454,
        0.13965578535126788
      ]
    ],
    "keypoints_3d": [
      [
        0.008315777666072267,
        -0.015839016930925022,
        0.13771786402213743
      ],
      [
        0.004415107837435133,
        -0.005662163384236529,
        0.13982977181628575
      ],
      [
        0.009711654887859172,
        -0.004997443453907565,
        0.13577994269300697
      ],
      [
        0.008269336365985914,
        -0.024442459904048846,
        0.1307020005708135
      ],
      [
        0.0029727893155618718,
        -0.025107179834377814,
        0.13475182969409225
      ],
      [
        0.008362218966158626,
        -0.007235573957801198,
        0.1447337274734614
      ],
      [
        0.013658766016582665,
        -0.00657085402747223,
        0.1406838983501826
      ],
      [
        0.012216447494709407,
        -0.026015870477613515,
        0.1356059562279891
      ],
      [
        0.006919900444285365,
        -0.026680590407942482,
        0.13965578535126788
      ]
    ],
    "model_matrix": [
      0.7873868843678693,
      -0.07296461580632464,
      -0.6121258523912342,
      0.0331039292230355,
      0.09051085247369214,
      -0.9685261460408967,
      0.23187257280595672,
      0.01051081505907677,
      -0.6097783858992913,
      -0.23797745539316012,
      -0.7560006949829157,
      0.13839949265763904,
      0.0,
      0.0,
      0.0,
      1.0
    ],
    "view_matrix": [
      0.9999869614270236,
      -0.00017116867842653503,
      -0.00510369250954587,
      -0.024079572352641656,
      9.896239216922821e-05,
      0.9998999531303713,
      -0.014144749426067511,
      -0.024394430315546823,
      0.005105603039152677,
      0.014144059925100245,
      0.9998869328011252,
      -0.0009836613122473626,
      0.0,
      0.0,
      0.0,
      1.0
    ],
    "camera_intrinsics": {
      "fx": 594.6777019226098,
      "fy": 594.6777019226098,
      "cx": 256.0,
      "cy": 256.0,
      "image_width": 512,
      "image_height": 512,
      "model": "SIMPLE_RADIAL",
      "dist": [
        0.4729385970331145,
        0.0,
        0.0,
        0.0
      ]
    },
    "visibility": [
      1.0,
      1.0,
      1.0,
      1.0,
      1.0,
      1.0,
      1.0,
      1.0,
      1.0
    ],
    "keypoints_2d_visibility": [
      1.0,
      1.0,
      1.0,
      1.0,
      1.0,
      1.0,
      1.0,
      1.0,
      1.0
    ],
    "pose_6dof": {
      "translation": [
        0.0331039292230355,
        0.01051081505907677,
        0.13839949265763904
      ],
      "rotation": [
        0.7873868843678693,
        -0.07296461580632464,
        -0.6121258523912342,
        0.09051085247369214,
        -0.9685261460408967,
        0.23187257280595672,
        -0.6097783858992913,
        -0.23797745539316012,
        -0.7560006949829157
      ]
    },
    "pose_9dof": {
      "translation": [
        0.0331039292230355,
        0.01051081505907677,
        0.13839949265763904
      ],
      "rotation": [
        0.7873868843678693,
        -0.07296461580632464,
        -0.6121258523912342,
        0.09051085247369214,
        -0.9685261460408967,
        0.23187257280595672,
        -0.6097783858992913,
        -0.23797745539316012,
        -0.7560006949829157
      ],
      "scale": [
        0.006700476040617502,
        0.02014880749972937,
        0.0064887663067059774
      ]
    }
  },
  {
    "frame_id": 5,
    "image": "frame_000005.png",
    "keypoints_2d": [
      [
        0.5717975127435746,
        0.3658342489147235,
        0.13718365142143107
      ],
      [
        0.5378587571487368,
        0.4533775050322215,
        0.13925398949237924
      ],
      [
        0.5844523621833182,
        0.45743873817775604,
        0.1351913510844251
      ],
      [
        0.5758652588762945,
        0.27919390053579846,
        0.13020911289764775
      ],
      [
        0.5271638127008974,
        0.28058737353030094,
        0.13427175130560193
      ],
      [
        0.568453496381822,
        0.4424348892338737,
        0.1441581899452144
      ],
      [
        0.6145223986364929,
        0.44597531145504615,
        0.14009555153726022
      ],
      [
        0.6078537499213177,
        0.2731254543305265,
        0.1351133133504829
      ],
      [
        0.5597033720333,
        0.27487194485779576,
        0.13917595175843706
      ]
    ],
    "keypoints_3d": [
      [
        0.00845098790537557,
        -0.01579209496834783,
        0.13718365142143107
      ],
      [
        0.004552210148489326,
        -0.005605978926000663,
        0.13925398949237924
      ],
      [
        0.009841219090341403,
        -0.004959656444484192,
        0.1351913510844251
      ],
      [
        0.008393395061914364,
        -0.02442900548070207,
        0.13020911289764775
      ],
      [
        0.003104386120062287,
        -0.02507532796221854,
        0.13427175130560193
      ],
      [
        0.008508580748836782,
        -0.007155184455993589,
        0.1441581899452144
      ],
      [
        0.013797589690688849,
        -0.006508861974477118,
        0.14009555153726022
      ],
      [
        0.01234976566226181,
        -0.025978211010694998,
        0.1351133133504829
      ],
      [
        0.007060756720409751,
        -0.026624533492211465,
        0.13917595175843706
      ]
    ],
    "model_matrix": [
      0.7873868843678693,
      -0.07296461580632464,
      -0.6121258523912342,
      0.0331039292230355,
      0.09051085247369214,
      -0.9685261460408967,
      0.23187257280595672,
      0.01051081505907677,
      -0.6097783858992913,
      -0.23797745539316012,
      -0.7560006949829157,
      0.13839949265763904,
      0.0,
      0.0,
      0.0,
      1.0
    ],
    "view_matrix": [
      0.9999945834101368,
      -0.00033923429632544584,
      -0.003273846434871945,
      -0.024196097692676794,
      0.00030856810978131767,
      0.9999561186951004,
      -0.009362984030322478,
      -0.025016831376452726,
      0.003276879019517374,
      0.009361923110271966,
      0.9999508070198098,
      -0.0014159119662512458,
      0.0,
      0.0,
      0.0,
      1.0
    ],
    "camera_intrinsics": {
      "fx": 592.2487193499015,
      "fy": 592.2487193499015,
      "cx": 256.0,
      "cy": 256.0,
      "image_width": 512,
      "image_height": 512,
      "model": "SIMPLE_RADIAL",
      "dist": [
        0.4433752461539118,
        0.0,
        0.0,
        0.0
      ]
    },
    "visibility": [
      1.0,
      1.0,
      1.0,
      1.0,
      1.0,
      1.0,
      1.0,
      1.0,
      1.0
    ],
    "keypoints_2d_visibility": [
      1.0,
      1.0,
      1.0,
      1.0,
      1.0,
      1.0,
      1.0,
      1.0,
      1.0
    ],
    "pose_6dof": {
      "translation": [
        0.0331039292230355,
        0.01051081505907677,
        0.13839949265763904
      ],
      "rotation": [
        0.7873868843678693,
        -0.07296461580632464,
        -0.6121258523912342,
        0.09051085247369214,
        -0.9685261460408967,
        0.23187257280595672,
        -0.6097783858992913,
        -0.23797745539316012,
        -0.7560006949829157
      ]
    },
    "pose_9dof": {
      "translation": [
        0.0331039292230355,
        0.01051081505907677,
        0.13839949265763904
      ],
      "rotation": [
        0.7873868843678693,
        -0.07296461580632464,
        -0.6121258523912342,
        0.09051085247369214,
        -0.9685261460408967,
        0.23187257280595672,
        -0.6097783858992913,
        -0.23797745539316012,
        -0.7560006949829157
      ],
      "scale": [
        0.006700476040617502,
        0.02014880749972937,
        0.0064887663067059774
      ]
    }
  },
  {
    "frame_id": 6,
    "image": "frame_000006.png",
    "keypoints_2d": [
      [
        0.5740343793912082,
        0.36484965144350795,
        0.137167253838215
      ],
      [
        0.540045014070275,
        0.4529266990640292,
        0.1392453227983914
      ],
      [
        0.5869289925131344,
        0.45693759767009956,
        0.13517351922275134
      ],
      [
        0.577953309600011,
        0.2778630002588211,
        0.13019203799898682
      ],
      [
        0.5290081080853476,
        0.27934354844964504,
        0.13426384157462692
      ],
      [
        0.5708078562865081,
        0.44187022770998774,
        0.14414246967744318
      ],
      [
        0.6171564882726152,
        0.4453613576012189,
        0.14007066610180308
      ],
      [
        0.6100856678749591,
        0.27173543128894234,
        0.1350891848780386
      ],
      [
        0.561701652441485,
        0.2735539495013245,
        0.13916098845367866
      ]
    ],
    "keypoints_3d": [
      [
        0.00866522132202251,
        -0.01581843045921258,
        0.137167253838215
      ],
      [
        0.004786279281421255,
        -0.005626317538126091,
        0.1392453227983914
      ],
      [
        0.010069212628897314,
        -0.00498803072295665,
        0.13517351922275134
      ],
      [
        0.008581711393836237,
        -0.02445458225511366,
        0.13019203799898682
      ],
      [
        0.003298778046360175,
        -0.0250928690702831,
        0.13426384157462692
      ],
      [
        0.00874873125020877,
        -0.007182278663311507,
        0.14414246967744318
      ],
      [
        0.014031664597684828,
        -0.0065439918481420695,
        0.14007066610180308
      ],
      [
        0.012544163362623751,
        -0.026010543380299074,
        0.1350891848780386
      ],
      [
        0.007261230015147693,
        -0.026648830195468515,
        0.13916098845367866
      ]
    ],
    "model_matrix": [
      0.7873868843678693,
      -0.07296461580632464,
      -0.6121258523912342,
      0.0331039292230355,
      0.09051085247369214,
      -0.9685261460408967,
      0.23187257280595672,
      0.01051081505907677,
      -0.6097783858992913,
      -0.23797745539316012,
      -0.7560006949829157,
      0.13839949265763904,
      0.0,
      0.0,
      0.0,
      1.0
    ],
    "view_matrix": [
      0.9999980036926501,
      0.0012686114944220736,
      -0.0015437731669202027,
      -0.02423831853311523,
      -0.0012831478192104832,
      0.9999545072203861,
      -0.009451826347796994,
      -0.02497816214628326,
      0.0015317122408396494,
      0.009453788368219076,
      0.9999541388199262,
      -0.0013759643701259582,
      0.0,
      0.0,
      0.0,
      1.0
    ],
    "camera_intrinsics": {
      "fx": 595.7979214698246,
      "fy": 595.7979214698246,
      "cx": 256.0,
      "cy": 256.0,
      "image_width": 512,
      "image_height": 512,
      "model": "SIMPLE_RADIAL",
      "dist": [
        0.4109915195620542,
        0.0,
        0.0,
        0.0
      ]
    },
    "visibility": [
      1.0,
      1.0,
      1.0,
      1.0,
      1.0,
      1.0,
      1.0,
      1.0,
      1.0
    ],
    "keypoints_2d_visibility": [
      1.0,
      1.0,
      1.0,
      1.0,
      1.0,
      1.0,
      1.0,
      1.0,
      1.0
    ],
    "pose_6dof": {
      "translation": [
        0.0331039292230355,
        0.01051081505907677,
        0.13839949265763904
      ],
      "rotation": [
        0.7873868843678693,
        -0.07296461580632464,
        -0.6121258523912342,
        0.09051085247369214,
        -0.9685261460408967,
        0.23187257280595672,
        -0.6097783858992913,
        -0.23797745539316012,
        -0.7560006949829157
      ]
    },
    "pose_9dof": {
      "translation": [
        0.0331039292230355,
        0.01051081505907677,
        0.13839949265763904
      ],
      "rotation": [
        0.7873868843678693,
        -0.07296461580632464,
        -0.6121258523912342,
        0.09051085247369214,
        -0.9685261460408967,
        0.23187257280595672,
        -0.6097783858992913,
        -0.23797745539316012,
        -0.7560006949829157
      ],
      "scale": [
        0.006700476040617502,
        0.02014880749972937,
        0.0064887663067059774
      ]
    }
  },
  {
    "frame_id": 7,
    "image": "frame_000007.png",
    "keypoints_2d": [
      [
        0.5751504974469076,
        0.3653718149862826,
        0.1371650238174986
      ],
      [
        0.5412986558980353,
        0.4534491976594697,
        0.1392425447356903
      ],
      [
        0.5881819679688549,
        0.45739181470086576,
        0.1351643995030607
      ],
      [
        0.5789341324714556,
        0.27848535375064176,
        0.1301941252669946
      ],
      [
        0.5300222337863415,
        0.2800426195523036,
        0.13427227049962423
      ],
      [
        0.5720403647369708,
        0.44235224946644625,
        0.14413592236800263
      ],
      [
        0.6183880206485004,
        0.4457771660714454,
        0.14005777713537299
      ],
      [
        0.6110372362222851,
        0.2723203467499043,
        0.13508750289930688
      ],
      [
        0.5626859535630897,
        0.2742089298456608,
        0.13916564813193652
      ]
    ],
    "keypoints_3d": [
      [
        0.008799546953182944,
        -0.015763928057656716,
        0.1371650238174986
      ],
      [
        0.004937409800903177,
        -0.005565323682291089,
        0.1392425447356903
      ],
      [
        0.010216584865043944,
        -0.0049364983690095045,
        0.1351643995030607
      ],
      [
        0.008695844720048595,
        -0.02440334626718881,
        0.1301941252669946
      ],
      [
        0.0034166696559078252,
        -0.025032171580470393,
        0.13427227049962423
      ],
      [
        0.008903249186317286,
        -0.007124509848124627,
        0.14413592236800263
      ],
      [
        0.014182424250458053,
        -0.006495684534843043,
        0.14005777713537299
      ],
      [
        0.012661684105462704,
        -0.025962532433022347,
        0.13508750289930688
      ],
      [
        0.007382509041321938,
        -0.02659135774630393,
        0.13916564813193652
      ]
    ],
    "model_matrix": [
      0.7873868843678693,
      -0.07296461580632464,
      -0.6121258523912342,
      0.0331039292230355,
      0.09051085247369214,
      -0.9685261460408967,
      0.23187257280595672,
      0.01051081505907677,
      -0.6097783858992913,
      -0.23797745539316012,
      -0.7560006949829157,
      0.13839949265763904,
      0.0,
      0.0,
      0.0,
      1.0
    ],
    "view_matrix": [
      0.9999962837976791,
      0.0026945464405401286,
      -0.0004145000741149833,
      -0.02427521452829449,
      -0.0026981535974830648,
      0.9999561911014927,
      -0.008963026551307821,
      -0.024944484836401427,
      0.00039033062403301194,
      0.00896411162775388,
      0.9999597453621466,
      -0.0013360392155242152,
      0.0,
      0.0,
      0.0,
      1.0
    ],
    "camera_intrinsics": {
      "fx": 595.6380632043254,
      "fy": 595.6380632043254,
      "cx": 256.0,
      "cy": 256.0,
      "image_width": 512,
      "image_height": 512,
      "model": "SIMPLE_RADIAL",
      "dist": [
        0.40045260024002555,
        0.0,
        0.0,
        0.0
      ]
    },
    "visibility": [
      1.0,
      1.0,
      1.0,
      1.0,
      1.0,
      1.0,
      1.0,
      1.0,
      1.0
    ],
    "keypoints_2d_visibility": [
      1.0,
      1.0,
      1.0,
      1.0,
      1.0,
      1.0,
      1.0,
      1.0,
      1.0
    ],
    "pose_6dof": {
      "translation": [
        0.0331039292230355,
        0.01051081505907677,
        0.13839949265763904
      ],
      "rotation": [
        0.7873868843678693,
        -0.07296461580632464,
        -0.6121258523912342,
        0.09051085247369214,
        -0.9685261460408967,
        0.23187257280595672,
        -0.6097783858992913,
        -0.23797745539316012,
        -0.7560006949829157
      ]
    },
    "pose_9dof": {
      "translation": [
        0.0331039292230355,
        0.01051081505907677,
        0.13839949265763904
      ],
      "rotation": [
        0.7873868843678693,
        -0.07296461580632464,
        -0.6121258523912342,
        0.09051085247369214,
        -0.9685261460408967,
        0.23187257280595672,
        -0.6097783858992913,
        -0.23797745539316012,
        -0.7560006949829157
      ],
      "scale": [
        0.006700476040617502,
        0.02014880749972937,
        0.0064887663067059774
      ]
    }
  },
  {
    "frame_id": 8,
    "image": "frame_000008.png",
    "keypoints_2d": [
      [
        0.5747843506122203,
        0.3673136180886885,
        0.13771194960615185
      ],
      [
        0.5410942770413503,
        0.45487235838051177,
        0.1398211935809463
      ],
      [
        0.5877066971379734,
        0.4589223928094469,
        0.13574946909346822
      ],
      [
        0.5786814872679062,
        0.2809026787210481,
        0.13071149438064147
      ],
      [
        0.5299411724736711,
        0.2823191285764556,
        0.1347832188681196
      ],
      [
        0.5716195792177928,
        0.44364568709034413,
        0.1447124048316622
      ],
      [
        0.6177351063185096,
        0.44716475622244267,
        0.14064068034418412
      ],
      [
        0.6106718383884232,
        0.2744216207426654,
        0.13560270563135737
      ],
      [
        0.5624512189496267,
        0.27621473311982275,
        0.13967443011883549
      ]
    ],
    "keypoints_3d": [
      [
        0.00880613653704336,
        -0.015624316934651588,
        0.13771194960615185
      ],
      [
        0.0049460156060462425,
        -0.005431462378314492,
        0.1398211935809463
      ],
      [
        0.010228702111981021,
        -0.0047906331116802925,
        0.13574946909346822
      ],
      [
        0.008704926524670122,
        -0.024239832643115633,
        0.13071149438064147
      ],
      [
        0.0034222400187353397,
        -0.02488066190974983,
        0.1347832188681196
      ],
      [
        0.008907346549416599,
        -0.007008801226187543,
        0.1447124048316622
      ],
      [
        0.014190033055351374,
        -0.0063679719595533466,
        0.14064068034418412
      ],
      [
        0.012666257468040468,
        -0.025817171490988684,
        0.13560270563135737
      ],
      [
        0.007383570962105693,
        -0.026458000757622883,
        0.13967443011883549
      ]
    ],
    "model_matrix": [
      0.7873868843678693,
      -0.07296461580632464,
      -0.6121258523912342,
      0.0331039292230355,
      0.09051085247369214,
      -0.9685261460408967,
      0.23187257280595672,
      0.01051081505907677,
      -0.6097783858992913,
      -0.23797745539316012,
      -0.7560006949829157,
      0.13839949265763904,
      0.0,
      0.0,
      0.0,
      1.0
    ],
    "view_matrix": [
      0.9999946033425532,
      0.003048995817813696,
      -0.0012234828452151983,
      -0.02416033206152981,
      -0.0030639097312136735,
      0.9999186849888085,
      -0.012378847580077356,
      -0.02431962363102738,
      0.0011856403031929382,
      0.012382529416672807,
      0.9999226306181477,
      -0.0008462349976346917,
      0.0,
      0.0,
      0.0,
      1.0
    ],
    "camera_intrinsics": {
      "fx": 594.0230178515535,
      "fy": 594.0230178515535,
      "cx": 256.0,
      "cy": 256.0,
      "image_width": 512,
      "image_height": 512,
      "model": "SIMPLE_RADIAL",
      "dist": [
        0.47208036674611237,
        0.0,
        0.0,
        0.0
      ]
    },
    "visibility": [
      1.0,
      1.0,
      1.0,
      1.0,
      1.0,
      1.0,
      1.0,
      1.0,
      1.0
    ],
    "keypoints_2d_visibility": [
      1.0,
      1.0,
      1.0,
      1.0,
      1.0,
      1.0,
      1.0,
      1.0,
      1.0
    ],
    "pose_6dof": {
      "translation": [
        0.0331039292230355,
        0.01051081505907677,
        0.13839949265763904
      ],
      "rotation": [
        0.7873868843678693,
        -0.07296461580632464,
        -0.6121258523912342,
        0.09051085247369214,
        -0.9685261460408967,
        0.23187257280595672,
        -0.6097783858992913,
        -0.23797745539316012,
        -0.7560006949829157
      ]
    },
    "pose_9dof": {
      "translation": [
        0.0331039292230355,
        0.01051081505907677,
        0.13839949265763904
      ],
      "rotation": [
        0.7873868843678693,
        -0.07296461580632464,
        -0.6121258523912342,
        0.09051085247369214,
        -0.9685261460408967,
        0.23187257280595672,
        -0.6097783858992913,
        -0.23797745539316012,
        -0.7560006949829157
      ],
      "scale": [
        0.006700476040617502,
        0.02014880749972937,
        0.0064887663067059774
      ]
    }
  },
  {
    "frame_id": 9,
    "image": "frame_000009.png",
    "keypoints_2d": [
      [
        0.5693780171958914,
        0.3701674208462188,
        0.13713428571333347
      ],
      [
        0.5363607153319874,
        0.4584661961711437,
        0.1391518162791545
      ],
      [
        0.5832319259427051,
        0.46200234392163253,
        0.13508788288072865
      ],
      [
        0.5723417791496075,
        0.2832368759820527,
        0.13020337362337459
      ],
      [
        0.5234800155111581,
        0.28520379356500114,
        0.1342673070218004
      ],
      [
        0.5670078447160514,
        0.4471194293142812,
        0.14406519780329233
      ],
      [
        0.613341065704756,
        0.45014234458535596,
        0.14000126440486652
      ],
      [
        0.6044122228881135,
        0.2768019477319825,
        0.13511675514751245
      ],
      [
        0.5561116507424214,
        0.27911247671788936,
        0.13918068854593826
      ]
    ],
    "keypoints_3d": [
      [
