[
  {
    "frame_id": 0,
    "image": "frame_000000.png",
    "keypoints_2d": [
      [
        0.43498305641512947,
        0.15763845940198806,
        0.3774804488976226
      ],
      [
        0.4644472914661806,
        0.23061158458248637,
        0.4019395622045126
      ],
      [
        0.45557529727606266,
        0.19087952483062626,
        0.4105973279534743
      ],
      [
        0.4609108121460276,
        0.06918566535986492,
        0.35619708853393506
      ],
      [
        0.4713651904779276,
        0.11275087524258681,
        0.3475393227849733
      ],
      [
        0.41191702824795184,
        0.23588149773159217,
        0.3987638092613102
      ],
      [
        0.40401627821743363,
        0.19571806853419915,
        0.40742157501027193
      ],
      [
        0.40115328226136954,
        0.073700185267488,
        0.35302133559073273
      ],
      [
        0.4103354480749427,
        0.11779789460783496,
        0.34436356984177097
      ]
    ],
    "keypoints_3d": [
      [
        -0.02482845635204456,
        -0.13073989792000196,
        0.3774804488976226
      ],
      [
        -0.014496491327336963,
        -0.10984217486749984,
        0.4019395622045126
      ],
      [
        -0.01847865578346483,
        -0.12858005807651912,
        0.4105973279534743
      ],
      [
        -0.014032832790198818,
        -0.15466030003515197,
        0.35619708853393506
      ],
      [
        -0.01005066833407095,
        -0.1359224168261327,
        0.3475393227849733
      ],
      [
        -0.03562407991389033,
        -0.10681949580485194,
        0.3987638092613102
      ],
      [
        -0.039606244370018195,
        -0.1255573790138712,
        0.40742157501027193
      ],
      [
        -0.03516042137675221,
        -0.15163762097250405,
        0.35302133559073273
      ],
      [
        -0.031178256920624314,
        -0.1328997377634848,
        0.34436356984177097
      ]
    ],
    "model_matrix": [
      0.89083675129717,
      -0.17121177195290133,
      -0.4208282448731929,
      0.15165940011188214,
      0.3599327927350947,
      -0.2992589312237692,
      0.8836812076743077,
      -0.007789642492051285,
      -0.2772332361969243,
      -0.9386855816659565,
      -0.20496612285991384,
      0.2756116627770251,
      0.0,
      0.0,
      0.0,
      1.0
    ],
    "view_matrix": [
      -0.5933829688255838,
      0.7750723835762121,
      -0.21716227233390506,
      0.1310536404805566,
      -0.6612795463898447,
      -0.31559427755456626,
      0.6805215746038126,
      -0.22046868793514396,
      0.45891830845388737,
      0.5474148812302241,
      0.6998077835902673,
      0.11927015289714045,
      0.0,
      0.0,
      0.0,
      1.0
    ],
    "camera_intrinsics": {
      "fx": 502.51016080227834,
      "fy": 502.51016080227834,
      "cx": 256.0,
      "cy": 256.0,
      "image_width": 512,
      "image_height": 512,
      "model": "SIMPLE_RADIAL",
      "dist": [
        0.057571631275673926,
        0.0,
        0.0,
        0.0
      ]
    },
    "visibility": [
      1.0,
      1.0,
      1.0,
      1.0,
      1.0,
      1.0,
      1.0,
      1.0,
      1.0
    ],
    "keypoints_2d_visibility": [
      1.0,
      1.0,
      1.0,
      1.0,
      1.0,
      1.0,
      1.0,
      1.0,
      1.0
    ],
    "pose_6dof": {
      "translation": [
        0.15165940011188214,
        -0.007789642492051285,
        0.2756116627770251
      ],
      "rotation": [
        0.89083675129717,
        -0.17121177195290133,
        -0.4208282448731929,
        0.3599327927350947,
        -0.2992589312237692,
        0.8836812076743077,
        -0.2772332361969243,
        -0.9386855816659565,
        -0.20496612285991384
      ]
    },
    "pose_9dof": {
      "translation": [
        0.15165940011188214,
        -0.007789642492051285,
        0.2756116627770251
      ],
      "rotation": [
        0.89083675129717,
        -0.17121177195290133,
        -0.4208282448731929,
        0.3599327927350947,
        -0.2992589312237692,
        0.8836812076743077,
        -0.2772332361969243,
        -0.9386855816659565,
        -0.20496612285991384
      ],
      "scale": [
        0.021021960153001663,
        0.060492399618559366,
        0.02157769670179579
      ]
    }
  },
  {
    "frame_id": 1,
    "image": "frame_000001.png",
    "keypoints_2d": [
      [
        0.4337664605162348,
        0.158669026514134,
        0.3726877081946427
      ],
      [
        0.46345342712181603,
        0.2319777191379115,
        0.397167937402081
      ],
      [
        0.4546071040634933,
        0.19209531452332768,
        0.405804090880894
      ],
      [
        0.459687888234139,
        0.06964223576511303,
        0.3513688191443052
      ],
      [
        0.47013271728977757,
        0.11345903214994835,
        0.3427326656654922
      ],
      [
        0.4107476751032709,
        0.2372488464443937,
        0.3940065972449803
      ],
      [
        0.40288211836993976,
        0.1969297469376149,
        0.40264275072379324
      ],
      [
        0.39960247545580463,
        0.07414495244459923,
        0.34820747898720444
      ],
      [
        0.4087587766670564,
        0.11850291569307192,
        0.3395713255083915
      ]
    ],
    "keypoints_3d": [
      [
        -0.025194084645386583,
        -0.129836356400716,
        0.3726877081946427
      ],
      [
        -0.01485813054516863,
        -0.10896534816920944,
        0.397167937402081
      ],
      [
        -0.018828507154648677,
        -0.12771570206836752,
        0.405804090880894
      ],
      [
        -0.014399659366946621,
        -0.15372564074281622,
        0.3513688191443052
      ],
      [
        -0.010429282757466601,
        -0.1349752868436582,
        0.3427326656654922
      ],
      [
        -0.035988509923826545,
        -0.10594707205861574,
        0.3940065972449803
      ],
      [
        -0.039958886533306565,
        -0.1246974259577738,
        0.40264275072379324
      ],
      [
        -0.035530038745604564,
        -0.1507073646322225,
        0.34820747898720444
      ],
      [
        -0.03155966213612452,
        -0.13195701073306448,
        0.3395713255083915
      ]
    ],
    "model_matrix": [
      0.89083675129717,
      -0.17121177195290133,
      -0.4208282448731929,
      0.15165940011188214,
      0.3599327927350947,
      -0.2992589312237692,
      0.8836812076743077,
      -0.007789642492051285,
      -0.2772332361969243,
      -0.9386855816659565,
      -0.20496612285991384,
      0.2756116627770251,
      0.0,
      0.0,
      0.0,
      1.0
    ],
    "view_matrix": [
      -0.5928898249876502,
      0.7754724819337689,
      -0.21708082639790138,
      0.1305938914619033,
      -0.6620928603798765,
      -0.3159752753955791,
      0.6795532867793983,
      -0.21917789612366534,
      0.4583827000008933,
      0.546627894551833,
      0.700773319439119,
      0.11428639896519292,
      0.0,
      0.0,
      0.0,
      1.0
    ],
    "camera_intrinsics": {
      "fx": 497.9047580449223,
      "fy": 497.9047580449223,
      "cx": 256.0,
      "cy": 256.0,
      "image_width": 512,
      "image_height": 512,
      "model": "SIMPLE_RADIAL",
      "dist": [
        0.05961010018595129,
        0.0,
        0.0,
        0.0
      ]
    },
    "visibility": [
      1.0,
      1.0,
      1.0,
      1.0,
      1.0,
      1.0,
      1.0,
      1.0,
      1.0
    ],
    "keypoints_2d_visibility": [
      1.0,
      1.0,
      1.0,
      1.0,
      1.0,
      1.0,
      1.0,
      1.0,
      1.0
    ],
    "pose_6dof": {
      "translation": [
        0.15165940011188214,
        -0.007789642492051285,
        0.2756116627770251
      ],
      "rotation": [
        0.89083675129717,
        -0.17121177195290133,
        -0.4208282448731929,
        0.3599327927350947,
        -0.2992589312237692,
        0.8836812076743077,
        -0.2772332361969243,
        -0.9386855816659565,
        -0.20496612285991384
      ]
    },
    "pose_9dof": {
      "translation": [
        0.15165940011188214,
        -0.007789642492051285,
        0.2756116627770251
      ],
      "rotation": [
        0.89083675129717,
        -0.17121177195290133,
        -0.4208282448731929,
        0.3599327927350947,
        -0.2992589312237692,
        0.8836812076743077,
        -0.2772332361969243,
        -0.9386855816659565,
        -0.20496612285991384
      ],
      "scale": [
        0.021021960153001663,
        0.060492399618559366,
        0.02157769670179579
      ]
    }
  },
  {
    "frame_id": 2,
    "image": "frame_000002.png",
    "keypoints_2d": [
      [
        0.4334372961699079,
        0.1584335787498512,
        0.37340859620610795
      ],
      [
        0.4630354404450583,
        0.23181880664162308,
        0.39784194525018163
      ],
      [
        0.4542967243760837,
        0.19203964995785228,
        0.40651799112093606
      ],
      [
        0.4593639867532775,
        0.0694301789576614,
        0.352134166892389
      ],
      [
        0.4696842126643172,
        0.11314468074612066,
        0.34345812102163464
      ],
      [
        0.4104101881280813,
        0.23697095475578,
        0.3946830255198268
      ],
      [
        0.40264913796649526,
        0.1967578357611412,
        0.40335907139058125
      ],
      [
        0.3993699600391142,
        0.0737975860669996,
        0.34897524716203426
      ],
      [
        0.40840851522229227,
        0.11804985864755796,
        0.34029920129127983
      ]
    ],
    "keypoints_3d": [
      [
        -0.025367997255303393,
        -0.13017584229894605,
        0.37340859620610795
      ],
      [
        -0.0150567132481855,
        -0.10923780441510512,
        0.39784194525018163
      ],
      [
        -0.01899260259781771,
        -0.12797700962104724,
        0.40651799112093606
      ],
      [
        -0.014542668849019613,
        -0.1540907639187596,
        0.352134166892389
      ],
      [
        -0.010606779499387403,
        -0.13535155871281754,
        0.34345812102163464
      ],
      [
        -0.03619332566158717,
        -0.10626092067913251,
        0.3946830255198268
      ],
      [
        -0.04012921501121938,
        -0.1250001258850746,
        0.40335907139058125
      ],
      [
        -0.035679281262421314,
        -0.15111388018278699,
        0.34897524716203426
      ],
      [
        -0.031743391912789076,
        -0.1323746749768449,
        0.34029920129127983
      ]
    ],
    "model_matrix": [
      0.89083675129717,
      -0.17121177195290133,
      -0.4208282448731929,
      0.15165940011188214,
      0.3599327927350947,
      -0.2992589312237692,
      0.8836812076743077,
      -0.007789642492051285,
      -0.2772332361969243,
      -0.9386855816659565,
      -0.20496612285991384,
      0.2756116627770251,
      0.0,
      0.0,
      0.0,
      1.0
    ],
    "view_matrix": [
      -0.5916096182477426,
      0.7762139152466945,
      -0.2179220442593147,
      0.13046344841977417,
      -0.6621338608394993,
      -0.313575648437152,
      0.6806240247280424,
      -0.21978757954708852,
      0.4599747927077523,
      0.5469572839670551,
      0.6994718862033289,
      0.11512708715570806,
      0.0,
      0.0,
      0.0,
      1.0
    ],
    "camera_intrinsics": {
      "fx": 497.6272227270851,
      "fy": 497.6272227270851,
      "cx": 256.0,
      "cy": 256.0,
      "image_width": 512,
      "image_height": 512,
      "model": "SIMPLE_RADIAL",
      "dist": [
        0.06405033166000473,
        0.0,
        0.0,
        0.0
      ]
    },
    "visibility": [
      1.0,
      1.0,
      1.0,
      1.0,
      1.0,
      1.0,
      1.0,
      1.0,
      1.0
    ],
    "keypoints_2d_visibility": [
      1.0,
      1.0,
      1.0,
      1.0,
      1.0,
      1.0,
      1.0,
      1.0,
      1.0
    ],
    "pose_6dof": {
      "translation": [
        0.15165940011188214,
        -0.007789642492051285,
        0.2756116627770251
      ],
      "rotation": [
        0.89083675129717,
        -0.17121177195290133,
        -0.4208282448731929,
        0.3599327927350947,
        -0.2992589312237692,
        0.8836812076743077,
        -0.2772332361969243,
        -0.9386855816659565,
        -0.20496612285991384
      ]
    },
    "pose_9dof": {
      "translation": [
        0.15165940011188214,
        -0.007789642492051285,
        0.2756116627770251
      ],
      "rotation": [
        0.89083675129717,
        -0.17121177195290133,
        -0.4208282448731929,
        0.3599327927350947,
        -0.2992589312237692,
        0.8836812076743077,
        -0.2772332361969243,
        -0.9386855816659565,
        -0.20496612285991384
      ],
      "scale": [
        0.021021960153001663,
        0.060492399618559366,
        0.02157769670179579
      ]
    }
  },
  {
    "frame_id": 3,
    "image": "frame_000003.png",
    "keypoints_2d": [
      [
        0.4337088059626184,
        0.15194301720346426,
        0.3736363272243256
      ],
      [
        0.46307153882304747,
        0.2256952439183013,
        0.39819814517623786
      ],
      [
        0.45436880871326574,
        0.18573065385743603,
        0.4067721573406633
      ],
      [
        0.46006786525940246,
        0.0627106532987528,
        0.35227232989837265
      ],
      [
        0.470357056234022,
        0.10664420792878743,
        0.34369831773394716
      ],
      [
        0.41030400280869356,
        0.23069192132171867,
        0.39500032455027845
      ],
      [
        0.4025713514803448,
        0.19029313197665926,
        0.4035743367147039
      ],
      [
        0.39990849746754464,
        0.06688075384692194,
        0.3490745092724133
      ],
      [
        0.40892425053550946,
        0.11135226096872397,
        0.3405004971079878
      ]
    ],
    "keypoints_3d": [
      [
        -0.02519574577190048,
        -0.1322883888277998,
        0.3736363272243256
      ],
      [
        -0.015003060651707117,
        -0.11144279402343288,
        0.39819814517623786
      ],
      [
        -0.018909821979883668,
        -0.1302349822941835,
        0.4067721573406633
      ],
      [
        -0.014251828688606027,
        -0.15606911318474054,
        0.35227232989837265
      ],
      [
        -0.01034506736042945,
        -0.13727692491398993,
        0.34369831773394716
      ],
      [
        -0.03613966285519493,
        -0.10850766447085906,
        0.39500032455027845
      ],
      [
        -0.04004642418337148,
        -0.1272998527416097,
        0.4035743367147039
      ],
      [
        -0.03538843089209384,
        -0.1531339836321667,
        0.3490745092724133
      ],
      [
        -0.031481669563917264,
        -0.1343417953614161,
        0.3405004971079878
      ]
    ],
    "model_matrix": [
      0.89083675129717,
      -0.17121177195290133,
      -0.4208282448731929,
      0.15165940011188214,
      0.3599327927350947,
      -0.2992589312237692,
      0.8836812076743077,
      -0.007789642492051285,
      -0.2772332361969243,
      -0.9386855816659565,
      -0.20496612285991384,
      0.2756116627770251,
      0.0,
      0.0,
      0.0,
      1.0
    ],
    "view_matrix": [
      -0.5909639473803563,
      0.7756829389020288,
      -0.22153462752567293,
      0.13152931181182434,
      -0.6659848443592851,
      -0.31415614432089234,
      0.6765871001350598,
      -0.22020798658131588,
      0.4552206058389339,
      0.5473772878753209,
      0.7022480364784881,
      0.1153139675893056,
      0.0,
      0.0,
      0.0,
      1.0
    ],
    "camera_intrinsics": {
      "fx": 499.43643227625023,
      "fy": 499.43643227625023,
      "cx": 256.0,
      "cy": 256.0,
      "image_width": 512,
      "image_height": 512,
      "model": "SIMPLE_RADIAL",
      "dist": [
        0.059921477870422866,
        0.0,
        0.0,
        0.0
      ]
    },
    "visibility": [
      1.0,
      1.0,
      1.0,
      1.0,
      1.0,
      1.0,
      1.0,
      1.0,
      1.0
    ],
    "keypoints_2d_visibility": [
      1.0,
      1.0,
      1.0,
      1.0,
      1.0,
      1.0,
      1.0,
      1.0,
      1.0
    ],
    "pose_6dof": {
      "translation": [
        0.15165940011188214,
        -0.007789642492051285,
        0.2756116627770251
      ],
      "rotation": [
        0.89083675129717,
        -0.17121177195290133,
        -0.4208282448731929,
        0.3599327927350947,
        -0.2992589312237692,
        0.8836812076743077,
        -0.2772332361969243,
        -0.9386855816659565,
        -0.20496612285991384
      ]
    },
    "pose_9dof": {
      "translation": [
        0.15165940011188214,
        -0.007789642492051285,
        0.2756116627770251
      ],
      "rotation": [
        0.89083675129717,
        -0.17121177195290133,
        -0.4208282448731929,
        0.3599327927350947,
        -0.2992589312237692,
        0.8836812076743077,
        -0.2772332361969243,
        -0.9386855816659565,
        -0.20496612285991384
      ],
      "scale": [
        0.021021960153001663,
        0.060492399618559366,
        0.02157769670179579
      ]
    }
  },
  {
    "frame_id": 4,
    "image": "frame_000004.png",
    "keypoints_2d": [
      [
        0.43314372971129056,
        0.15109386395517138,
        0.37294566216917213
      ],
      [
        0.46250895403103626,
        0.2249937424282416,
        0.397521764187921
      ],
      [
        0.45378510178395437,
        0.18500955408296277,
        0.4060886441418521
      ],
      [
        0.4595416462170506,
        0.06167476917404163,
        0.3515899951352427
      ],
      [
        0.46986173718439306,
        0.10565223551574199,
        0.34302311518131157
      ],
      [
        0.4097108329476844,
        0.22997185410832843,
        0.3943013292031016
      ],
      [
        0.4019556294870349,
        0.18955026991537777,
        0.40286820915703275
      ],
      [
        0.39932057450876485,
        0.06580785892266089,
        0.34836956015042336
      ],
      [
        0.4083691292322157,
        0.11032765402571604,
        0.33980268019649223
      ]
    ],
    "keypoints_3d": [
      [
        -0.025391063301560268,
        -0.13250960229100778,
        0.37294566216917213
      ],
      [
        -0.015223547444333602,
        -0.11166855182162798,
        0.397521764187921
      ],
      [
        -0.01914113912755816,
        -0.13046173813829218,
        0.4060886441418521
      ],
      [
        -0.01442570968199225,
        -0.1562879340101151,
        0.3515899951352427
      ],
      [
        -0.010508117998767691,
        -0.13749474769345094,
        0.34302311518131157
      ],
      [
        -0.03635641692112829,
        -0.10873127057190046,
        0.3943013292031016
      ],
      [
        -0.04027400860435282,
        -0.12752445688856465,
        0.40286820915703275
      ],
      [
        -0.03555857915878691,
        -0.15335065276038756,
        0.34836956015042336
      ],
      [
        -0.03164098747556235,
        -0.13455746644372338,
        0.33980268019649223
      ]
    ],
    "model_matrix": [
      0.89083675129717,
      -0.17121177195290133,
      -0.4208282448731929,
      0.15165940011188214,
      0.3599327927350947,
      -0.2992589312237692,
      0.8836812076743077,
      -0.007789642492051285,
      -0.2772332361969243,
      -0.9386855816659565,
      -0.20496612285991384,
      0.2756116627770251,
      0.0,
      0.0,
      0.0,
      1.0
    ],
    "view_matrix": [
      -0.5915126623219037,
      0.7750604966634222,
      -0.2222476025173357,
      0.13160886768149196,
      -0.6660076321440191,
      -0.31430060698113893,
      0.6764975701192174,
      -0.2204021938587032,
      0.4544739863168974,
      0.5481754782577725,
      0.7021089949559763,
      0.1147810734859105,
      0.0,
      0.0,
      0.0,
      1.0
    ],
    "camera_intrinsics": {
      "fx": 498.78162138620445,
      "fy": 498.78162138620445,
      "cx": 256.0,
      "cy": 256.0,
      "image_width": 512,
      "image_height": 512,
      "model": "SIMPLE_RADIAL",
      "dist": [
        0.06122894385237721,
        0.0,
        0.0,
        0.0
      ]
    },
    "visibility": [
      1.0,
      1.0,
      1.0,
      1.0,
      1.0,
      1.0,
      1.0,
      1.0,
      1.0
    ],
    "keypoints_2d_visibility": [
      1.0,
      1.0,
      1.0,
      1.0,
      1.0,
      1.0,
      1.0,
      1.0,
      1.0
    ],
    "pose_6dof": {
      "translation": [
        0.15165940011188214,
        -0.007789642492051285,
        0.2756116627770251
      ],
      "rotation": [
        0.89083675129717,
        -0.17121177195290133,
        -0.4208282448731929,
        0.3599327927350947,
        -0.2992589312237692,
        0.8836812076743077,
        -0.2772332361969243,
        -0.9386855816659565,
        -0.20496612285991384
      ]
    },
    "pose_9dof": {
      "translation": [
        0.15165940011188214,
        -0.007789642492051285,
        0.2756116627770251
      ],
      "rotation": [
        0.89083675129717,
        -0.17121177195290133,
        -0.4208282448731929,
        0.3599327927350947,
        -0.2992589312237692,
        0.8836812076743077,
        -0.2772332361969243,
        -0.9386855816659565,
        -0.20496612285991384
      ],
      "scale": [
        0.021021960153001663,
        0.060492399618559366,
        0.02157769670179579
      ]
    }
  },
  {
    "frame_id": 5,
    "image": "frame_000005.png",
    "keypoints_2d": [
      [
        0.4318670249244654,
        0.1530300933774969,
        0.37257300785051484
      ],
      [
        0.46124565589378563,
        0.22687052028944638,
        0.3971238911483621
      ],
      [
        0.4525337846357729,
        0.18693377094513375,
        0.40571865676720964
      ],
      [
        0.4582425181791636,
        0.06374424459178046,
        0.3512684654610604
      ],
      [
        0.46854730309225967,
        0.10763612113595766,
        0.34267369984221285
      ],
      [
        0.4084454476110183,
        0.2318289951316898,
        0.3938775502399694
      ],
      [
        0.40070889902429113,
        0.19145218743105175,
        0.40247231585881693
      ],
      [
        0.39803595589730506,
        0.06783989732757967,
        0.34802212455266757
      ],
      [
        0.40705961305993876,
        0.11227669887791969,
        0.33942735893382003
      ]
    ],
    "keypoints_3d": [
      [
        -0.025882045579697976,
        -0.1318053545736304,
        0.37257300785051484
      ],
      [
        -0.01573883408240581,
        -0.11092277945400439,
        0.3971238911483621
      ],
      [
        -0.019664965993768435,
        -0.12970144556334365,
        0.40571865676720964
      ],
      [
        -0.014895597755532508,
        -0.1556197827967259,
        0.3512684654610604
      ],
      [
        -0.010969465844169884,
        -0.1368411166873867,
        0.34267369984221285
      ],
      [
        -0.03686849340386342,
        -0.10799092635053492,
        0.3938775502399694
      ],
      [
        -0.04079462531522604,
        -0.12676959245987418,
        0.40247231585881693
      ],
      [
        -0.03602525707699014,
        -0.15268792969325645,
        0.34802212455266757
      ],
      [
        -0.03209912516562752,
        -0.13390926358391717,
        0.33942735893382003
      ]
    ],
    "model_matrix": [
      0.89083675129717,
      -0.17121177195290133,
      -0.4208282448731929,
      0.15165940011188214,
      0.3599327927350947,
      -0.2992589312237692,
      0.8836812076743077,
      -0.007789642492051285,
      -0.2772332361969243,
      -0.9386855816659565,
      -0.20496612285991384,
      0.2756116627770251,
      0.0,
      0.0,
      0.0,
      1.0
    ],
    "view_matrix": [
      -0.5919646228185782,
      0.7745159681353756,
      -0.22294147311476326,
      0.13137342660770307,
      -0.6652373936571719,
      -0.3133738663202196,
      0.6776843144029013,
      -0.22013462163507,
      0.45501329146682284,
      0.5494741440785357,
      0.7007432265656863,
      0.11471316631121478,
      0.0,
      0.0,
      0.0,
      1.0
    ],
    "camera_intrinsics": {
      "fx": 498.2973221227407,
      "fy": 498.2973221227407,
      "cx": 256.0,
      "cy": 256.0,
      "image_width": 512,
      "image_height": 512,
      "model": "SIMPLE_RADIAL",
      "dist": [
        0.05960239175121731,
        0.0,
        0.0,
        0.0
      ]
    },
    "visibility": [
      1.0,
      1.0,
      1.0,
      1.0,
      1.0,
      1.0,
      1.0,
      1.0,
      1.0
    ],
    "keypoints_2d_visibility": [
      1.0,
      1.0,
      1.0,
      1.0,
      1.0,
      1.0,
      1.0,
      1.0,
      1.0
    ],
    "pose_6dof": {
      "translation": [
        0.15165940011188214,
        -0.007789642492051285,
        0.2756116627770251
      ],
      "rotation": [
        0.89083675129717,
        -0.17121177195290133,
        -0.4208282448731929,
        0.3599327927350947,
        -0.2992589312237692,
        0.8836812076743077,
        -0.2772332361969243,
        -0.9386855816659565,
        -0.20496612285991384
      ]
    },
    "pose_9dof": {
      "translation": [
        0.15165940011188214,
        -0.007789642492051285,
        0.2756116627770251
      ],
      "rotation": [
        0.89083675129717,
        -0.17121177195290133,
        -0.4208282448731929,
        0.3599327927350947,
        -0.2992589312237692,
        0.8836812076743077,
        -0.2772332361969243,
        -0.9386855816659565,
        -0.20496612285991384
      ],
      "scale": [
        0.021021960153001663,
        0.060492399618559366,
        0.02157769670179579
      ]
    }
  },
  {
    "frame_id": 6,
    "image": "frame_000006.png",
    "keypoints_2d": [
      [
        0.43168301627287503,
        0.1561562266126364,
        0.37416861682743985
      ],
      [
        0.4611564671456253,
        0.2296166335359769,
        0.39869701291185544
      ],
      [
        0.452352959845853,
        0.18971651894640185,
        0.40731084785196425
      ],
      [
        0.4578394328692268,
        0.06720168374990321,
        0.3528847787547447
      ],
      [
        0.4682379180933116,
        0.11103496200069735,
        0.34427094381463585
      ],
      [
        0.40844013171852134,
        0.23471767798387377,
        0.395452454900135
      ],
      [
        0.4006084037562778,
        0.19437676269767395,
        0.40406628984024384
      ],
      [
        0.39776875870803147,
        0.07147122958486674,
        0.3496402207430243
      ],
      [
        0.4068925815976084,
        0.11585001684093116,
        0.34102638580291544
      ]
    ],
    "keypoints_3d": [
      [
        -0.025993342901676486,
        -0.1308261667693546,
        0.37416861682743985
      ],
      [
        -0.015794684808717402,
        -0.10994417183498378,
        0.39869701291185544
      ],
      [
        -0.019763907116769674,
        -0.12870503350411322,
        0.40731084785196425
      ],
      [
        -0.015068710917551131,
        -0.1546874996473993,
        0.3528847787547447
      ],
      [
        -0.011099488609498859,
        -0.13592663797826993,
        0.34427094381463585
      ],
      [
        -0.03691797488580184,
        -0.10696483389130985,
        0.395452454900135
      ],
      [
        -0.04088719719385411,
        -0.12572569556043928,
        0.40406628984024384
      ],
      [
        -0.0361920009946356,
        -0.15170816170372536,
        0.3496402207430243
      ],
      [
        -0.032222778686583325,
        -0.13294730003459593,
        0.34102638580291544
      ]
    ],
    "model_matrix": [
      0.89083675129717,
      -0.17121177195290133,
      -0.4208282448731929,
      0.15165940011188214,
      0.3599327927350947,
      -0.2992589312237692,
      0.8836812076743077,
      -0.007789642492051285,
      -0.2772332361969243,
      -0.9386855816659565,
      -0.20496612285991384,
      0.2756116627770251,
      0.0,
      0.0,
      0.0,
      1.0
    ],
    "view_matrix": [
      -0.5934564941166425,
      0.7738842752771972,
      -0.22116174639722405,
      0.13099295149039344,
      -0.6633753065172928,
      -0.3146964423923412,
      0.6788956855428461,
      -0.21978200725827493,
      0.4557878808106578,
      0.5496082947193306,
      0.7001343657340632,
      0.11636015566465603,
      0.0,
      0.0,
      0.0,
      1.0
    ],
    "camera_intrinsics": {
      "fx": 499.68891257272327,
      "fy": 499.68891257272327,
      "cx": 256.0,
      "cy": 256.0,
      "image_width": 512,
      "image_height": 512,
      "model": "SIMPLE_RADIAL",
      "dist": [
        0.06009799984082332,
        0.0,
        0.0,
        0.0
      ]
    },
    "visibility": [
      1.0,
      1.0,
      1.0,
      1.0,
      1.0,
      1.0,
      1.0,
      1.0,
      1.0
    ],
    "keypoints_2d_visibility": [
      1.0,
      1.0,
      1.0,
      1.0,
      1.0,
      1.0,
      1.0,
      1.0,
      1.0
    ],
    "pose_6dof": {
      "translation": [
        0.15165940011188214,
        -0.007789642492051285,
        0.2756116627770251
      ],
      "rotation": [
        0.89083675129717,
        -0.17121177195290133,
        -0.4208282448731929,
        0.3599327927350947,
        -0.2992589312237692,
        0.8836812076743077,
        -0.2772332361969243,
        -0.9386855816659565,
        -0.20496612285991384
      ]
    },
    "pose_9dof": {
      "translation": [
        0.15165940011188214,
        -0.007789642492051285,
        0.2756116627770251
      ],
      "rotation": [
        0.89083675129717,
        -0.17121177195290133,
        -0.4208282448731929,
        0.3599327927350947,
        -0.2992589312237692,
        0.8836812076743077,
        -0.2772332361969243,
        -0.9386855816659565,
        -0.20496612285991384
      ],
      "scale": [
        0.021021960153001663,
        0.060492399618559366,
        0.02157769670179579
      ]
    }
  },
  {
    "frame_id": 7,
    "image": "frame_000007.png",
    "keypoints_2d": [
      [
        0.4318553736818773,
        0.1555499655738709,
        0.3694956162447368
      ],
      [
        0.46141957132729255,
        0.22937401389196244,
        0.39406489749374346
      ],
      [
        0.4525684464305349,
        0.18935837133057914,
        0.4026454679888929
      ],
      [
        0.4581552969133791,
        0.06605614778809915,
        0.3481803323084348
      ],
      [
        0.4686308415049722,
        0.11004333993498577,
        0.3395997618132854
      ],
      [
        0.4085192837724636,
        0.23448956323030634,
        0.3908109001810388
      ],
      [
        0.4006542450355243,
        0.19402674451038232,
        0.39939147067618824
      ],
      [
        0.3977837577542242,
        0.07031849368291154,
        0.3449263349957302
      ],
      [
        0.4069595851833276,
        0.11486011837696158,
        0.33634576450058074
      ]
    ],
    "keypoints_3d": [
      [
        -0.025817860976147466,
        -0.13050131143910815,
        0.3694956162447368
      ],
      [
        -0.01563320835991916,
        -0.10966058631246954,
        0.39406489749374346
      ],
      [
        -0.01961060247680138,
        -0.12843495593414134,
        0.4026454679888929
      ],
      [
        -0.01488179705844872,
        -0.1543293145134947,
        0.3481803323084348
      ],
      [
        -0.010904402941566527,
        -0.13555494489182296,
        0.3395997618132854
      ],
      [
        -0.036753924893846185,
        -0.1066733083647216,
        0.3908109001810388
      ],
      [
        -0.040731319010728406,
        -0.12544767798639334,
        0.39939147067618824
      ],
      [
        -0.03600251359237577,
        -0.15134203656574674,
        0.3449263349957302
      ],
      [
        -0.03202511947549355,
        -0.13256766694407496,
        0.33634576450058074
      ]
    ],
    "model_matrix": [
      0.89083675129717,
      -0.17121177195290133,
      -0.4208282448731929,
      0.15165940011188214,
      0.3599327927350947,
      -0.2992589312237692,
      0.8836812076743077,
      -0.007789642492051285,
      -0.2772332361969243,
      -0.9386855816659565,
      -0.20496612285991384,
      0.2756116627770251,
      0.0,
      0.0,
      0.0,
      1.0
    ],
    "view_matrix": [
      -0.593847719262643,
      0.7734726976194942,
      -0.2215510603986815,
      0.13133185982334644,
      -0.6640422437597892,
      -0.31568876533210055,
      0.6777820460484029,
      -0.21905680243405895,
      0.45430472683984086,
      0.5496185854575125,
      0.7010895989034931,
      0.11164889608244573,
      0.0,
      0.0,
      0.0,
      1.0
    ],
    "camera_intrinsics": {
      "fx": 495.70477532160396,
      "fy": 495.70477532160396,
      "cx": 256.0,
      "cy": 256.0,
      "image_width": 512,
      "image_height": 512,
      "model": "SIMPLE_RADIAL",
      "dist": [
        0.05647195966193138,
        0.0,
        0.0,
        0.0
      ]
    },
    "visibility": [
      1.0,
      1.0,
      1.0,
      1.0,
      1.0,
      1.0,
      1.0,
      1.0,
      1.0
    ],
    "keypoints_2d_visibility": [
      1.0,
      1.0,
      1.0,
      1.0,
      1.0,
      1.0,
      1.0,
      1.0,
      1.0
    ],
    "pose_6dof": {
      "translation": [
        0.15165940011188214,
        -0.007789642492051285,
        0.2756116627770251
      ],
      "rotation": [
        0.89083675129717,
        -0.17121177195290133,
        -0.4208282448731929,
        0.3599327927350947,
        -0.2992589312237692,
        0.8836812076743077,
        -0.2772332361969243,
        -0.9386855816659565,
        -0.20496612285991384
      ]
    },
    "pose_9dof": {
      "translation": [
        0.15165940011188214,
        -0.007789642492051285,
        0.2756116627770251
      ],
      "rotation": [
        0.89083675129717,
        -0.17121177195290133,
        -0.4208282448731929,
        0.3599327927350947,
        -0.2992589312237692,
        0.8836812076743077,
        -0.2772332361969243,
        -0.9386855816659565,
        -0.20496612285991384
      ],
      "scale": [
        0.021021960153001663,
        0.060492399618559366,
        0.02157769670179579
      ]
    }
  },
  {
    "frame_id": 8,
    "image": "frame_000008.png",
    "keypoints_2d": [
      [
        0.4319795855978984,
        0.1547231927999692,
        0.373758720896266
      ],
      [
        0.46167777748626443,
        0.22818172667404313,
        0.3983152307477872
      ],
      [
        0.4527469692528,
        0.18823317442258786,
        0.40689813684111686
      ],
      [
        0.4579369127569045,
        0.06554353513630701,
        0.35241840050241136
      ],
      [
        0.46847831478995194,
        0.10944020492485312,
        0.34383549440908173
      ],
      [
        0.4089221768804466,
        0.23346188802450257,
        0.3950990412901206
      ],
      [
        0.4009618579641355,
        0.19307200285862958,
        0.40368194738345026
      ],
      [
        0.39780285082675815,
        0.07003062581779362,
        0.3492022110447448
      ],
      [
        0.4070699439240269,
        0.11447406804526022,
        0.3406193049514151
      ]
    ],
    "keypoints_3d": [
      [
        -0.025847137067246867,
        -0.1312020375101517,
        0.373758720896266
      ],
      [
        -0.015563960958168338,
        -0.11039466701717592,
        0.3983152307477872
      ],
      [
        -0.019576255433353146,
        -0.1291605409566405,
        0.40689813684111686
      ],
      [
        -0.01501194700600511,
        -0.15505370276930167,
        0.35241840050241136
      ],
      [
        -0.01099965253082033,
        -0.1362878288298371,
        0.34383549440908173
      ],
      [
        -0.03668232712848862,
        -0.10735037225100175,
        0.3950990412901206
      ],
      [
        -0.0406946216036734,
        -0.12611624619046632,
        0.40368194738345026
      ],
      [
        -0.03613031317632537,
        -0.15200940800312748,
        0.3492022110447448
      ],
      [
        -0.03211801870114056,
        -0.1332435340636629,
        0.3406193049514151
      ]
    ],
    "model_matrix": [
      0.89083675129717,
      -0.17121177195290133,
      -0.4208282448731929,
      0.15165940011188214,
      0.3599327927350947,
      -0.2992589312237692,
      0.8836812076743077,
      -0.007789642492051285,
      -0.2772332361969243,
      -0.9386855816659565,
      -0.20496612285991384,
      0.2756116627770251,
      0.0,
      0.0,
      0.0,
      1.0
    ],
    "view_matrix": [
      -0.5948152585604569,
      0.7735926616797009,
      -0.21851590783961633,
      0.13061373119529318,
      -0.6625736189819171,
      -0.31788426047760143,
      0.678193037688985,
      -0.2201106354696288,
      0.45518238939227545,
      0.5481824429292893,
      0.7016444980552581,
      0.11561477124301799,
      0.0,
      0.0,
      0.0,
      1.0
    ],
    "camera_intrinsics": {
      "fx": 499.84044778566215,
      "fy": 499.84044778566215,
      "cx": 256.0,
      "cy": 256.0,
      "image_width": 512,
      "image_height": 512,
      "model": "SIMPLE_RADIAL",
      "dist": [
        0.058801951039473346,
        0.0,
        0.0,
        0.0
      ]
    },
    "visibility": [
      1.0,
      1.0,
      1.0,
      1.0,
      1.0,
      1.0,
      1.0,
      1.0,
      1.0
    ],
    "keypoints_2d_visibility": [
      1.0,
      1.0,
      1.0,
      1.0,
      1.0,
      1.0,
      1.0,
      1.0,
      1.0
    ],
    "pose_6dof": {
      "translation": [
        0.15165940011188214,
        -0.007789642492051285,
        0.2756116627770251
      ],
      "rotation": [
        0.89083675129717,
        -0.17121177195290133,
        -0.4208282448731929,
        0.3599327927350947,
        -0.2992589312237692,
        0.8836812076743077,
        -0.2772332361969243,
        -0.9386855816659565,
        -0.20496612285991384
      ]
    },
    "pose_9dof": {
      "translation": [
        0.15165940011188214,
        -0.007789642492051285,
        0.2756116627770251
      ],
      "rotation": [
        0.89083675129717,
        -0.17121177195290133,
        -0.4208282448731929,
        0.3599327927350947,
        -0.2992589312237692,
        0.8836812076743077,
        -0.2772332361969243,
        -0.9386855816659565,
        -0.20496612285991384
      ],
      "scale": [
        0.021021960153001663,
        0.060492399618559366,
        0.02157769670179579
      ]
    }
  },
  {
    "frame_id": 9,
    "image": "frame_000009.png",
    "keypoints_2d": [
      [
        0.43382644232945233,
        0.14964969350010587,
        0.37026344407859546
      ],
      [
        0.46380969847178133,
        0.22367359687685423,
        0.39483228386795255
      ],
      [
        0.4548271147221592,
        0.18364534450045011,
        0.40338518271478774
      ],
      [
        0.4596895377449508,
        0.05951562094647911,
        0.3488289181753222
      ],
      [
        0.47030366455254313,
        0.1035611388777054,
        0.34027601932848694
      ],
      [
        0.41089662593212245,
        0.2290620890362075,
        0.39169796998186873
      ],
      [
        0.40289095982544093,
        0.1885950465078174,
        0.4002508688287039
      ],
      [
        0.39926438099748907,
        0.06414913379695059,
        0.34569460428923837
      ],
      [
        0.4085920642549079,
        0.10874033037991065,
        0.33714170544240313
      ]
    ],
    "keypoints_3d": [
      [
        -0.02504538746491808,
        -0.132600686492153,
        0.37026344407859546
      ],
      [
        -0.014650682565494955,
        -0.11186340664958554,
        0.39483228386795255
      ],
      [
