[
  {
    "frame_id": 0,
    "image": "frame_000000.png",
    "keypoints_2d": [
      [
        0.6253904727296855,
        0.3913282911429602,
        0.17433851254269267
      ],
      [
        0.6606435521694006,
        0.6470478752685306,
        0.16037336263296154
      ],
      [
        0.7532169552608037,
        0.601684758772247,
        0.18189883299546236
      ],
      [
        0.6652702405990769,
        0.14665391242328496,
        0.1788040775014053
      ],
      [
        0.5590214208883805,
        0.13031695833370233,
        0.1572786071389045
      ],
      [
        0.5827864488075994,
        0.6501907558620932,
        0.16987294758398003
      ],
      [
        0.6796887436371767,
        0.606743336846418,
        0.19139841794648083
      ],
      [
        0.5950502816913459,
        0.17428490580695422,
        0.1883036624524238
      ],
      [
        0.48564044338453005,
        0.16258792718472742,
        0.16677819208992298
      ]
    ],
    "keypoints_3d": [
      [
        0.01984842289392804,
        -0.017201961098354285,
        0.17433851254269267
      ],
      [
        0.02340505755041994,
        0.021424227345879537,
        0.16037336263296154
      ],
      [
        0.041876680037192575,
        0.016816488861809004,
        0.18189883299546236
      ],
      [
        0.026927318946720492,
        -0.05757033307548218,
        0.1788040775014053
      ],
      [
        0.008455696459947853,
        -0.05296259459141159,
        0.1572786071389045
      ],
      [
        0.012769526841135592,
        0.023166410878773608,
        0.16987294758398003
      ],
      [
        0.031241149327908228,
        0.01855867239470302,
        0.19139841794648083
      ],
      [
        0.016291788237436152,
        -0.055828149542588135,
        0.1883036624524238
      ],
      [
        -0.0021798342493364806,
        -0.05122041105851757,
        0.16677819208992298
      ]
    ],
    "model_matrix": [
      -0.7934949297857004,
      0.0472240779983847,
      -0.6067418585045776,
      0.052923545216196924,
      0.6069580698076946,
      -0.01126003493017052,
      -0.794654083931297,
      -0.04598879375400197,
      -0.0443587409616646,
      -0.9988208538424563,
      -0.019728254604047694,
      0.18083202537969986,
      0.0,
      0.0,
      0.0,
      1.0
    ],
    "view_matrix": [
      -0.9685287370144765,
      -0.1959222807363975,
      0.15351399118058673,
      0.03433592199059305,
      0.15455186462901377,
      0.010073711160475618,
      0.9879333183384146,
      -0.20356809876462223,
      -0.19510460455058465,
      0.9805676826484261,
      0.02052347506287433,
      0.22604796325922255,
      0.0,
      0.0,
      0.0,
      1.0
    ],
    "camera_intrinsics": {
      "fx": 564.3404168122325,
      "fy": 564.3404168122325,
      "cx": 256.0,
      "cy": 256.0,
      "image_width": 512,
      "image_height": 512,
      "model": "SIMPLE_RADIAL",
      "dist": [
        -0.03440957862726633,
        0.0,
        0.0,
        0.0
      ]
    },
    "visibility": [
      1.0,
      1.0,
      1.0,
      1.0,
      1.0,
      1.0,
      1.0,
      1.0,
      1.0
    ],
    "keypoints_2d_visibility": [
      1.0,
      1.0,
      1.0,
      1.0,
      1.0,
      1.0,
      1.0,
      1.0,
      1.0
    ],
    "pose_6dof": {
      "translation": [
        0.052923545216196924,
        -0.04598879375400197,
        0.18083202537969986
      ],
      "rotation": [
        -0.7934949297857004,
        0.0472240779983847,
        -0.6067418585045776,
        0.6069580698076946,
        -0.01126003493017052,
        -0.794654083931297,
        -0.0443587409616646,
        -0.9988208538424563,
        -0.019728254604047694
      ]
    },
    "pose_9dof": {
      "translation": [
        0.052923545216196924,
        -0.04598879375400197,
        0.18083202537969986
      ],
      "rotation": [
        -0.7934949297857004,
        0.0472240779983847,
        -0.6067418585045776,
        0.6069580698076946,
        -0.01126003493017052,
        -0.794654083931297,
        -0.0443587409616646,
        -0.9988208538424563,
        -0.019728254604047694
      ],
      "scale": [
        0.028736352683636276,
        0.0759372121328639,
        0.014366343695319072
      ]
    }
  },
  {
    "frame_id": 1,
    "image": "frame_000001.png",
    "keypoints_2d": [
      [
        0.625342767461918,
        0.3991769159834112,
        0.17438403780109057
      ],
      [
        0.6610700341130179,
        0.6541236532074466,
        0.16015347636682067
      ],
      [
        0.7533583829313688,
        0.6087228349581527,
        0.18170282874959776
      ],
      [
        0.6647032554776238,
        0.15548759270151058,
        0.17912304545439994
      ],
      [
        0.5588870293004509,
        0.13943543909706402,
        0.15757369307162283
      ],
      [
        0.5833604233659395,
        0.657327440067124,
        0.1696450301477812
      ],
      [
        0.6799402124922985,
        0.6138333762384408,
        0.1911943825305583
      ],
      [
        0.5947859567218451,
        0.18316209617597018,
        0.18861459923536045
      ],
      [
        0.4858613214302151,
        0.17168736781354943,
        0.16706524685258334
      ]
    ],
    "keypoints_3d": [
      [
        0.019918064785655012,
        -0.016021672091627165,
        0.17438403780109057
      ],
      [
        0.0235177626835374,
        0.022503524755630305,
        0.16015347636682067
      ],
      [
        0.04199208822674032,
        0.018019924286700184,
        0.18170282874959776
      ],
      [
        0.026947938641114215,
        -0.056367429933669166,
        0.17912304545439994
      ],
      [
        0.008473613097911302,
        -0.05188382946473902,
        0.15757369307162283
      ],
      [
        0.012888190930195807,
        0.02432408575041481,
        0.1696450301477812
      ],
      [
        0.031362516473398716,
        0.019840485281484688,
        0.1911943825305583
      ],
      [
        0.016318366887772613,
        -0.05454686893888466,
        0.18861459923536045
      ],
      [
        -0.002155958655430293,
        -0.05006326846995454,
        0.16706524685258334
      ]
    ],
    "model_matrix": [
      -0.7934949297857004,
      0.0472240779983847,
      -0.6067418585045776,
      0.052923545216196924,
      0.6069580698076946,
      -0.01126003493017052,
      -0.794654083931297,
      -0.04598879375400197,
      -0.0443587409616646,
      -0.9988208538424563,
      -0.019728254604047694,
      0.18083202537969986,
      0.0,
      0.0,
      0.0,
      1.0
    ],
    "view_matrix": [
      -0.9684106557686493,
      -0.19552152124797031,
      0.15476477804273092,
      0.034191562728025676,
      0.15443387848776616,
      0.017031123988483943,
      0.9878563245689707,
      -0.20204767955013503,
      -0.19578298947804978,
      0.9805515160074809,
      0.013702024903986643,
      0.22736218421694535,
      0.0,
      0.0,
      0.0,
      1.0
    ],
    "camera_intrinsics": {
      "fx": 562.1466312752598,
      "fy": 562.1466312752598,
      "cx": 256.0,
      "cy": 256.0,
      "image_width": 512,
      "image_height": 512,
      "model": "SIMPLE_RADIAL",
      "dist": [
        -0.02365323631168908,
        0.0,
        0.0,
        0.0
      ]
    },
    "visibility": [
      1.0,
      1.0,
      1.0,
      1.0,
      1.0,
      1.0,
      1.0,
      1.0,
      1.0
    ],
    "keypoints_2d_visibility": [
      1.0,
      1.0,
      1.0,
      1.0,
      1.0,
      1.0,
      1.0,
      1.0,
      1.0
    ],
    "pose_6dof": {
      "translation": [
        0.052923545216196924,
        -0.04598879375400197,
        0.18083202537969986
      ],
      "rotation": [
        -0.7934949297857004,
        0.0472240779983847,
        -0.6067418585045776,
        0.6069580698076946,
        -0.01126003493017052,
        -0.794654083931297,
        -0.0443587409616646,
        -0.9988208538424563,
        -0.019728254604047694
      ]
    },
    "pose_9dof": {
      "translation": [
        0.052923545216196924,
        -0.04598879375400197,
        0.18083202537969986
      ],
      "rotation": [
        -0.7934949297857004,
        0.0472240779983847,
        -0.6067418585045776,
        0.6069580698076946,
        -0.01126003493017052,
        -0.794654083931297,
        -0.0443587409616646,
        -0.9988208538424563,
        -0.019728254604047694
      ],
      "scale": [
        0.028736352683636276,
        0.0759372121328639,
        0.014366343695319072
      ]
    }
  },
  {
    "frame_id": 2,
    "image": "frame_000002.png",
    "keypoints_2d": [
      [
        0.6259313480199882,
        0.40534756332563726,
        0.17557843162751452
      ],
      [
        0.6629948107847946,
        0.6606807857259434,
        0.16101980896612134
      ],
      [
        0.7553882779639267,
        0.6150959967624526,
        0.18260543608841753
      ],
      [
        0.6639381906739219,
        0.16192656549521078,
        0.18066069661011297
      ],
      [
        0.5581376214216972,
        0.14626548660849276,
        0.15907506948781677
      ],
      [
        0.5850452860946256,
        0.6644525525379733,
        0.17049616664491607
      ],
      [
        0.6818099406788581,
        0.6207159156546248,
        0.19208179376721227
      ],
      [
        0.5942132427574036,
        0.18973224195102734,
        0.1901370542889077
      ],
      [
        0.4852828256861079,
        0.178651389768624,
        0.1685514271666115
      ]
    ],
    "keypoints_3d": [
      [
        0.01996562632160888,
        -0.015006550876991265,
        0.17557843162751452
      ],
      [
        0.02371798002915349,
        0.02338125765211249,
        0.16101980896612134
      ],
      [
        0.04217631161700949,
        0.01900762503284975,
        0.18260543608841753
      ],
      [
        0.02683456126294825,
        -0.055338248228191195,
        0.18066069661011297
      ],
      [
        0.008376229675092255,
        -0.050964615608928426,
        0.15907506948781677
      ],
      [
        0.0130966913802695,
        0.025325146474208665,
        0.17049616664491607
      ],
      [
        0.031555022968125505,
        0.020951513854945897,
        0.19208179376721227
      ],
      [
        0.016213272614064272,
        -0.05339435940609502,
        0.1901370542889077
      ],
      [
        -0.002245058973791722,
        -0.04902072678683228,
        0.1685514271666115
      ]
    ],
    "model_matrix": [
      -0.7934949297857004,
      0.0472240779983847,
      -0.6067418585045776,
      0.052923545216196924,
      0.6069580698076946,
      -0.01126003493017052,
      -0.794654083931297,
      -0.04598879375400197,
      -0.0443587409616646,
      -0.9988208538424563,
      -0.019728254604047694,
      0.18083202537969986,
      0.0,
      0.0,
      0.0,
      1.0
    ],
    "view_matrix": [
      -0.9678042637034107,
      -0.1953570425914843,
      0.15871525782800375,
      0.03350022276031377,
      0.15663171349921134,
      0.026169376535757904,
      0.9873103210531284,
      -0.20062988342280233,
      -0.19703150378505893,
      0.9803829811056695,
      0.005272274135475374,
      0.2301392720348256,
      0.0,
      0.0,
      0.0,
      1.0
    ],
    "camera_intrinsics": {
      "fx": 567.4178162531067,
      "fy": 567.4178162531067,
      "cx": 256.0,
      "cy": 256.0,
      "image_width": 512,
      "image_height": 512,
      "model": "SIMPLE_RADIAL",
      "dist": [
        -0.035367240904986795,
        0.0,
        0.0,
        0.0
      ]
    },
    "visibility": [
      1.0,
      1.0,
      1.0,
      1.0,
      1.0,
      1.0,
      1.0,
      1.0,
      1.0
    ],
    "keypoints_2d_visibility": [
      1.0,
      1.0,
      1.0,
      1.0,
      1.0,
      1.0,
      1.0,
      1.0,
      1.0
    ],
    "pose_6dof": {
      "translation": [
        0.052923545216196924,
        -0.04598879375400197,
        0.18083202537969986
      ],
      "rotation": [
        -0.7934949297857004,
        0.0472240779983847,
        -0.6067418585045776,
        0.6069580698076946,
        -0.01126003493017052,
        -0.794654083931297,
        -0.0443587409616646,
        -0.9988208538424563,
        -0.019728254604047694
      ]
    },
    "pose_9dof": {
      "translation": [
        0.052923545216196924,
        -0.04598879375400197,
        0.18083202537969986
      ],
      "rotation": [
        -0.7934949297857004,
        0.0472240779983847,
        -0.6067418585045776,
        0.6069580698076946,
        -0.01126003493017052,
        -0.794654083931297,
        -0.0443587409616646,
        -0.9988208538424563,
        -0.019728254604047694
      ],
      "scale": [
        0.028736352683636276,
        0.0759372121328639,
        0.014366343695319072
      ]
    }
  },
  {
    "frame_id": 3,
    "image": "frame_000003.png",
    "keypoints_2d": [
      [
        0.617003622299067,
        0.41720336513623696,
        0.17641465843021067
      ],
      [
        0.6546222384459246,
        0.6707250063255488,
        0.16144135651778957
      ],
      [
        0.7467754061019318,
        0.6251795681045138,
        0.18314499229453732
      ],
      [
        0.6537944732407369,
        0.17609474034617412,
        0.18197462445984
      ],
      [
        0.548461800987031,
        0.16092997018039468,
        0.16027098868309228
      ],
      [
        0.5773565973471944,
        0.6748456299676648,
        0.17085469240058135
      ],
      [
        0.6738442656709293,
        0.6310862692862268,
        0.1925583281773291
      ],
      [
        0.5850143565959942,
        0.20377340723048354,
        0.19138796034263178
      ],
      [
        0.4766169210217412,
        0.19309901384489608,
        0.16968432456588406
      ]
    ],
    "keypoints_3d": [
      [
        0.018693794820964733,
        -0.013228507576058507,
        0.17641465843021067
      ],
      [
        0.022625211621659966,
        0.02498146085613448,
        0.16144135651778957
      ],
      [
        0.040987488362025155,
        0.02079135912242322,
        0.18314499229453732
      ],
      [
        0.025413121982727854,
        -0.05352236462714069,
        0.18197462445984
      ],
      [
        0.007050845242362672,
        -0.0493322628934294,
        0.16027098868309228
      ],
      [
        0.01197446765920163,
        0.027065349475023703,
        0.17085469240058135
      ],
      [
        0.030336744399566806,
        0.022875247741312416,
        0.1925583281773291
      ],
      [
        0.014762378020269501,
        -0.051438476008251466,
        0.19138796034263178
      ],
      [
        -0.0035998987200956747,
        -0.047248374274540206,
        0.16968432456588406
      ]
    ],
    "model_matrix": [
      -0.7934949297857004,
      0.0472240779983847,
      -0.6067418585045776,
      0.052923545216196924,
      0.6069580698076946,
      -0.01126003493017052,
      -0.794654083931297,
      -0.04598879375400197,
      -0.0443587409616646,
      -0.9988208538424563,
      -0.019728254604047694,
      0.18083202537969986,
      0.0,
      0.0,
      0.0,
      1.0
    ],
    "view_matrix": [
      -0.9665405706046754,
      -0.19898066245238266,
      0.16188273949127668,
      0.03142208410987085,
      0.1574965710372931,
      0.03778496913322704,
      0.9867963955239685,
      -0.19827049016226395,
      -0.20247013480186282,
      0.9792747275803724,
      -0.005181933587330545,
      0.23310281878550684,
      0.0,
      0.0,
      0.0,
      1.0
    ],
    "camera_intrinsics": {
      "fx": 565.6166100589074,
      "fy": 565.6166100589074,
      "cx": 256.0,
      "cy": 256.0,
      "image_width": 512,
      "image_height": 512,
      "model": "SIMPLE_RADIAL",
      "dist": [
        -0.02946468198473092,
        0.0,
        0.0,
        0.0
      ]
    },
    "visibility": [
      1.0,
      1.0,
      1.0,
      1.0,
      1.0,
      1.0,
      1.0,
      1.0,
      1.0
    ],
    "keypoints_2d_visibility": [
      1.0,
      1.0,
      1.0,
      1.0,
      1.0,
      1.0,
      1.0,
      1.0,
      1.0
    ],
    "pose_6dof": {
      "translation": [
        0.052923545216196924,
        -0.04598879375400197,
        0.18083202537969986
      ],
      "rotation": [
        -0.7934949297857004,
        0.0472240779983847,
        -0.6067418585045776,
        0.6069580698076946,
        -0.01126003493017052,
        -0.794654083931297,
        -0.0443587409616646,
        -0.9988208538424563,
        -0.019728254604047694
      ]
    },
    "pose_9dof": {
      "translation": [
        0.052923545216196924,
        -0.04598879375400197,
        0.18083202537969986
      ],
      "rotation": [
        -0.7934949297857004,
        0.0472240779983847,
        -0.6067418585045776,
        0.6069580698076946,
        -0.01126003493017052,
        -0.794654083931297,
        -0.0443587409616646,
        -0.9988208538424563,
        -0.019728254604047694
      ],
      "scale": [
        0.028736352683636276,
        0.0759372121328639,
        0.014366343695319072
      ]
    }
  },
  {
    "frame_id": 4,
    "image": "frame_000004.png",
    "keypoints_2d": [
      [
        0.6129028181545735,
        0.42560410359101514,
        0.17769715740532488
      ],
      [
        0.6516261331315965,
        0.676485989871653,
        0.16224451046577512
      ],
      [
        0.7437972193225587,
        0.6313666404926405,
        0.183938811174863
      ],
      [
        0.6476364681041069,
        0.18726343572523307,
        0.18372857345647958
      ],
      [
        0.5425300554877538,
        0.17276960007713865,
        0.16203427274739174
      ],
      [
        0.575300256917225,
        0.6814317473589409,
        0.17166574135417015
      ],
      [
        0.6716697480774496,
        0.6379826214743184,
        0.19336004206325802
      ],
      [
        0.5801292684761509,
        0.2152163593158289,
        0.1931498043448746
      ],
      [
        0.4721533695565305,
        0.2051588242622686,
        0.17145550363578677
      ]
    ],
    "keypoints_3d": [
      [
        0.018202822349268444,
        -0.011994521553866877,
        0.17769715740532488
      ],
      [
        0.022339628059055906,
        0.026002320905626736,
        0.16224451046577512
      ],
      [
        0.040744865157058704,
        0.021954787129572412,
        0.183938811174863
      ],
      [
        0.024671602385115985,
        -0.05226156019685846,
        0.18372857345647958
      ],
      [
        0.006266365287113204,
        -0.04821402642080411,
        0.16203427274739174
      ],
      [
        0.011734042313420897,
        0.028272517089124705,
        0.17166574135417015
      ],
      [
        0.030139279411423695,
        0.024224983313070353,
        0.19336004206325802
      ],
      [
        0.014066016639480976,
        -0.04999136401336049,
        0.1931498043448746
      ],
      [
        -0.0043392204585218155,
        -0.045943830237306166,
        0.17145550363578677
      ]
    ],
    "model_matrix": [
      -0.7934949297857004,
      0.0472240779983847,
      -0.6067418585045776,
      0.052923545216196924,
      0.6069580698076946,
      -0.01126003493017052,
      -0.794654083931297,
      -0.04598879375400197,
      -0.0443587409616646,
      -0.9988208538424563,
      -0.019728254604047694,
      0.18083202537969986,
      0.0,
      0.0,
      0.0,
      1.0
    ],
    "view_matrix": [
      -0.9661298949770589,
      -0.19550143048178806,
      0.1684405435493216,
      0.02988352191968574,
      0.1614888405623989,
      0.05108713579849411,
      0.9855513476880431,
      -0.19641089407568418,
      -0.20128184320854287,
      0.9793718881178286,
      -0.017785509806883093,
      0.23660602766747915,
      0.0,
      0.0,
      0.0,
      1.0
    ],
    "camera_intrinsics": {
      "fx": 564.5582962109688,
      "fy": 564.5582962109688,
      "cx": 256.0,
      "cy": 256.0,
      "image_width": 512,
      "image_height": 512,
      "model": "SIMPLE_RADIAL",
      "dist": [
        -0.02941535078563624,
        0.0,
        0.0,
        0.0
      ]
    },
    "visibility": [
      1.0,
      1.0,
      1.0,
      1.0,
      1.0,
      1.0,
      1.0,
      1.0,
      1.0
    ],
    "keypoints_2d_visibility": [
      1.0,
      1.0,
      1.0,
      1.0,
      1.0,
      1.0,
      1.0,
      1.0,
      1.0
    ],
    "pose_6dof": {
      "translation": [
        0.052923545216196924,
        -0.04598879375400197,
        0.18083202537969986
      ],
      "rotation": [
        -0.7934949297857004,
        0.0472240779983847,
        -0.6067418585045776,
        0.6069580698076946,
        -0.01126003493017052,
        -0.794654083931297,
        -0.0443587409616646,
        -0.9988208538424563,
        -0.019728254604047694
      ]
    },
    "pose_9dof": {
      "translation": [
        0.052923545216196924,
        -0.04598879375400197,
        0.18083202537969986
      ],
      "rotation": [
        -0.7934949297857004,
        0.0472240779983847,
        -0.6067418585045776,
        0.6069580698076946,
        -0.01126003493017052,
        -0.794654083931297,
        -0.0443587409616646,
        -0.9988208538424563,
        -0.019728254604047694
      ],
      "scale": [
        0.028736352683636276,
        0.0759372121328639,
        0.014366343695319072
      ]
    }
  },
  {
    "frame_id": 5,
    "image": "frame_000005.png",
    "keypoints_2d": [
      [
        0.6095952018905506,
        0.4217346158401972,
        0.17833838382208528
      ],
      [
        0.6492733644758808,
        0.6725960464911187,
        0.1629464433422942
      ],
      [
        0.7417735162041318,
        0.6271369884131799,
        0.18463019051899568
      ],
      [
        0.6430704105134175,
        0.18310123262499084,
        0.18430314212221652
      ],
      [
        0.5373330172613364,
        0.1691107369644842,
        0.162619394945515
      ],
      [
        0.5731368258552796,
        0.6781106419691084,
        0.17237362552195404
      ],
      [
        0.6698489089378673,
        0.6342849540361761,
        0.19405737269865553
      ],
      [
        0.5758480783823122,
        0.21134022181891066,
        0.19373032430187637
      ],
      [
        0.46727225391933536,
        0.20184223001614998,
        0.17204657712517485
      ]
    ],
    "keypoints_3d": [
      [
        0.017633279581644144,
        -0.012592480114529181,
        0.17833838382208528
      ],
      [
        0.02197321706522721,
        0.02540634363984043,
        0.1629464433422942
      ],
      [
        0.04036068017860557,
        0.02122372792842614,
        0.18463019051899568
      ],
      [
        0.023884493507688263,
        -0.05290378719681482,
        0.18430314212221652
      ],
      [
        0.005497030394309901,
        -0.048721171485400505,
        0.162619394945515
      ],
      [
        0.011382065655600033,
        0.027718826967756488,
        0.17237362552195404
      ],
      [
        0.02976952876897838,
        0.023536211256342143,
        0.19405737269865553
      ],
      [
        0.01329334209806107,
        -0.05059130386889876,
        0.19373032430187637
      ],
      [
        -0.005094121015317275,
        -0.04640868815748447,
        0.17204657712517485
      ]
    ],
    "model_matrix": [
      -0.7934949297857004,
      0.0472240779983847,
      -0.6067418585045776,
      0.052923545216196924,
      0.6069580698076946,
      -0.01126003493017052,
      -0.794654083931297,
      -0.04598879375400197,
      -0.0443587409616646,
      -0.9988208538424563,
      -0.019728254604047694,
      0.18083202537969986,
      0.0,
      0.0,
      0.0,
      1.0
    ],
    "view_matrix": [
      -0.9652800613580518,
      -0.19501868479093723,
      0.17378755918364724,
      0.028324292169219813,
      0.1670600287161593,
      0.05055986944277546,
      0.9846495043452191,
      -0.19716486584993848,
      -0.2008117276205567,
      0.9794954885982593,
      -0.016224606796616303,
      0.23694579688489653,
      0.0,
      0.0,
      0.0,
      1.0
    ],
    "camera_intrinsics": {
      "fx": 567.9056487015308,
      "fy": 567.9056487015308,
      "cx": 256.0,
      "cy": 256.0,
      "image_width": 512,
      "image_height": 512,
      "model": "SIMPLE_RADIAL",
      "dist": [
        -0.04723795927591445,
        0.0,
        0.0,
        0.0
      ]
    },
    "visibility": [
      1.0,
      1.0,
      1.0,
      1.0,
      1.0,
      1.0,
      1.0,
      1.0,
      1.0
    ],
    "keypoints_2d_visibility": [
      1.0,
      1.0,
      1.0,
      1.0,
      1.0,
      1.0,
      1.0,
      1.0,
      1.0
    ],
    "pose_6dof": {
      "translation": [
        0.052923545216196924,
        -0.04598879375400197,
        0.18083202537969986
      ],
      "rotation": [
        -0.7934949297857004,
        0.0472240779983847,
        -0.6067418585045776,
        0.6069580698076946,
        -0.01126003493017052,
        -0.794654083931297,
        -0.0443587409616646,
        -0.9988208538424563,
        -0.019728254604047694
      ]
    },
    "pose_9dof": {
      "translation": [
        0.052923545216196924,
        -0.04598879375400197,
        0.18083202537969986
      ],
      "rotation": [
        -0.7934949297857004,
        0.0472240779983847,
        -0.6067418585045776,
        0.6069580698076946,
        -0.01126003493017052,
        -0.794654083931297,
        -0.0443587409616646,
        -0.9988208538424563,
        -0.019728254604047694
      ],
      "scale": [
        0.028736352683636276,
        0.0759372121328639,
        0.014366343695319072
      ]
    }
  },
  {
    "frame_id": 6,
    "image": "frame_000006.png",
    "keypoints_2d": [
      [
        0.6047247707633547,
        0.41849470934293853,
        0.17750646233306003
      ],
      [
        0.6435390977848962,
        0.6693316576404611,
        0.1622968375254621
      ],
      [
        0.7360347588108718,
        0.6239764425527207,
        0.18403434637133528
      ],
      [
        0.6391342432388958,
        0.17961729337853094,
        0.1833206674518048
      ],
      [
        0.5332976128520547,
        0.16515563394100113,
        0.16158315860593164
      ],
      [
        0.5674953034647969,
        0.6745107956205456,
        0.17169225721431525
      ],
      [
        0.664187361063992,
        0.6308072913461549,
        0.19342976606018844
      ],
      [
        0.5717721345403146,
        0.20774357783448316,
        0.19271608714065797
      ],
      [
        0.46307223336670184,
        0.19777855861775623,
        0.1709785782947848
      ]
    ],
    "keypoints_3d": [
      [
        0.016863399495763,
        -0.013124462028894501,
        0.17750646233306003
      ],
      [
        0.021152552691275216,
        0.024953457739496365,
        0.1622968375254621
      ],
      [
        0.03946704042814808,
        0.02072992679136218,
        0.18403434637133528
      ],
      [
        0.023208975103017577,
        -0.053443020843170846,
        0.1833206674518048
      ],
      [
        0.004894487366144718,
        -0.04921948989503663,
        0.16158315860593164
      ],
      [
        0.010517823888508419,
        0.027194096785381844,
        0.17169225721431525
      ],
      [
        0.02883231162538128,
        0.02297056583724766,
        0.19342976606018844
      ],
      [
        0.012574246300250778,
        -0.05120238179728534,
        0.19271608714065797
      ],
      [
        -0.005740241436622065,
        -0.046978850849151155,
        0.1709785782947848
      ]
    ],
    "model_matrix": [
      -0.7934949297857004,
      0.0472240779983847,
      -0.6067418585045776,
      0.052923545216196924,
      0.6069580698076946,
      -0.01126003493017052,
      -0.794654083931297,
      -0.04598879375400197,
      -0.0443587409616646,
      -0.9988208538424563,
      -0.019728254604047694,
      0.18083202537969986,
      0.0,
      0.0,
      0.0,
      1.0
    ],
    "view_matrix": [
      -0.9649697798106297,
      -0.19900280771928683,
      0.1709713618477206,
      0.027864024544315996,
      0.1651273247216917,
      0.04572844513550334,
      0.9852115894241935,
      -0.19791839657633492,
      -0.20387812703299152,
      0.9789314540994836,
      -0.011265766382697495,
      0.23535350370200822,
      0.0,
      0.0,
      0.0,
      1.0
    ],
    "camera_intrinsics": {
      "fx": 564.6906697596035,
      "fy": 564.6906697596035,
      "cx": 256.0,
      "cy": 256.0,
      "image_width": 512,
      "image_height": 512,
      "model": "SIMPLE_RADIAL",
      "dist": [
        -0.03529410608402696,
        0.0,
        0.0,
        0.0
      ]
    },
    "visibility": [
      1.0,
      1.0,
      1.0,
      1.0,
      1.0,
      1.0,
      1.0,
      1.0,
      1.0
    ],
    "keypoints_2d_visibility": [
      1.0,
      1.0,
      1.0,
      1.0,
      1.0,
      1.0,
      1.0,
      1.0,
      1.0
    ],
    "pose_6dof": {
      "translation": [
        0.052923545216196924,
        -0.04598879375400197,
        0.18083202537969986
      ],
      "rotation": [
        -0.7934949297857004,
        0.0472240779983847,
        -0.6067418585045776,
        0.6069580698076946,
        -0.01126003493017052,
        -0.794654083931297,
        -0.0443587409616646,
        -0.9988208538424563,
        -0.019728254604047694
      ]
    },
    "pose_9dof": {
      "translation": [
        0.052923545216196924,
        -0.04598879375400197,
        0.18083202537969986
      ],
      "rotation": [
        -0.7934949297857004,
        0.0472240779983847,
        -0.6067418585045776,
        0.6069580698076946,
        -0.01126003493017052,
        -0.794654083931297,
        -0.0443587409616646,
        -0.9988208538424563,
        -0.019728254604047694
      ],
      "scale": [
        0.028736352683636276,
        0.0759372121328639,
        0.014366343695319072
      ]
    }
  },
  {
    "frame_id": 7,
    "image": "frame_000007.png",
    "keypoints_2d": [
      [
        0.6103370837205613,
        0.4200561004621941,
        0.17763215648366526
      ],
      [
        0.6490085202891086,
        0.6715769786453825,
        0.16239395632681414
      ],
      [
        0.7414189491030185,
        0.6262054542429648,
        0.18409745534844257
      ],
      [
        0.6451079236207592,
        0.180858540296381,
        0.18345512244868495
      ],
      [
        0.539514097992191,
        0.16636280226812417,
        0.1617516234270565
      ],
      [
        0.5726194652898394,
        0.6765633191342173,
        0.17180919051864552
      ],
      [
        0.6692733145875183,
        0.6328752429580441,
        0.19351268954027395
      ],
      [
        0.5774486856421605,
        0.20882723430754913,
        0.19287035664051633
      ],
      [
        0.46894340344115704,
        0.1988211818374504,
        0.1711668576188879
      ]
    ],
    "keypoints_3d": [
      [
        0.01772935325881531,
        -0.012845668817771216,
        0.17763215648366526
      ],
      [
        0.021913536125141568,
        0.02523250558084414,
        0.16239395632681414
      ],
      [
        0.040279201203317086,
        0.021056569516584245,
        0.18409745534844257
      ],
      [
        0.024165706285359963,
        -0.05314857098248382,
        0.18345512244868495
      ],
      [
        0.005800041207184456,
        -0.04897263491822387,
        0.1617516234270565
      ],
      [
        0.011293000232270655,
        0.027457233346941362,
        0.17180919051864552
      ],
      [
        0.029658665310446166,
        0.02328129728268144,
        0.19351268954027395
      ],
      [
        0.01354517039248905,
        -0.0509238432163866,
        0.19287035664051633
      ],
      [
        -0.0048204946856864606,
        -0.04674790715212668,
        0.1711668576188879
      ]
    ],
    "model_matrix": [
      -0.7934949297857004,
      0.0472240779983847,
      -0.6067418585045776,
      0.052923545216196924,
      0.6069580698076946,
      -0.01126003493017052,
      -0.794654083931297,
      -0.04598879375400197,
      -0.0443587409616646,
      -0.9988208538424563,
      -0.019728254604047694,
      0.18083202537969986,
      0.0,
      0.0,
      0.0,
      1.0
    ],
    "view_matrix": [
      -0.965693613173547,
      -0.19715823599860757,
      0.16901028209471722,
      0.029207741787173155,
      0.16312108025338043,
      0.04585838930547026,
      0.9855397106698834,
      -0.1975867846491743,
      -0.20205781017517918,
      0.9792985439120313,
      -0.01212448922577436,
      0.23555502683971305,
      0.0,
      0.0,
      0.0,
      1.0
    ],
    "camera_intrinsics": {
      "fx": 566.3558025706405,
      "fy": 566.3558025706405,
      "cx": 256.0,
      "cy": 256.0,
      "image_width": 512,
      "image_height": 512,
      "model": "SIMPLE_RADIAL",
      "dist": [
        -0.04078971330595876,
        0.0,
        0.0,
        0.0
      ]
    },
    "visibility": [
      1.0,
      1.0,
      1.0,
      1.0,
      1.0,
      1.0,
      1.0,
      1.0,
      1.0
    ],
    "keypoints_2d_visibility": [
      1.0,
      1.0,
      1.0,
      1.0,
      1.0,
      1.0,
      1.0,
      1.0,
      1.0
    ],
    "pose_6dof": {
      "translation": [
        0.052923545216196924,
        -0.04598879375400197,
        0.18083202537969986
      ],
      "rotation": [
        -0.7934949297857004,
        0.0472240779983847,
        -0.6067418585045776,
        0.6069580698076946,
        -0.01126003493017052,
        -0.794654083931297,
        -0.0443587409616646,
        -0.9988208538424563,
        -0.019728254604047694
      ]
    },
    "pose_9dof": {
      "translation": [
        0.052923545216196924,
        -0.04598879375400197,
        0.18083202537969986
      ],
      "rotation": [
        -0.7934949297857004,
        0.0472240779983847,
        -0.6067418585045776,
        0.6069580698076946,
        -0.01126003493017052,
        -0.794654083931297,
        -0.0443587409616646,
        -0.9988208538424563,
        -0.019728254604047694
      ],
      "scale": [
        0.028736352683636276,
        0.0759372121328639,
        0.014366343695319072
      ]
    }
  },
  {
    "frame_id": 8,
    "image": "frame_000008.png",
    "keypoints_2d": [
      [
        0.6105205563922086,
        0.42238247179257,
        0.17813893943250783
      ],
      [
        0.6491763270229524,
        0.673864642591147,
        0.16278906902183288
      ],
      [
        0.7417114934844165,
        0.6286472512733555,
        0.18449823277681948
      ],
      [
        0.6452728653250352,
        0.18338652331773803,
        0.18407639418111077
      ],
      [
        0.5396995596798093,
        0.168899496901592,
        0.16236723042612417
      ],
      [
        0.5727872446144624,
        0.678918763687516,
        0.1722014846839049
      ],
      [
        0.6695542287149753,
        0.6353666657840498,
        0.1939106484388915
      ],
      [
        0.5776694994606231,
        0.2113222836780616,
        0.19348880984318273
      ],
      [
        0.46919767440141735,
        0.201303477474988,
        0.17177964608819618
      ]
    ],
    "keypoints_3d": [
      [
        0.017760594039007295,
        -0.01247309508568925,
        0.17813893943250783
      ],
      [
        0.021931931027401333,
        0.025561611721583888,
        0.16278906902183288
      ],
      [
        0.04030590532005414,
        0.021452202602204096,
        0.18449823277681948
      ],
      [
        0.024206991948902926,
        -0.052757683713427206,
        0.18407639418111077
      ],
      [
        0.00583301765625012,
        -0.048648274594047386,
        0.16236723042612417
      ],
      [
        0.011314196129111678,
        0.027811493542048676,
        0.1722014846839049
      ],
      [
        0.029688170421764477,
        0.023702084422668857,
        0.1939106484388915
      ],
      [
        0.013589257050613264,
        -0.05050780189296239,
        0.19348880984318273
      ],
      [
        -0.004784717242039532,
        -0.0463983927735826,
        0.17177964608819618
      ]
    ],
    "model_matrix": [
      -0.7934949297857004,
      0.0472240779983847,
      -0.6067418585045776,
      0.052923545216196924,
      0.6069580698076946,
      -0.01126003493017052,
      -0.794654083931297,
      -0.04598879375400197,
      -0.0443587409616646,
      -0.9988208538424563,
      -0.019728254604047694,
      0.18083202537969986,
      0.0,
      0.0,
      0.0,
      1.0
    ],
    "view_matrix": [
      -0.9657956909453908,
      -0.19682996109152395,
      0.16880950733897335,
      0.02929578835766165,
      0.16234347025683898,
      0.04865561040424726,
      0.9855339817789938,
      -0.19704338024814105,
      -0.20219614490955204,
      0.9792295941161605,
      -0.015037319934624427,
      0.23659269311185305,
      0.0,
      0.0,
      0.0,
      1.0
    ],
    "camera_intrinsics": {
      "fx": 567.9073885669218,
      "fy": 567.9073885669218,
      "cx": 256.0,
      "cy": 256.0,
      "image_width": 512,
      "image_height": 512,
      "model": "SIMPLE_RADIAL",
      "dist": [
        -0.04080564222486476,
        0.0,
        0.0,
        0.0
      ]
    },
    "visibility": [
      1.0,
      1.0,
      1.0,
      1.0,
      1.0,
      1.0,
      1.0,
      1.0,
      1.0
    ],
    "keypoints_2d_visibility": [
      1.0,
      1.0,
      1.0,
      1.0,
      1.0,
      1.0,
      1.0,
      1.0,
      1.0
    ],
    "pose_6dof": {
      "translation": [
        0.052923545216196924,
        -0.04598879375400197,
        0.18083202537969986
      ],
      "rotation": [
        -0.7934949297857004,
        0.0472240779983847,
        -0.6067418585045776,
        0.6069580698076946,
        -0.01126003493017052,
        -0.794654083931297,
        -0.0443587409616646,
        -0.9988208538424563,
        -0.019728254604047694
      ]
    },
    "pose_9dof": {
      "translation": [
        0.052923545216196924,
        -0.04598879375400197,
        0.18083202537969986
      ],
      "rotation": [
        -0.7934949297857004,
        0.0472240779983847,
        -0.6067418585045776,
        0.6069580698076946,
        -0.01126003493017052,
        -0.794654083931297,
        -0.0443587409616646,
        -0.9988208538424563,
        -0.019728254604047694
      ],
      "scale": [
        0.028736352683636276,
        0.0759372121328639,
        0.014366343695319072
      ]
    }
  },
  {
    "frame_id": 9,
    "image": "frame_000009.png",
    "keypoints_2d": [
      [
        0.6076697810260759,
        0.42307711110753904,
        0.1786819891004855
      ],
      [
        0.6466506893010784,
        0.6740460034408466,
        0.163252748181668
      ],
      [
        0.7392559916986705,
        0.6289181311007104,
        0.18498537700297255
      ],
      [
        0.6418810426752983,
        0.18452732861095156,
        0.1847121614594242
      ],
      [
        0.5362366817054057,
        0.17017986743661978,
        0.16297953263811965
      ],
      [
        0.570471270169026,
        0.6793873265744605,
        0.17265181674154678
      ],
      [
        0.6672925250998394,
        0.6358834089027752,
        0.19438444556285137
      ],
      [
        0.5745512305328506,
        0.21254599136654861,
        0.19411123001930303
      ],
      [
        0.46603672226534965,
        0.20266343709715606,
        0.17237860119799847
      ]
    ],
    "keypoints_3d": [
      [
        0.01732366739021836,
        -0.012376606780179045,
        0.1786819891004855
      ],
      [
