[
  {
    "frame_id": 0,
    "image": "frame_000000.png",
    "keypoints_2d": [
      [
        0.8516503444035314,
        0.28471492980491253,
        0.23561892224282338
      ],
      [
        0.802761046652771,
        0.44227019927963784,
        0.24877935135660204
      ],
      [
        0.8875169495133161,
        0.14206050146278204,
        0.2127873536653145
      ],
      [
        0.8680138704270928,
        0.11339196376649952,
        0.22182159135436633
      ],
      [
        0.7894296095758248,
        0.4051517759398625,
        0.2578135890456539
      ],
      [
        0.832711828537603,
        0.4448272807459138,
        0.2494162531312804
      ],
      [
        0.9201436707023751,
        0.1474106244138968,
        0.21342425543999288
      ],
      [
        0.8995400749758825,
        0.11862918687781221,
        0.2224584931290447
      ],
      [
        0.818483365110654,
        0.4078184062848237,
        0.2584504908203322
      ]
    ],
    "keypoints_3d": [
      [
        0.05970335520945469,
        -0.03655119701063094,
        0.23561892224282338
      ],
      [
        0.05351104954599,
        -0.01020336750972569,
        0.24877935135660204
      ],
      [
        0.06076831591785611,
        -0.05613013973687163,
        0.2127873536653145
      ],
      [
        0.06024821311341829,
        -0.06329229746510477,
        0.22182159135436633
      ],
      [
        0.052990946741552185,
        -0.017365525237958826,
        0.2578135890456539
      ],
      [
        0.05915849730549108,
        -0.009810096556157116,
        0.2494162531312804
      ],
      [
        0.06641576367735719,
        -0.055736868783303056,
        0.21342425543999288
      ],
      [
        0.06589566087291938,
        -0.06289902651153619,
        0.2224584931290447
      ],
      [
        0.05863839450105327,
        -0.01697225428439025,
        0.2584504908203322
      ]
    ],
    "model_matrix": [
      0.013806169045325722,
      0.36442826735670525,
      -0.9311291143808584,
      0.03522294785457838,
      -0.7818694774484789,
      -0.5765388116473503,
      -0.23724063500737738,
      -0.010207747260088081,
      -0.623289266657733,
      0.7312968184093589,
      0.27697554667084723,
      0.17673457664768394,
      0.0,
      0.0,
      0.0,
      1.0
    ],
    "view_matrix": [
      0.9083365038877786,
      0.16466517272843187,
      -0.384460890852689,
      0.09733745914679742,
      -0.17267182117352228,
      0.9848817834938527,
      0.013867758095195293,
      -0.022866674486517677,
      0.3809320646487332,
      0.05378897128857743,
      0.9230371112204373,
      0.05961786313621295,
      0.0,
      0.0,
      0.0,
      1.0
    ],
    "camera_intrinsics": {
      "fx": 732.723705680599,
      "fy": 732.723705680599,
      "cx": 256.0,
      "cy": 256.0,
      "image_width": 512,
      "image_height": 512,
      "model": "SIMPLE_RADIAL",
      "dist": [
        -0.34288656353204994,
        0.0,
        0.0,
        0.0
      ]
    },
    "visibility": [
      1.0,
      1.0,
      1.0,
      1.0,
      1.0,
      1.0,
      1.0,
      1.0,
      1.0
    ],
    "keypoints_2d_visibility": [
      1.0,
      1.0,
      1.0,
      1.0,
      1.0,
      1.0,
      1.0,
      1.0,
      1.0
    ],
    "pose_6dof": {
      "translation": [
        0.03522294785457838,
        -0.010207747260088081,
        0.17673457664768394
      ],
      "rotation": [
        0.013806169045325722,
        0.36442826735670525,
        -0.9311291143808584,
        -0.7818694774484789,
        -0.5765388116473503,
        -0.23724063500737738,
        -0.623289266657733,
        0.7312968184093589,
        0.27697554667084723
      ]
    },
    "pose_9dof": {
      "translation": [
        0.03522294785457838,
        -0.010207747260088081,
        0.17673457664768394
      ],
      "rotation": [
        0.013806169045325722,
        0.36442826735670525,
        -0.9311291143808584,
        -0.7818694774484789,
        -0.5765388116473503,
        -0.23724063500737738,
        -0.623289266657733,
        0.7312968184093589,
        0.27697554667084723
      ],
      "scale": [
        0.0587993215964777,
        0.011540557216770702,
        0.005696838782149538
      ]
    }
  },
  {
    "frame_id": 1,
    "image": "frame_000001.png",
    "keypoints_2d": [
      [
        0.8701321072178437,
        0.2715060365692201,
        0.2373392441378701
      ],
      [
        0.8216366252068857,
        0.43124872599297037,
        0.2506656300217619
      ],
      [
        0.9051974740601787,
        0.12728391900172292,
        0.2144163111995943
      ],
      [
        0.8853643578751371,
        0.09835736510735188,
        0.22342434670007685
      ],
      [
        0.8079755638639293,
        0.39375869298740673,
        0.25967366552224447
      ],
      [
        0.8519444530113767,
        0.43373917478139823,
        0.2512541415756634
      ],
      [
        0.9381238787293887,
        0.13260580654038134,
        0.2150048227534958
      ],
      [
        0.9171989248195231,
        0.10356738375838048,
        0.22401285825397835
      ],
      [
        0.8373888853199472,
        0.39636095973094654,
        0.26026217707614596
      ]
    ],
    "keypoints_3d": [
      [
        0.062059354347694023,
        -0.03831115314325863,
        0.2373392441378701
      ],
      [
        0.056103205080489854,
        -0.011992312202257133,
        0.2506656300217619
      ],
      [
        0.06283363339037396,
        -0.05779677093610057,
        0.2144163111995943
      ],
      [
        0.06236092089575258,
        -0.06499512492802352,
        0.22342434670007685
      ],
      [
        0.05563049258586849,
        -0.019190666194180084,
        0.25967366552224447
      ],
      [
        0.06175778779963546,
        -0.011627181358493725,
        0.2512541415756634
      ],
      [
        0.06848821610951955,
        -0.05743164009233717,
        0.2150048227534958
      ],
      [
        0.06801550361489819,
        -0.06462999408426011,
        0.22401285825397835
      ],
      [
        0.0612850753050141,
        -0.018825535350416676,
        0.26026217707614596
      ]
    ],
    "model_matrix": [
      0.013806169045325722,
      0.36442826735670525,
      -0.9311291143808584,
      0.03522294785457838,
      -0.7818694774484789,
      -0.5765388116473503,
      -0.23724063500737738,
      -0.010207747260088081,
      -0.623289266657733,
      0.7312968184093589,
      0.27697554667084723,
      0.17673457664768394,
      0.0,
      0.0,
      0.0,
      1.0
    ],
    "view_matrix": [
      0.9108754801140427,
      0.16960029478712563,
      -0.376220147965433,
      0.09819798033104628,
      -0.1783855153098698,
      0.9838917552464375,
      0.011645680989823576,
      -0.024042765570157363,
      0.3721350126696552,
      0.05650445970190865,
      0.9264571109226541,
      0.06107132995429727,
      0.0,
      0.0,
      0.0,
      1.0
    ],
    "camera_intrinsics": {
      "fx": 749.4998188452895,
      "fy": 749.4998188452895,
      "cx": 256.0,
      "cy": 256.0,
      "image_width": 512,
      "image_height": 512,
      "model": "SIMPLE_RADIAL",
      "dist": [
        -0.34968533016652725,
        0.0,
        0.0,
        0.0
      ]
    },
    "visibility": [
      1.0,
      1.0,
      1.0,
      1.0,
      1.0,
      1.0,
      1.0,
      1.0,
      1.0
    ],
    "keypoints_2d_visibility": [
      1.0,
      1.0,
      1.0,
      1.0,
      1.0,
      1.0,
      1.0,
      1.0,
      1.0
    ],
    "pose_6dof": {
      "translation": [
        0.03522294785457838,
        -0.010207747260088081,
        0.17673457664768394
      ],
      "rotation": [
        0.013806169045325722,
        0.36442826735670525,
        -0.9311291143808584,
        -0.7818694774484789,
        -0.5765388116473503,
        -0.23724063500737738,
        -0.623289266657733,
        0.7312968184093589,
        0.27697554667084723
      ]
    },
    "pose_9dof": {
      "translation": [
        0.03522294785457838,
        -0.010207747260088081,
        0.17673457664768394
      ],
      "rotation": [
        0.013806169045325722,
        0.36442826735670525,
        -0.9311291143808584,
        -0.7818694774484789,
        -0.5765388116473503,
        -0.23724063500737738,
        -0.623289266657733,
        0.7312968184093589,
        0.27697554667084723
      ],
      "scale": [
        0.0587993215964777,
        0.011540557216770702,
        0.005696838782149538
      ]
    }
  },
  {
    "frame_id": 2,
    "image": "frame_000002.png",
    "keypoints_2d": [
      [
        0.8723076684667352,
        0.2728702388105798,
        0.23771514196474083
      ],
      [
        0.8244680216716485,
        0.4344676568516085,
        0.2509397405926266
      ],
      [
        0.9075090206386623,
        0.12538132787797468,
        0.2148850244755236
      ],
      [
        0.8874649490831095,
        0.0962172466789395,
        0.223930521153146
      ],
      [
        0.8104921505162797,
        0.3970096590637742,
        0.25998523727024897
      ],
      [
        0.8552081151782365,
        0.43657564071398725,
        0.2514997627763357
      ],
      [
        0.9414191147662567,
        0.1299246855827163,
        0.21544504665923267
      ],
      [
        0.9202032169162437,
        0.10067292916186599,
        0.22449054333685503
      ],
      [
        0.8402965993125528,
        0.3992162432159928,
        0.260545259453958
      ]
    ],
    "keypoints_3d": [
      [
        0.06201623193630912,
        -0.0378335799731724,
        0.23771514196474083
      ],
      [
        0.056395026577923904,
        -0.011390023012212598,
        0.2509397405926266
      ],
      [
        0.0624805041468588,
        -0.05743765735621677,
        0.2148850244755236
      ],
      [
        0.061976652501547685,
        -0.06458675409973602,
        0.223930521153146
      ],
      [
        0.05589117493261279,
        -0.01853911975573186,
        0.25998523727024897
      ],
      [
        0.062055811371070545,
        -0.011080405846608781,
        0.2514997627763357
      ],
      [
        0.06814128894000544,
        -0.05712804019061295,
        0.21544504665923267
      ],
      [
        0.06763743729469433,
        -0.06427713693413221,
        0.22449054333685503
      ],
      [
        0.06155195972575942,
        -0.018229502590128042,
        0.260545259453958
      ]
    ],
    "model_matrix": [
      0.013806169045325722,
      0.36442826735670525,
      -0.9311291143808584,
      0.03522294785457838,
      -0.7818694774484789,
      -0.5765388116473503,
      -0.23724063500737738,
      -0.010207747260088081,
      -0.623289266657733,
      0.7312968184093589,
      0.27697554667084723,
      0.17673457664768394,
      0.0,
      0.0,
      0.0,
      1.0
    ],
    "view_matrix": [
      0.9107544392319077,
      0.17999028694882865,
      -0.37165824089269395,
      0.09745893303515543,
      -0.1859606893126051,
      0.9823527218390464,
      0.02004375029274008,
      -0.024798311728139778,
      0.36870716490157085,
      0.0508588881071467,
      0.9281532201370367,
      0.061210576972426434,
      0.0,
      0.0,
      0.0,
      1.0
    ],
    "camera_intrinsics": {
      "fx": 750.2118473914715,
      "fy": 750.2118473914715,
      "cx": 256.0,
      "cy": 256.0,
      "image_width": 512,
      "image_height": 512,
      "model": "SIMPLE_RADIAL",
      "dist": [
        -0.2788663138808102,
        0.0,
        0.0,
        0.0
      ]
    },
    "visibility": [
      1.0,
      1.0,
      1.0,
      1.0,
      1.0,
      1.0,
      1.0,
      1.0,
      1.0
    ],
    "keypoints_2d_visibility": [
      1.0,
      1.0,
      1.0,
      1.0,
      1.0,
      1.0,
      1.0,
      1.0,
      1.0
    ],
    "pose_6dof": {
      "translation": [
        0.03522294785457838,
        -0.010207747260088081,
        0.17673457664768394
      ],
      "rotation": [
        0.013806169045325722,
        0.36442826735670525,
        -0.9311291143808584,
        -0.7818694774484789,
        -0.5765388116473503,
        -0.23724063500737738,
        -0.623289266657733,
        0.7312968184093589,
        0.27697554667084723
      ]
    },
    "pose_9dof": {
      "translation": [
        0.03522294785457838,
        -0.010207747260088081,
        0.17673457664768394
      ],
      "rotation": [
        0.013806169045325722,
        0.36442826735670525,
        -0.9311291143808584,
        -0.7818694774484789,
        -0.5765388116473503,
        -0.23724063500737738,
        -0.623289266657733,
        0.7312968184093589,
        0.27697554667084723
      ],
      "scale": [
        0.0587993215964777,
        0.011540557216770702,
        0.005696838782149538
      ]
    }
  },
  {
    "frame_id": 3,
    "image": "frame_000003.png",
    "keypoints_2d": [
      [
        0.8580803859306745,
        0.2823084886085539,
        0.23747434337043744
      ],
      [
        0.8105683913704294,
        0.4419261488087785,
        0.25053575637206577
      ],
      [
        0.893011383701555,
        0.1372744246262465,
        0.21472708753894065
      ],
      [
        0.8730278467221148,
        0.10851757467874695,
        0.22379463094012048
      ],
      [
        0.7966410669741624,
        0.40479317789939767,
        0.25960329977324564
      ],
      [
        0.8408597950437351,
        0.44408626379982513,
        0.25115405580075434
      ],
      [
        0.9262092111212403,
        0.14203371812831345,
        0.21534538696762917
      ],
      [
        0.9050973058881688,
        0.11318555713486245,
        0.22441293036880905
      ],
      [
        0.8260215737060563,
        0.40706483124823334,
        0.2602215992019342
      ]
    ],
    "keypoints_3d": [
      [
        0.06032852318185446,
        -0.03667614286478791,
        0.23747434337043744
      ],
      [
        0.05451306347009711,
        -0.01019351493553655,
        0.25053575637206577
      ],
      [
        0.061074091576787615,
        -0.056367667518868264,
        0.21472708753894065
      ],
      [
        0.060490065875695664,
        -0.06348265392235082,
        0.22379463094012048
      ],
      [
        0.05392903776900517,
        -0.017308501339019098,
        0.25960329977324564
      ],
      [
        0.06016698048801323,
        -0.009869631807225,
        0.25115405580075434
      ],
      [
        0.06672800859470374,
        -0.056043784390556725,
        0.21534538696762917
      ],
      [
        0.06614398289361181,
        -0.06315877079403927,
        0.22441293036880905
      ],
      [
        0.05958295478692129,
        -0.016984618210707545,
        0.2602215992019342
      ]
    ],
    "model_matrix": [
      0.013806169045325722,
      0.36442826735670525,
      -0.9311291143808584,
      0.03522294785457838,
      -0.7818694774484789,
      -0.5765388116473503,
      -0.23724063500737738,
      -0.010207747260088081,
      -0.623289266657733,
      0.7312968184093589,
      0.27697554667084723,
      0.17673457664768394,
      0.0,
      0.0,
      0.0,
      1.0
    ],
    "view_matrix": [
      0.907211844313692,
      0.17738607282747484,
      -0.38144573756144584,
      0.09759921083740553,
      -0.18258153447452533,
      0.9829250908601056,
      0.02285276846644737,
      -0.024250506453828844,
      0.3789863491022828,
      0.04891264585461636,
      0.9241087058726498,
      0.06130265397627495,
      0.0,
      0.0,
      0.0,
      1.0
    ],
    "camera_intrinsics": {
      "fx": 742.1366003998052,
      "fy": 742.1366003998052,
      "cx": 256.0,
      "cy": 256.0,
      "image_width": 512,
      "image_height": 512,
      "model": "SIMPLE_RADIAL",
      "dist": [
        -0.31185501483118555,
        0.0,
        0.0,
        0.0
      ]
    },
    "visibility": [
      1.0,
      1.0,
      1.0,
      1.0,
      1.0,
      1.0,
      1.0,
      1.0,
      1.0
    ],
    "keypoints_2d_visibility": [
      1.0,
      1.0,
      1.0,
      1.0,
      1.0,
      1.0,
      1.0,
      1.0,
      1.0
    ],
    "pose_6dof": {
      "translation": [
        0.03522294785457838,
        -0.010207747260088081,
        0.17673457664768394
      ],
      "rotation": [
        0.013806169045325722,
        0.36442826735670525,
        -0.9311291143808584,
        -0.7818694774484789,
        -0.5765388116473503,
        -0.23724063500737738,
        -0.623289266657733,
        0.7312968184093589,
        0.27697554667084723
      ]
    },
    "pose_9dof": {
      "translation": [
        0.03522294785457838,
        -0.010207747260088081,
        0.17673457664768394
      ],
      "rotation": [
        0.013806169045325722,
        0.36442826735670525,
        -0.9311291143808584,
        -0.7818694774484789,
        -0.5765388116473503,
        -0.23724063500737738,
        -0.623289266657733,
        0.7312968184093589,
        0.27697554667084723
      ],
      "scale": [
        0.0587993215964777,
        0.011540557216770702,
        0.005696838782149538
      ]
    }
  },
  {
    "frame_id": 4,
    "image": "frame_000004.png",
    "keypoints_2d": [
      [
        0.8449766044239618,
        0.27645215626388736,
        0.23577218688129783
      ],
      [
        0.7955221619440394,
        0.4340833932079579,
        0.2490185657979799
      ],
      [
        0.8824805290304871,
        0.13360663991924887,
        0.2128253904443047
      ],
      [
        0.8623058758005502,
        0.10474292645051914,
        0.22180143566570737
      ],
      [
        0.7816100905969151,
        0.396908222630312,
        0.2579946110193826
      ],
      [
        0.8254396485542883,
        0.43655902593603557,
        0.2497429380968883
      ],
      [
        0.9151364267044931,
        0.13889051847029604,
        0.2135497627432131
      ],
      [
        0.8938704624571852,
        0.10992095203913543,
        0.22252580796461577
      ],
      [
        0.8106373412183058,
        0.39949890024821894,
        0.2587189833182909
      ]
    ],
    "keypoints_3d": [
      [
        0.058532458955748774,
        -0.03792954310620286,
        0.23577218688129783
      ],
      [
        0.05223221300151144,
        -0.011650463788061977,
        0.2490185657979799
      ],
      [
        0.05987447967653649,
        -0.05735615312857986,
        0.2128253904443047
      ],
      [
        0.05919418022716097,
        -0.06457780568987576,
        0.22180143566570737
      ],
      [
        0.051551913552135925,
        -0.018872116349357888,
        0.2579946110193826
      ],
      [
        0.057870737684336586,
        -0.011281280522529961,
        0.2497429380968883
      ],
      [
        0.06551300435936162,
        -0.056986969863047826,
        0.2135497627432131
      ],
      [
        0.0648327049099861,
        -0.06420862242434375,
        0.22252580796461577
      ],
      [
        0.05719043823496107,
        -0.01850293308382587,
        0.2587189833182909
      ]
    ],
    "model_matrix": [
      0.013806169045325722,
      0.36442826735670525,
      -0.9311291143808584,
      0.03522294785457838,
      -0.7818694774484789,
      -0.5765388116473503,
      -0.23724063500737738,
      -0.010207747260088081,
      -0.623289266657733,
      0.7312968184093589,
      0.27697554667084723,
      0.17673457664768394,
      0.0,
      0.0,
      0.0,
      1.0
    ],
    "view_matrix": [
      0.9019097583936133,
      0.1671771748871697,
      -0.3982594379435582,
      0.09885725407611824,
      -0.17843569275389481,
      0.9839110948585955,
      0.008925299188122453,
      -0.0231784051956905,
      0.39334398592810826,
      0.06301388427088536,
      0.9172293928583425,
      0.06045453354492236,
      0.0,
      0.0,
      0.0,
      1.0
    ],
    "camera_intrinsics": {
      "fx": 732.4189547639393,
      "fy": 732.4189547639393,
      "cx": 256.0,
      "cy": 256.0,
      "image_width": 512,
      "image_height": 512,
      "model": "SIMPLE_RADIAL",
      "dist": [
        -0.3268678591128285,
        0.0,
        0.0,
        0.0
      ]
    },
    "visibility": [
      1.0,
      1.0,
      1.0,
      1.0,
      1.0,
      1.0,
      1.0,
      1.0,
      1.0
    ],
    "keypoints_2d_visibility": [
      1.0,
      1.0,
      1.0,
      1.0,
      1.0,
      1.0,
      1.0,
      1.0,
      1.0
    ],
    "pose_6dof": {
      "translation": [
        0.03522294785457838,
        -0.010207747260088081,
        0.17673457664768394
      ],
      "rotation": [
        0.013806169045325722,
        0.36442826735670525,
        -0.9311291143808584,
        -0.7818694774484789,
        -0.5765388116473503,
        -0.23724063500737738,
        -0.623289266657733,
        0.7312968184093589,
        0.27697554667084723
      ]
    },
    "pose_9dof": {
      "translation": [
        0.03522294785457838,
        -0.010207747260088081,
        0.17673457664768394
      ],
      "rotation": [
        0.013806169045325722,
        0.36442826735670525,
        -0.9311291143808584,
        -0.7818694774484789,
        -0.5765388116473503,
        -0.23724063500737738,
        -0.623289266657733,
        0.7312968184093589,
        0.27697554667084723
      ],
      "scale": [
        0.0587993215964777,
        0.011540557216770702,
        0.005696838782149538
      ]
    }
  },
  {
    "frame_id": 5,
    "image": "frame_000005.png",
    "keypoints_2d": [
      [
        0.8474245506520712,
        0.27320892795275337,
        0.23831612911461492
      ],
      [
        0.79729534840034,
        0.43161174867600133,
        0.25155762015277605
      ],
      [
        0.8856007199171408,
        0.1296693462609721,
        0.2153656694668747
      ],
      [
        0.8654273064075471,
        0.10053181276512596,
        0.22433770965655844
      ],
      [
        0.7833628214259737,
        0.39425623252331493,
        0.26052966034245983
      ],
      [
        0.8273892378087905,
        0.4341665499523327,
        0.25229454857267136
      ],
      [
        0.9184603058613221,
        0.13499688059226056,
        0.21610259788677
      ],
      [
        0.8971955948389398,
        0.10575499390022342,
        0.22507463807645375
      ],
      [
        0.8125666618355338,
        0.3969218093917224,
        0.26126658876235515
      ]
    ],
    "keypoints_3d": [
      [
        0.05865164050299868,
        -0.03828649530391349,
        0.23831612911461492
      ],
      [
        0.0522714449724011,
        -0.01202424704952782,
        0.25155762015277605
      ],
      [
        0.06008176993819853,
        -0.057702488584025755,
        0.2153656694668747
      ],
      [
        0.05939564549076351,
        -0.06492856559377934,
        0.22433770965655844
      ],
      [
        0.05158532052496608,
        -0.019250324059281402,
        0.26052966034245983
      ],
      [
        0.05790763551523385,
        -0.011644425014047641,
        0.25229454857267136
      ],
      [
        0.06571796048103129,
        -0.05732266654854558,
        0.21610259788677
      ],
      [
        0.06503183603359627,
        -0.06454874355829915,
        0.22507463807645375
      ],
      [
        0.05722151106779883,
        -0.018870502023801222,
        0.26126658876235515
      ]
    ],
    "model_matrix": [
      0.013806169045325722,
      0.36442826735670525,
      -0.9311291143808584,
      0.03522294785457838,
      -0.7818694774484789,
      -0.5765388116473503,
      -0.23724063500737738,
      -0.010207747260088081,
      -0.623289266657733,
      0.7312968184093589,
      0.27697554667084723,
      0.17673457664768394,
      0.0,
      0.0,
      0.0,
      1.0
    ],
    "view_matrix": [
      0.9013837693442888,
      0.1651362607402872,
      -0.40029653477315796,
      0.09933415481820332,
      -0.17683009229154772,
      0.9842101930583824,
      0.00783673019468278,
      -0.023396470475724938,
      0.3952700580904718,
      0.06372057178570686,
      0.916352153873421,
      0.06309288598706247,
      0.0,
      0.0,
      0.0,
      1.0
    ],
    "camera_intrinsics": {
      "fx": 743.3873895487533,
      "fy": 743.3873895487533,
      "cx": 256.0,
      "cy": 256.0,
      "image_width": 512,
      "image_height": 512,
      "model": "SIMPLE_RADIAL",
      "dist": [
        -0.32098323846268517,
        0.0,
        0.0,
        0.0
      ]
    },
    "visibility": [
      1.0,
      1.0,
      1.0,
      1.0,
      1.0,
      1.0,
      1.0,
      1.0,
      1.0
    ],
    "keypoints_2d_visibility": [
      1.0,
      1.0,
      1.0,
      1.0,
      1.0,
      1.0,
      1.0,
      1.0,
      1.0
    ],
    "pose_6dof": {
      "translation": [
        0.03522294785457838,
        -0.010207747260088081,
        0.17673457664768394
      ],
      "rotation": [
        0.013806169045325722,
        0.36442826735670525,
        -0.9311291143808584,
        -0.7818694774484789,
        -0.5765388116473503,
        -0.23724063500737738,
        -0.623289266657733,
        0.7312968184093589,
        0.27697554667084723
      ]
    },
    "pose_9dof": {
      "translation": [
        0.03522294785457838,
        -0.010207747260088081,
        0.17673457664768394
      ],
      "rotation": [
        0.013806169045325722,
        0.36442826735670525,
        -0.9311291143808584,
        -0.7818694774484789,
        -0.5765388116473503,
        -0.23724063500737738,
        -0.623289266657733,
        0.7312968184093589,
        0.27697554667084723
      ],
      "scale": [
        0.0587993215964777,
        0.011540557216770702,
        0.005696838782149538
      ]
    }
  },
  {
    "frame_id": 6,
    "image": "frame_000006.png",
    "keypoints_2d": [
      [
        0.8489173377422812,
        0.2716938921715992,
        0.237459117008538
      ],
      [
        0.7983920746350714,
        0.42984693989279454,
        0.2507713195740154
      ],
      [
        0.8878740188884315,
        0.12787032738596887,
        0.21445900448554478
      ],
      [
        0.8676722742770313,
        0.09863939315363174,
        0.22341346127242012
      ],
      [
        0.7844709464856958,
        0.39253184920501494,
        0.2597257763608907
      ],
      [
        0.8284660474989807,
        0.43240093637286314,
        0.25150477274465594
      ],
      [
        0.9208560107585472,
        0.13311968434812577,
        0.21519245765618533
      ],
      [
        0.8995466554003517,
        0.10378649948245189,
        0.22414691444306067
      ],
      [
        0.8136473871357015,
        0.3951902327766748,
        0.2604592295315312
      ]
    ],
    "keypoints_3d": [
      [
        0.05897725100807355,
        -0.0385904200553582,
        0.237459117008538
      ],
      [
        0.05259326322381888,
        -0.012364867132235148,
        0.2507713195740154
      ],
      [
        0.06039983829283497,
        -0.05794812479130835,
        0.21445900448554478
      ],
      [
        0.05972467688439553,
        -0.06519700895358424,
        0.22341346127242012
      ],
      [
        0.051918101815379446,
        -0.019613751294511043,
        0.2597257763608907
      ],
      [
        0.05822982513175156,
        -0.011983831157132157,
        0.25150477274465594
      ],
      [
        0.06603640020076765,
        -0.05756708881620536,
        0.21519245765618533
      ],
      [
        0.06536123879232822,
        -0.06481597297848125,
        0.22414691444306067
      ],
      [
        0.057554663723312124,
        -0.01923271531940805,
        0.2604592295315312
      ]
    ],
    "model_matrix": [
      0.013806169045325722,
      0.36442826735670525,
      -0.9311291143808584,
      0.03522294785457838,
      -0.7818694774484789,
      -0.5765388116473503,
      -0.23724063500737738,
      -0.010207747260088081,
      -0.623289266657733,
      0.7312968184093589,
      0.27697554667084723,
      0.17673457664768394,
      0.0,
      0.0,
      0.0,
      1.0
    ],
    "view_matrix": [
      0.9017897786072384,
      0.1646539019188348,
      -0.3995801393743319,
      0.0995139288457189,
      -0.17732958094398002,
      0.9841371131549655,
      0.00532562045613395,
      -0.023239747829036643,
      0.3941185290261551,
      0.06605478857670419,
      0.9166827968192415,
      0.06224182518317266,
      0.0,
      0.0,
      0.0,
      1.0
    ],
    "camera_intrinsics": {
      "fx": 738.6824183614709,
      "fy": 738.6824183614709,
      "cx": 256.0,
      "cy": 256.0,
      "image_width": 512,
      "image_height": 512,
      "model": "SIMPLE_RADIAL",
      "dist": [
        -0.2981792223892528,
        0.0,
        0.0,
        0.0
      ]
    },
    "visibility": [
      1.0,
      1.0,
      1.0,
      1.0,
      1.0,
      1.0,
      1.0,
      1.0,
      1.0
    ],
    "keypoints_2d_visibility": [
      1.0,
      1.0,
      1.0,
      1.0,
      1.0,
      1.0,
      1.0,
      1.0,
      1.0
    ],
    "pose_6dof": {
      "translation": [
        0.03522294785457838,
        -0.010207747260088081,
        0.17673457664768394
      ],
      "rotation": [
        0.013806169045325722,
        0.36442826735670525,
        -0.9311291143808584,
        -0.7818694774484789,
        -0.5765388116473503,
        -0.23724063500737738,
        -0.623289266657733,
        0.7312968184093589,
        0.27697554667084723
      ]
    },
    "pose_9dof": {
      "translation": [
        0.03522294785457838,
        -0.010207747260088081,
        0.17673457664768394
      ],
      "rotation": [
        0.013806169045325722,
        0.36442826735670525,
        -0.9311291143808584,
        -0.7818694774484789,
        -0.5765388116473503,
        -0.23724063500737738,
        -0.623289266657733,
        0.7312968184093589,
        0.27697554667084723
      ],
      "scale": [
        0.0587993215964777,
        0.011540557216770702,
        0.005696838782149538
      ]
    }
  },
  {
    "frame_id": 7,
    "image": "frame_000007.png",
    "keypoints_2d": [
      [
        0.8531601900666802,
        0.27038853053793616,
        0.23686610078273337
      ],
      [
        0.8027135643808186,
        0.4285550382644688,
        0.2502377972072857
      ],
      [
        0.8919531144392643,
        0.12656119055430964,
        0.21383479876656694
      ],
      [
        0.8717558787906563,
        0.09732455497011383,
        0.22278206332190786
      ],
      [
        0.7888145929384691,
        0.39121708171162417,
        0.25918506176262657
      ],
      [
        0.8327896361444738,
        0.43110630105128583,
        0.2509501382435589
      ],
      [
        0.9249375809595282,
        0.13181157203946703,
        0.21454713980284015
      ],
      [
        0.9036317247282921,
        0.10247128465792332,
        0.22349440435818108
      ],
      [
        0.8179923873858067,
        0.39387190506139114,
        0.2598974027988998
      ]
    ],
    "keypoints_3d": [
      [
        0.05967577972621999,
        -0.03879894693579339,
        0.23686610078273337
      ],
      [
        0.05334614051907912,
        -0.012590492850624926,
        0.2502377972072857
      ],
      [
        0.06100775452975603,
        -0.05812599104140393,
        0.21383479876656694
      ],
      [
        0.0603660385863481,
        -0.06538678428307346,
        0.22278206332190786
      ],
      [
        0.05270442457567119,
        -0.019851286092294463,
        0.25918506176262657
      ],
      [
        0.05898552086609189,
        -0.01221110958851331,
        0.2509501382435589
      ],
      [
        0.0666471348767688,
        -0.05774660777929231,
        0.21454713980284015
      ],
      [
        0.06600541893336087,
        -0.06500740102096184,
        0.22349440435818108
      ],
      [
        0.058343804922683956,
        -0.019471902830182845,
        0.2598974027988998
      ]
    ],
    "model_matrix": [
      0.013806169045325722,
      0.36442826735670525,
      -0.9311291143808584,
      0.03522294785457838,
      -0.7818694774484789,
      -0.5765388116473503,
      -0.23724063500737738,
      -0.010207747260088081,
      -0.623289266657733,
      0.7312968184093589,
      0.27697554667084723,
      0.17673457664768394,
      0.0,
      0.0,
      0.0,
      1.0
    ],
    "view_matrix": [
      0.9032725484025311,
      0.1650280017028778,
      -0.39606118461211526,
      0.09954212777658826,
      -0.17796456280014294,
      0.9840281666984703,
      0.0041450610853857525,
      -0.023218375213959745,
      0.39041941254214174,
      0.06674073567172123,
      0.9182147660064318,
      0.06151535279323677,
      0.0,
      0.0,
      0.0,
      1.0
    ],
    "camera_intrinsics": {
      "fx": 737.5970981011365,
      "fy": 737.5970981011365,
      "cx": 256.0,
      "cy": 256.0,
      "image_width": 512,
      "image_height": 512,
      "model": "SIMPLE_RADIAL",
      "dist": [
        -0.2986309472485134,
        0.0,
        0.0,
        0.0
      ]
    },
    "visibility": [
      1.0,
      1.0,
      1.0,
      1.0,
      1.0,
      1.0,
      1.0,
      1.0,
      1.0
    ],
    "keypoints_2d_visibility": [
      1.0,
      1.0,
      1.0,
      1.0,
      1.0,
      1.0,
      1.0,
      1.0,
      1.0
    ],
    "pose_6dof": {
      "translation": [
        0.03522294785457838,
        -0.010207747260088081,
        0.17673457664768394
      ],
      "rotation": [
        0.013806169045325722,
        0.36442826735670525,
        -0.9311291143808584,
        -0.7818694774484789,
        -0.5765388116473503,
        -0.23724063500737738,
        -0.623289266657733,
        0.7312968184093589,
        0.27697554667084723
      ]
    },
    "pose_9dof": {
      "translation": [
        0.03522294785457838,
        -0.010207747260088081,
        0.17673457664768394
      ],
      "rotation": [
        0.013806169045325722,
        0.36442826735670525,
        -0.9311291143808584,
        -0.7818694774484789,
        -0.5765388116473503,
        -0.23724063500737738,
        -0.623289266657733,
        0.7312968184093589,
        0.27697554667084723
      ],
      "scale": [
        0.0587993215964777,
        0.011540557216770702,
        0.005696838782149538
      ]
    }
  },
  {
    "frame_id": 8,
    "image": "frame_000008.png",
    "keypoints_2d": [
      [
        0.8538722934270582,
        0.27163410692860934,
        0.23825446183755788
      ],
      [
        0.8030585901398096,
        0.4295404059310588,
        0.25159471639803355
      ],
      [
        0.8928976730662092,
        0.12835969813073883,
        0.21524031715930847
      ],
      [
        0.8727839698000985,
        0.09907802053633619,
        0.2241919203216587
      ],
      [
        0.7892327204504428,
        0.39217250474230864,
        0.26054631956038377
      ],
      [
        0.8330884605263336,
        0.4321933826213826,
        0.25231700335345714
      ],
      [
        0.9257366217840047,
        0.13375248083840502,
        0.215962604114732
      ],
      [
        0.9045316546425651,
        0.10436437823035116,
        0.22491420727708222
      ],
      [
        0.8183736019726412,
        0.39492945561377707,
        0.26126860651580736
      ]
    ],
    "keypoints_3d": [
      [
        0.05983705885888577,
        -0.03861490045671373,
        0.23825446183755788
      ],
      [
        0.05340283984482671,
        -0.01241589098615985,
        0.25159471639803355
      ],
      [
        0.06127011147026083,
        -0.05795514782428832,
        0.21524031715930847
      ],
      [
        0.06063439057091169,
        -0.06521111920209088,
        0.2241919203216587
      ],
      [
        0.052767118945477566,
        -0.019671862363962424,
        0.26054631956038377
      ],
      [
        0.059039727146859844,
        -0.01201868171133657,
        0.25231700335345714
      ],
      [
        0.06690699877229397,
        -0.05755793854946503,
        0.215962604114732
      ],
      [
        0.06627127787294483,
        -0.0648139099272676,
        0.22491420727708222
      ],
      [
        0.058404006247510694,
        -0.019274653089139143,
        0.26126860651580736
      ]
    ],
    "model_matrix": [
      0.013806169045325722,
      0.36442826735670525,
      -0.9311291143808584,
      0.03522294785457838,
      -0.7818694774484789,
      -0.5765388116473503,
      -0.23724063500737738,
      -0.010207747260088081,
      -0.623289266657733,
      0.7312968184093589,
      0.27697554667084723,
      0.17673457664768394,
      0.0,
      0.0,
      0.0,
      1.0
    ],
    "view_matrix": [
      0.9031026691008585,
      0.16189000112459778,
      -0.39774011188058866,
      0.09997408314224923,
      -0.1748995785413479,
      0.9845796086321348,
      0.003623767632062659,
      -0.023044526957933,
      0.3921934554387214,
      0.06629194371618646,
      0.9174909654647099,
      0.06296456625508741,
      0.0,
      0.0,
      0.0,
      1.0
    ],
    "camera_intrinsics": {
      "fx": 741.9298441470991,
      "fy": 741.9298441470991,
      "cx": 256.0,
      "cy": 256.0,
      "image_width": 512,
      "image_height": 512,
      "model": "SIMPLE_RADIAL",
      "dist": [
        -0.3094339487592138,
        0.0,
        0.0,
        0.0
      ]
    },
    "visibility": [
      1.0,
      1.0,
      1.0,
      1.0,
      1.0,
      1.0,
      1.0,
      1.0,
      1.0
    ],
    "keypoints_2d_visibility": [
      1.0,
      1.0,
      1.0,
      1.0,
      1.0,
      1.0,
      1.0,
      1.0,
      1.0
    ],
    "pose_6dof": {
      "translation": [
        0.03522294785457838,
        -0.010207747260088081,
        0.17673457664768394
      ],
      "rotation": [
        0.013806169045325722,
        0.36442826735670525,
        -0.9311291143808584,
        -0.7818694774484789,
        -0.5765388116473503,
        -0.23724063500737738,
        -0.623289266657733,
        0.7312968184093589,
        0.27697554667084723
      ]
    },
    "pose_9dof": {
      "translation": [
        0.03522294785457838,
        -0.010207747260088081,
        0.17673457664768394
      ],
      "rotation": [
        0.013806169045325722,
        0.36442826735670525,
        -0.9311291143808584,
        -0.7818694774484789,
        -0.5765388116473503,
        -0.23724063500737738,
        -0.623289266657733,
        0.7312968184093589,
        0.27697554667084723
      ],
      "scale": [
        0.0587993215964777,
        0.011540557216770702,
        0.005696838782149538
      ]
    }
  },
  {
    "frame_id": 9,
    "image": "frame_000009.png",
    "keypoints_2d": [
      [
        0.8630685921499652,
        0.26306286150753855,
        0.23645593199087592
      ],
      [
        0.811253413420157,
        0.42120497558868375,
        0.2500065654830767
      ],
      [
        0.9032980289006555,
        0.11880755088810457,
        0.2133096756870162
      ],
      [
        0.8832352022139714,
        0.08937622928566202,
        0.22221894877200596
      ],
      [
        0.7975785844377048,
        0.3837831631737737,
        0.25891583856806644
      ],
      [
        0.8413823881278133,
        0.4239740314924931,
        0.25069291520974585
      ],
      [
        0.9364270088402373,
        0.12423894798865925,
        0.21399602541368534
      ],
      [
        0.9152439538530777,
        0.09469468984201984,
        0.2229052984986751
      ],
      [
        0.8268026642106432,
        0.38664155133064576,
        0.2596021882947356
      ]
    ],
    "keypoints_3d": [
      [
        0.06123846637807245,
        -0.03996398284788595,
        0.23645593199087592
      ],
      [
        0.054802753968662514,
        -0.01387353246770363,
        0.2500065654830767
      ],
