[
  {
    "frame_id": 0,
    "image": "frame_000000.png",
    "keypoints_2d": [
      [
        0.4643050733655343,
        0.4041933214994944,
        0.27841913140615115
      ],
      [
        0.4700773429703482,
        0.5106978687260216,
        0.2785484952430474
      ],
      [
        0.5121328612348244,
        0.48877993525646024,
        0.29315682850123226
      ],
      [
        0.5067931852620645,
        0.30572555866411233,
        0.2656330334943653
      ],
      [
        0.45998019516087085,
        0.3192336454533988,
        0.2510247002361804
      ],
      [
        0.4254937503321521,
        0.49450891918200796,
        0.29120522931793713
      ],
      [
        0.46790684902252266,
        0.4742715871536926,
        0.3058135625761221
      ],
      [
        0.4586346670435123,
        0.298263046079581,
        0.27828976756925494
      ],
      [
        0.4114472398711364,
        0.3107845308685042,
        0.2636814343110701
      ]
    ],
    "keypoints_3d": [
      [
        -0.011849766976538167,
        -0.03180527100260039,
        0.27841913140615115
      ],
      [
        -0.009928612483429855,
        0.003549651118014696,
        0.2785484952430474
      ],
      [
        0.004236609277220471,
        -0.0039178747257947455,
        0.29315682850123226
      ],
      [
        0.0021576316130979822,
        -0.06170487923890883,
        0.2656330334943653
      ],
      [
        -0.012007590147552316,
        -0.054237353395099386,
        0.2510247002361804
      ],
      [
        -0.025857165566174317,
        -0.001905662766291949,
        0.29120522931793713
      ],
      [
        -0.011691943805523991,
        -0.00937318861010139,
        0.3058135625761221
      ],
      [
        -0.01377092146964648,
        -0.06716019312321542,
        0.27828976756925494
      ],
      [
        -0.027936143230296806,
        -0.059692667279405975,
        0.2636814343110701
      ]
    ],
    "model_matrix": [
      -0.7721444343806909,
      0.16255042065152092,
      0.6143047559647709,
      -0.13362506471655333,
      -0.6302450646991156,
      -0.3193465502312079,
      -0.707678556463197,
      -0.023019977387652175,
      0.08114265756881983,
      -0.9335925993716104,
      0.3490282617800871,
      0.4206021676667713,
      0.0,
      0.0,
      0.0,
      1.0
    ],
    "view_matrix": [
      -0.045340433808868874,
      -0.9366662051279847,
      0.3472760648722628,
      -0.18553548590440908,
      0.27844078364742886,
      0.3220075224775112,
      0.904865672610969,
      -0.3677744607293232,
      -0.9593826009803543,
      0.13772282177996314,
      0.2462061114130497,
      0.04983712135221918,
      0.0,
      0.0,
      0.0,
      1.0
    ],
    "camera_intrinsics": {
      "fx": 429.8597765686903,
      "fy": 429.8597765686903,
      "cx": 256.0,
      "cy": 256.0,
      "image_width": 512,
      "image_height": 512,
      "model": "SIMPLE_RADIAL",
      "dist": [
        -0.07140346730564434,
        0.0,
        0.0,
        0.0
      ]
    },
    "visibility": [
      1.0,
      1.0,
      1.0,
      1.0,
      1.0,
      1.0,
      1.0,
      1.0,
      1.0
    ],
    "keypoints_2d_visibility": [
      1.0,
      1.0,
      1.0,
      1.0,
      1.0,
      1.0,
      1.0,
      1.0,
      1.0
    ],
    "pose_6dof": {
      "translation": [
        -0.13362506471655333,
        -0.023019977387652175,
        0.4206021676667713
      ],
      "rotation": [
        -0.7721444343806909,
        0.16255042065152092,
        0.6143047559647709,
        -0.6302450646991156,
        -0.3193465502312079,
        -0.707678556463197,
        0.08114265756881983,
        -0.9335925993716104,
        0.3490282617800871
      ]
    },
    "pose_9dof": {
      "translation": [
        -0.13362506471655333,
        -0.023019977387652175,
        0.4206021676667713
      ],
      "rotation": [
        -0.7721444343806909,
        0.16255042065152092,
        0.6143047559647709,
        -0.6302450646991156,
        -0.3193465502312079,
        -0.707678556463197,
        0.08114265756881983,
        -0.9335925993716104,
        0.3490282617800871
      ],
      "scale": [
        0.0216753512160369,
        0.06404076303657402,
        0.021063527015402515
      ]
    }
  },
  {
    "frame_id": 1,
    "image": "frame_000001.png",
    "keypoints_2d": [
      [
        0.461197069845716,
        0.40478412387090057,
        0.27800884936464354
      ],
      [
        0.46704421447271866,
        0.5113395995156926,
        0.27812226330124823
      ],
      [
        0.5091203627312094,
        0.4893776150908003,
        0.2927809567255669
      ],
      [
        0.5036290653201632,
        0.3062632336700086,
        0.2652868072830789
      ],
      [
        0.45677765883941196,
        0.3197713990159724,
        0.25062811385876027
      ],
      [
        0.4224337944245168,
        0.4951691441418161,
        0.2907308914462082
      ],
      [
        0.46487935724647717,
        0.4748905367052244,
        0.3053895848705268
      ],
      [
        0.45545964767568764,
        0.29881088018506274,
        0.27789543542803885
      ],
      [
        0.40822099826317326,
        0.3113318654173522,
        0.2632367420037202
      ]
    ],
    "keypoints_3d": [
      [
        -0.012875010377832008,
        -0.031593113932948114,
        0.27800884936464354
      ],
      [
        -0.010928985841149041,
        0.003760502763580309,
        0.27812226330124823
      ],
      [
        0.0031836303948317157,
        -0.0037079388681338643,
        0.2927809567255669
      ],
      [
        0.001152215538555601,
        -0.06151074529154604,
        0.2652868072830789
      ],
      [
        -0.012960400697425156,
        -0.05404230365983187,
        0.25062811385876027
      ],
      [
        -0.026902236294219645,
        -0.0016754825743501844,
        0.2907308914462082
      ],
      [
        -0.012789620058238887,
        -0.009143924206064358,
        0.3053895848705268
      ],
      [
        -0.014821034914515002,
        -0.06694673062947654,
        0.27789543542803885
      ],
      [
        -0.02893365115049576,
        -0.05947828899776236,
        0.2632367420037202
      ]
    ],
    "model_matrix": [
      -0.7721444343806909,
      0.16255042065152092,
      0.6143047559647709,
      -0.13362506471655333,
      -0.6302450646991156,
      -0.3193465502312079,
      -0.707678556463197,
      -0.023019977387652175,
      0.08114265756881983,
      -0.9335925993716104,
      0.3490282617800871,
      0.4206021676667713,
      0.0,
      0.0,
      0.0,
      1.0
    ],
    "view_matrix": [
      -0.04204216223743312,
      -0.9368755066925268,
      0.3471264057285502,
      -0.18606186871054334,
      0.27786959284564683,
      0.32276233629596013,
      0.9047723269643959,
      -0.3675819918892011,
      -0.9596983619691113,
      0.13449445798394227,
      0.24675958908502393,
      0.04907753495798289,
      0.0,
      0.0,
      0.0,
      1.0
    ],
    "camera_intrinsics": {
      "fx": 429.4482734384546,
      "fy": 429.4482734384546,
      "cx": 256.0,
      "cy": 256.0,
      "image_width": 512,
      "image_height": 512,
      "model": "SIMPLE_RADIAL",
      "dist": [
        -0.07111539308508624,
        0.0,
        0.0,
        0.0
      ]
    },
    "visibility": [
      1.0,
      1.0,
      1.0,
      1.0,
      1.0,
      1.0,
      1.0,
      1.0,
      1.0
    ],
    "keypoints_2d_visibility": [
      1.0,
      1.0,
      1.0,
      1.0,
      1.0,
      1.0,
      1.0,
      1.0,
      1.0
    ],
    "pose_6dof": {
      "translation": [
        -0.13362506471655333,
        -0.023019977387652175,
        0.4206021676667713
      ],
      "rotation": [
        -0.7721444343806909,
        0.16255042065152092,
        0.6143047559647709,
        -0.6302450646991156,
        -0.3193465502312079,
        -0.707678556463197,
        0.08114265756881983,
        -0.9335925993716104,
        0.3490282617800871
      ]
    },
    "pose_9dof": {
      "translation": [
        -0.13362506471655333,
        -0.023019977387652175,
        0.4206021676667713
      ],
      "rotation": [
        -0.7721444343806909,
        0.16255042065152092,
        0.6143047559647709,
        -0.6302450646991156,
        -0.3193465502312079,
        -0.707678556463197,
        0.08114265756881983,
        -0.9335925993716104,
        0.3490282617800871
      ],
      "scale": [
        0.0216753512160369,
        0.06404076303657402,
        0.021063527015402515
      ]
    }
  },
  {
    "frame_id": 2,
    "image": "frame_000002.png",
    "keypoints_2d": [
      [
        0.45871108758682216,
        0.4069789411088954,
        0.2789194457121763
      ],
      [
        0.464407179019985,
        0.5133023554331765,
        0.27893906567773663
      ],
      [
        0.5064377572913199,
        0.4914505117629525,
        0.2936594759555645
      ],
      [
        0.5011545469157755,
        0.30882378020315726,
        0.2663222292925276
      ],
      [
        0.4544056381843077,
        0.32222101445783435,
        0.2516018190146997
      ],
      [
        0.4199005794532872,
        0.49712431449944944,
        0.29151666213182503
      ],
      [
        0.4623064481868189,
        0.4769485319448104,
        0.3062370724096529
      ],
      [
        0.45313413216000986,
        0.30129926940029567,
        0.2788998257466159
      ],
      [
        0.40599033033543114,
        0.31371366694143804,
        0.2641794154687881
      ]
    ],
    "keypoints_3d": [
      [
        -0.013731383861660312,
        -0.030935856436950016,
        0.2789194457121763
      ],
      [
        -0.011827050912690262,
        0.0044202069584544645,
        0.27893906567773663
      ],
      [
        0.0022517710622008413,
        -0.002990403231691474,
        0.2936594759555645
      ],
      [
        0.0003676201373613297,
        -0.060872561540477155,
        0.2663222292925276
      ],
      [
        -0.013711201837529802,
        -0.053461951350331216,
        0.2516018190146997
      ],
      [
        -0.027830387860681954,
        -0.0009991513334229318,
        0.29151666213182503
      ],
      [
        -0.013751565885790823,
        -0.00840976152356887,
        0.3062370724096529
      ],
      [
        -0.015635716810630335,
        -0.06629191983235455,
        0.2788998257466159
      ],
      [
        -0.029714538785521466,
        -0.05888130964220861,
        0.2641794154687881
      ]
    ],
    "model_matrix": [
      -0.7721444343806909,
      0.16255042065152092,
      0.6143047559647709,
      -0.13362506471655333,
      -0.6302450646991156,
      -0.3193465502312079,
      -0.707678556463197,
      -0.023019977387652175,
      0.08114265756881983,
      -0.9335925993716104,
      0.3490282617800871,
      0.4206021676667713,
      0.0,
      0.0,
      0.0,
      1.0
    ],
    "view_matrix": [
      -0.03958705966630677,
      -0.9376380598432915,
      0.34535160842290147,
      -0.18586124931678158,
      0.27512312318090537,
      0.3220351175936504,
      0.9058701066530612,
      -0.3677702006546524,
      -0.960593635101837,
      0.13087494706685582,
      0.24521748802254473,
      0.05043379036539047,
      0.0,
      0.0,
      0.0,
      1.0
    ],
    "camera_intrinsics": {
      "fx": 429.86237782045197,
      "fy": 429.86237782045197,
      "cx": 256.0,
      "cy": 256.0,
      "image_width": 512,
      "image_height": 512,
      "model": "SIMPLE_RADIAL",
      "dist": [
        -0.07213295414888556,
        0.0,
        0.0,
        0.0
      ]
    },
    "visibility": [
      1.0,
      1.0,
      1.0,
      1.0,
      1.0,
      1.0,
      1.0,
      1.0,
      1.0
    ],
    "keypoints_2d_visibility": [
      1.0,
      1.0,
      1.0,
      1.0,
      1.0,
      1.0,
      1.0,
      1.0,
      1.0
    ],
    "pose_6dof": {
      "translation": [
        -0.13362506471655333,
        -0.023019977387652175,
        0.4206021676667713
      ],
      "rotation": [
        -0.7721444343806909,
        0.16255042065152092,
        0.6143047559647709,
        -0.6302450646991156,
        -0.3193465502312079,
        -0.707678556463197,
        0.08114265756881983,
        -0.9335925993716104,
        0.3490282617800871
      ]
    },
    "pose_9dof": {
      "translation": [
        -0.13362506471655333,
        -0.023019977387652175,
        0.4206021676667713
      ],
      "rotation": [
        -0.7721444343806909,
        0.16255042065152092,
        0.6143047559647709,
        -0.6302450646991156,
        -0.3193465502312079,
        -0.707678556463197,
        0.08114265756881983,
        -0.9335925993716104,
        0.3490282617800871
      ],
      "scale": [
        0.0216753512160369,
        0.06404076303657402,
        0.021063527015402515
      ]
    }
  },
  {
    "frame_id": 3,
    "image": "frame_000003.png",
    "keypoints_2d": [
      [
        0.46157617635990245,
        0.40449577473148424,
        0.2792425436772236
      ],
      [
        0.46731046996094494,
        0.5107750728905165,
        0.279342056064663
      ],
      [
        0.5093407978461956,
        0.4889425961890554,
        0.2939866436600531
      ],
      [
        0.5039437862954183,
        0.3062970345475825,
        0.26651389441239326
      ],
      [
        0.45718401426073874,
        0.31973152715351955,
        0.25186930681700315
      ],
      [
        0.42285450424265203,
        0.4946398676789078,
        0.291971192942054
      ],
      [
        0.46524124855514526,
        0.47447761658385035,
        0.3066157805374441
      ],
      [
        0.4559554590097692,
        0.29883769238842606,
        0.27914303128978424
      ],
      [
        0.4088238480159615,
        0.31129547180462663,
        0.2644984436943941
      ]
    ],
    "keypoints_3d": [
      [
        -0.012783079117251267,
        -0.03177294584407819,
        0.2792425436772236
      ],
      [
        -0.010868395596625419,
        0.003582423932577128,
        0.279342056064663
      ],
      [
        0.0032680394050977613,
        -0.0038686236408553842,
        0.2939866436600531
      ],
      [
        0.0012558492153151857,
        -0.06168227661073761,
        0.26651389441239326
      ],
      [
        -0.012880585786407994,
        -0.05423122903730515,
        0.25186930681700315
      ],
      [
        -0.02682200744981772,
        -0.0018636150774188343,
        0.291971192942054
      ],
      [
        -0.01268557244809454,
        -0.00931466265085129,
        0.3066157805374441
      ],
      [
        -0.014697762637877115,
        -0.06712831562073351,
        0.27914303128978424
      ],
      [
        -0.028834197639600267,
        -0.05967726804730106,
        0.2644984436943941
      ]
    ],
    "model_matrix": [
      -0.7721444343806909,
      0.16255042065152092,
      0.6143047559647709,
      -0.13362506471655333,
      -0.6302450646991156,
      -0.3193465502312079,
      -0.707678556463197,
      -0.023019977387652175,
      0.08114265756881983,
      -0.9335925993716104,
      0.3490282617800871,
      0.4206021676667713,
      0.0,
      0.0,
      0.0,
      1.0
    ],
    "view_matrix": [
      -0.04341461280390807,
      -0.9370041361160847,
      0.3466098964202227,
      -0.18593904735744715,
      0.27751563964759407,
      0.3219728874461821,
      0.9051621564673125,
      -0.3679912570479454,
      -0.9597396736334673,
      0.13548693166102282,
      0.24605497394486386,
      0.05062491837366623,
      0.0,
      0.0,
      0.0,
      1.0
    ],
    "camera_intrinsics": {
      "fx": 430.2331354512716,
      "fy": 430.2331354512716,
      "cx": 256.0,
      "cy": 256.0,
      "image_width": 512,
      "image_height": 512,
      "model": "SIMPLE_RADIAL",
      "dist": [
        -0.07453781223137007,
        0.0,
        0.0,
        0.0
      ]
    },
    "visibility": [
      1.0,
      1.0,
      1.0,
      1.0,
      1.0,
      1.0,
      1.0,
      1.0,
      1.0
    ],
    "keypoints_2d_visibility": [
      1.0,
      1.0,
      1.0,
      1.0,
      1.0,
      1.0,
      1.0,
      1.0,
      1.0
    ],
    "pose_6dof": {
      "translation": [
        -0.13362506471655333,
        -0.023019977387652175,
        0.4206021676667713
      ],
      "rotation": [
        -0.7721444343806909,
        0.16255042065152092,
        0.6143047559647709,
        -0.6302450646991156,
        -0.3193465502312079,
        -0.707678556463197,
        0.08114265756881983,
        -0.9335925993716104,
        0.3490282617800871
      ]
    },
    "pose_9dof": {
      "translation": [
        -0.13362506471655333,
        -0.023019977387652175,
        0.4206021676667713
      ],
      "rotation": [
        -0.7721444343806909,
        0.16255042065152092,
        0.6143047559647709,
        -0.6302450646991156,
        -0.3193465502312079,
        -0.707678556463197,
        0.08114265756881983,
        -0.9335925993716104,
        0.3490282617800871
      ],
      "scale": [
        0.0216753512160369,
        0.06404076303657402,
        0.021063527015402515
      ]
    }
  },
  {
    "frame_id": 4,
    "image": "frame_000004.png",
    "keypoints_2d": [
      [
        0.46659178232490317,
        0.40203297704734986,
        0.27958143963740356
      ],
      [
        0.4724867013820875,
        0.5081791487941533,
        0.27975498057004833
      ],
      [
        0.5145048618612426,
        0.486334658268554,
        0.29427005382800664
      ],
      [
        0.5086890656802592,
        0.30375414512017124,
        0.2666684425562766
      ],
      [
        0.46190998820036944,
        0.3173072042387921,
        0.25215336929831833
      ],
      [
        0.4281470948536061,
        0.49215538955383,
        0.2924944367185306
      ],
      [
        0.4704886099969559,
        0.47197451221903525,
        0.30700950997648896
      ],
      [
        0.4607946338170934,
        0.296456321510167,
        0.27940789870475885
      ],
      [
        0.4136849443964497,
        0.30903521365363024,
        0.26489282544680054
      ]
    ],
    "keypoints_3d": [
      [
        -0.011127028259859145,
        -0.032629152609388756,
        0.27958143963740356
      ],
      [
        -0.009159894057686857,
        0.0027230517676904986,
        0.27975498057004833
      ],
      [
        0.005079376037680994,
        -0.00478538920269872,
        0.29427005382800664
      ],
      [
        0.002768447890053094,
        -0.06252644908738936,
        0.2666684425562766
      ],
      [
        -0.011470822205314757,
        -0.05501800811700014,
        0.25215336929831833
      ],
      [
        -0.025022504409771357,
        -0.002731856131388155,
        0.2924944367185306
      ],
      [
        -0.010783234314403506,
        -0.01024029710177743,
        0.30700950997648896
      ],
      [
        -0.013094162462031406,
        -0.06798135698646807,
        0.27940789870475885
      ],
      [
        -0.027333432557399284,
        -0.06047291601607879,
        0.26489282544680054
      ]
    ],
    "model_matrix": [
      -0.7721444343806909,
      0.16255042065152092,
      0.6143047559647709,
      -0.13362506471655333,
      -0.6302450646991156,
      -0.3193465502312079,
      -0.707678556463197,
      -0.023019977387652175,
      0.08114265756881983,
      -0.9335925993716104,
      0.3490282617800871,
      0.4206021676667713,
      0.0,
      0.0,
      0.0,
      1.0
    ],
    "view_matrix": [
      -0.050490192782302545,
      -0.9354471293326894,
      0.34984197669238803,
      -0.1865520490401747,
      0.2800030875099344,
      0.32298172630181615,
      0.9040359923476515,
      -0.36801818791414925,
      -0.9586704394199869,
      0.14360178515021998,
      0.24562067478931815,
      0.05147616173488349,
      0.0,
      0.0,
      0.0,
      1.0
    ],
    "camera_intrinsics": {
      "fx": 430.26615157024344,
      "fy": 430.26615157024344,
      "cx": 256.0,
      "cy": 256.0,
      "image_width": 512,
      "image_height": 512,
      "model": "SIMPLE_RADIAL",
      "dist": [
        -0.07337285526986852,
        0.0,
        0.0,
        0.0
      ]
    },
    "visibility": [
      1.0,
      1.0,
      1.0,
      1.0,
      1.0,
      1.0,
      1.0,
      1.0,
      1.0
    ],
    "keypoints_2d_visibility": [
      1.0,
      1.0,
      1.0,
      1.0,
      1.0,
      1.0,
      1.0,
      1.0,
      1.0
    ],
    "pose_6dof": {
      "translation": [
        -0.13362506471655333,
        -0.023019977387652175,
        0.4206021676667713
      ],
      "rotation": [
        -0.7721444343806909,
        0.16255042065152092,
        0.6143047559647709,
        -0.6302450646991156,
        -0.3193465502312079,
        -0.707678556463197,
        0.08114265756881983,
        -0.9335925993716104,
        0.3490282617800871
      ]
    },
    "pose_9dof": {
      "translation": [
        -0.13362506471655333,
        -0.023019977387652175,
        0.4206021676667713
      ],
      "rotation": [
        -0.7721444343806909,
        0.16255042065152092,
        0.6143047559647709,
        -0.6302450646991156,
        -0.3193465502312079,
        -0.707678556463197,
        0.08114265756881983,
        -0.9335925993716104,
        0.3490282617800871
      ],
      "scale": [
        0.0216753512160369,
        0.06404076303657402,
        0.021063527015402515
      ]
    }
  },
  {
    "frame_id": 5,
    "image": "frame_000005.png",
    "keypoints_2d": [
      [
        0.4659157662033695,
        0.40186311225098154,
        0.2796457060141378
      ],
      [
        0.4717195310964844,
        0.508003133101509,
        0.2798166716125711
      ],
      [
        0.5137552342760235,
        0.48620890903161645,
        0.29434433918621844
      ],
      [
        0.508089802938636,
        0.30362886893306096,
        0.26674768537110477
      ],
      [
        0.4613011830109076,
        0.31712086913789145,
        0.2522200177974574
      ],
      [
        0.4273978242818741,
        0.491954141399842,
        0.2925437266571709
      ],
      [
        0.4697580701425607,
        0.4718220709963794,
        0.30707139423081825
      ],
      [
        0.4602108472975653,
        0.29629329539646293,
        0.27947474041570447
      ],
      [
        0.4130894132123095,
        0.30881230354066963,
        0.2649470728420572
      ]
    ],
    "keypoints_3d": [
      [
        -0.011353377832137856,
        -0.03268916568677155,
        0.2796457060141378
      ],
      [
        -0.009416202507926186,
        0.00266470553366005,
        0.2798166716125711
      ],
      [
        0.004817453011469103,
        -0.004830010989553879,
        0.29434433918621844
      ],
      [
        0.0025779225145496354,
        -0.06257625356574897,
        0.26674768537110477
      ],
      [
        -0.01165573300484568,
        -0.05508153704253499,
        0.2522200177974574
      ],
      [
        -0.025284678178825376,
        -0.0028020778077941233,
        0.2925437266571709
      ],
      [
        -0.01105102265943006,
        -0.010296794331008052,
        0.30707139423081825
      ],
      [
        -0.013290553156349555,
        -0.06804303690720309,
        0.27947474041570447
      ],
      [
        -0.027524208675744843,
        -0.06054832038398916,
        0.2649470728420572
      ]
    ],
    "model_matrix": [
      -0.7721444343806909,
      0.16255042065152092,
      0.6143047559647709,
      -0.13362506471655333,
      -0.6302450646991156,
      -0.3193465502312079,
      -0.707678556463197,
      -0.023019977387652175,
      0.08114265756881983,
      -0.9335925993716104,
      0.3490282617800871,
      0.4206021676667713,
      0.0,
      0.0,
      0.0,
      1.0
    ],
    "view_matrix": [
      -0.04993790154099603,
      -0.9358369683097723,
      0.34887730613276663,
      -0.18630783021556765,
      0.2798473644368646,
      0.32220952708938827,
      0.9043597034756544,
      -0.36825293910779355,
      -0.9587448349834395,
      0.14279422046289947,
      0.2458010414847145,
      0.05143603425573694,
      0.0,
      0.0,
      0.0,
      1.0
    ],
    "camera_intrinsics": {
      "fx": 430.32166804725193,
      "fy": 430.32166804725193,
      "cx": 256.0,
      "cy": 256.0,
      "image_width": 512,
      "image_height": 512,
      "model": "SIMPLE_RADIAL",
      "dist": [
        -0.07313757719103874,
        0.0,
        0.0,
        0.0
      ]
    },
    "visibility": [
      1.0,
      1.0,
      1.0,
      1.0,
      1.0,
      1.0,
      1.0,
      1.0,
      1.0
    ],
    "keypoints_2d_visibility": [
      1.0,
      1.0,
      1.0,
      1.0,
      1.0,
      1.0,
      1.0,
      1.0,
      1.0
    ],
    "pose_6dof": {
      "translation": [
        -0.13362506471655333,
        -0.023019977387652175,
        0.4206021676667713
      ],
      "rotation": [
        -0.7721444343806909,
        0.16255042065152092,
        0.6143047559647709,
        -0.6302450646991156,
        -0.3193465502312079,
        -0.707678556463197,
        0.08114265756881983,
        -0.9335925993716104,
        0.3490282617800871
      ]
    },
    "pose_9dof": {
      "translation": [
        -0.13362506471655333,
        -0.023019977387652175,
        0.4206021676667713
      ],
      "rotation": [
        -0.7721444343806909,
        0.16255042065152092,
        0.6143047559647709,
        -0.6302450646991156,
        -0.3193465502312079,
        -0.707678556463197,
        0.08114265756881983,
        -0.9335925993716104,
        0.3490282617800871
      ],
      "scale": [
        0.0216753512160369,
        0.06404076303657402,
        0.021063527015402515
      ]
    }
  },
  {
    "frame_id": 6,
    "image": "frame_000006.png",
    "keypoints_2d": [
      [
        0.46646242705875524,
        0.40210761719285365,
        0.27977160180233984
      ],
      [
        0.4725209483390164,
        0.5081189722752584,
        0.2799511678917751
      ],
      [
        0.5144678897747724,
        0.4862295217908439,
        0.29446046339893894
      ],
      [
        0.5083398753899014,
        0.30388021938413673,
        0.26684873619548777
      ],
      [
        0.46162368518399716,
        0.31750714454953877,
        0.2523394406883239
      ],
      [
        0.42821927974752133,
        0.4921825071325378,
        0.2926944674091919
      ],
      [
        0.47048918816159346,
        0.4719533600746269,
        0.30720376291635576
      ],
      [
        0.4605022994844626,
        0.29666132157071967,
        0.2795920357129046
      ],
      [
        0.4134576776994561,
        0.30931542229018866,
        0.26508274020574074
      ]
    ],
    "keypoints_3d": [
      [
        -0.011183276639511353,
        -0.03264271984592293,
        0.27977160180233984
      ],
      [
        -0.009159446896175094,
        0.0027062540703444715,
        0.2799511678917751
      ],
      [
        0.005072222644582847,
        -0.004827720730981144,
        0.29446046339893894
      ],
      [
        0.0026603183512393935,
        -0.06255981378872999,
        0.26684873619548777
      ],
      [
        -0.01157135118951852,
        -0.05502583898740432,
        0.2523394406883239
      ],
      [
        -0.0250268716302621,
        -0.002725625903115869,
        0.2926944674091919
      ],
      [
        -0.010795202089504158,
        -0.01025960070444154,
        0.30720376291635576
      ],
      [
        -0.013207106382847583,
        -0.06799169376219033,
        0.2795920357129046
      ],
      [
        -0.027438775923605524,
        -0.060457718960864715,
        0.26508274020574074
      ]
    ],
    "model_matrix": [
      -0.7721444343806909,
      0.16255042065152092,
      0.6143047559647709,
      -0.13362506471655333,
      -0.6302450646991156,
      -0.3193465502312079,
      -0.707678556463197,
      -0.023019977387652175,
      0.08114265756881983,
      -0.9335925993716104,
      0.3490282617800871,
      0.4206021676667713,
      0.0,
      0.0,
      0.0,
      1.0
    ],
    "view_matrix": [
      -0.050335329608689305,
      -0.9348843526142019,
      0.3513653395403549,
      -0.18721537842689465,
      0.28026384784634173,
      0.3244531257862547,
      0.9034281071329866,
      -0.36770736161201484,
      -0.958602383777313,
      0.14394935360970956,
      0.24568283092597187,
      0.051657275851744094,
      0.0,
      0.0,
      0.0,
      1.0
    ],
    "camera_intrinsics": {
      "fx": 430.05290299631497,
      "fy": 430.05290299631497,
      "cx": 256.0,
      "cy": 256.0,
      "image_width": 512,
      "image_height": 512,
      "model": "SIMPLE_RADIAL",
      "dist": [
        -0.07348615814302818,
        0.0,
        0.0,
        0.0
      ]
    },
    "visibility": [
      1.0,
      1.0,
      1.0,
      1.0,
      1.0,
      1.0,
      1.0,
      1.0,
      1.0
    ],
    "keypoints_2d_visibility": [
      1.0,
      1.0,
      1.0,
      1.0,
      1.0,
      1.0,
      1.0,
      1.0,
      1.0
    ],
    "pose_6dof": {
      "translation": [
        -0.13362506471655333,
        -0.023019977387652175,
        0.4206021676667713
      ],
      "rotation": [
        -0.7721444343806909,
        0.16255042065152092,
        0.6143047559647709,
        -0.6302450646991156,
        -0.3193465502312079,
        -0.707678556463197,
        0.08114265756881983,
        -0.9335925993716104,
        0.3490282617800871
      ]
    },
    "pose_9dof": {
      "translation": [
        -0.13362506471655333,
        -0.023019977387652175,
        0.4206021676667713
      ],
      "rotation": [
        -0.7721444343806909,
        0.16255042065152092,
        0.6143047559647709,
        -0.6302450646991156,
        -0.3193465502312079,
        -0.707678556463197,
        0.08114265756881983,
        -0.9335925993716104,
        0.3490282617800871
      ],
      "scale": [
        0.0216753512160369,
        0.06404076303657402,
        0.021063527015402515
      ]
    }
  },
  {
    "frame_id": 7,
    "image": "frame_000007.png",
    "keypoints_2d": [
      [
        0.4638724656639062,
        0.39540417127573735,
        0.27947582079160793
      ],
      [
        0.4699863895289089,
        0.5015522865872715,
        0.2799144091557412
      ],
      [
        0.5120130923836679,
        0.4796615886020465,
        0.29439152301961574
      ],
      [
        0.5057395678185769,
        0.29689140359221966,
        0.26635893686444
      ],
      [
        0.4588595158757268,
        0.3105310050351046,
        0.25188182300056544
      ],
      [
        0.4256927951746598,
        0.48563957678853176,
        0.2925927047187759
      ],
      [
        0.4680410523797398,
        0.4654014856221132,
        0.3070698185826505
      ],
      [
        0.45785382310267503,
        0.2896726700294001,
        0.27903723242747475
      ],
      [
        0.41064765232605915,
        0.30234376833822235,
        0.2645601185636002
      ]
    ],
    "keypoints_3d": [
      [
        -0.012030032698727156,
        -0.034829147984401065,
        0.27947582079160793
      ],
      [
        -0.009998058374963287,
        0.0005170938007993953,
        0.2799144091557412
      ],
      [
        0.004208591250942806,
        -0.007125231167278423,
        0.29439152301961574
      ],
      [
        0.0018270724815993844,
        -0.06465541291660493,
        0.26635893686444
      ],
      [
        -0.01237957714430668,
        -0.05701308794852711,
        0.25188182300056544
      ],
      [
        -0.025887137879053695,
        -0.00500288305219726,
        0.2925927047187759
      ],
      [
        -0.011680488253147603,
        -0.012645208020275078,
        0.3070698185826505
      ],
      [
        -0.014062007022491024,
        -0.07017538976960158,
        0.27903723242747475
      ],
      [
        -0.02826865664839709,
        -0.06253306480152376,
        0.2645601185636002
      ]
    ],
    "model_matrix": [
      -0.7721444343806909,
      0.16255042065152092,
      0.6143047559647709,
      -0.13362506471655333,
      -0.6302450646991156,
      -0.3193465502312079,
      -0.707678556463197,
      -0.023019977387652175,
      0.08114265756881983,
      -0.9335925993716104,
      0.3490282617800871,
      0.4206021676667713,
      0.0,
      0.0,
      0.0,
      1.0
    ],
    "view_matrix": [
      -0.0487353677071104,
      -0.9350359227027596,
      0.3511875384888408,
      -0.18777704510579893,
      0.2872054119832756,
      0.3236369031341346,
      0.9015387990859092,
      -0.36819036516046516,
      -0.9566284102314593,
      0.1447997865507588,
      0.25277481392117596,
      0.04866194071005966,
      0.0,
      0.0,
      0.0,
      1.0
    ],
    "camera_intrinsics": {
      "fx": 430.2673965023687,
      "fy": 430.2673965023687,
      "cx": 256.0,
      "cy": 256.0,
      "image_width": 512,
      "image_height": 512,
      "model": "SIMPLE_RADIAL",
      "dist": [
        -0.07316479469970846,
        0.0,
        0.0,
        0.0
      ]
    },
    "visibility": [
      1.0,
      1.0,
      1.0,
      1.0,
      1.0,
      1.0,
      1.0,
      1.0,
      1.0
    ],
    "keypoints_2d_visibility": [
      1.0,
      1.0,
      1.0,
      1.0,
      1.0,
      1.0,
      1.0,
      1.0,
      1.0
    ],
    "pose_6dof": {
      "translation": [
        -0.13362506471655333,
        -0.023019977387652175,
        0.4206021676667713
      ],
      "rotation": [
        -0.7721444343806909,
        0.16255042065152092,
        0.6143047559647709,
        -0.6302450646991156,
        -0.3193465502312079,
        -0.707678556463197,
        0.08114265756881983,
        -0.9335925993716104,
        0.3490282617800871
      ]
    },
    "pose_9dof": {
      "translation": [
        -0.13362506471655333,
        -0.023019977387652175,
        0.4206021676667713
      ],
      "rotation": [
        -0.7721444343806909,
        0.16255042065152092,
        0.6143047559647709,
        -0.6302450646991156,
        -0.3193465502312079,
        -0.707678556463197,
        0.08114265756881983,
        -0.9335925993716104,
        0.3490282617800871
      ],
      "scale": [
        0.0216753512160369,
        0.06404076303657402,
        0.021063527015402515
      ]
    }
  },
  {
    "frame_id": 8,
    "image": "frame_000008.png",
    "keypoints_2d": [
      [
        0.4671266083115027,
        0.3933665130854872,
        0.2791653471675957
      ],
      [
        0.4732304412074415,
        0.4995331390853186,
        0.2796597133795147
      ],
      [
        0.5152882101598651,
        0.47766896443642304,
        0.2940598898116632
      ],
      [
        0.5089893431406693,
        0.2947519813595296,
        0.26593274082055873
      ],
      [
        0.4620611579678176,
        0.30839302657579515,
        0.2515325643884102
      ],
      [
        0.42897335499536593,
        0.4836366538111345,
        0.2923979535146327
      ],
      [
        0.47133378207032517,
        0.4634243790521135,
        0.30679812994678124
      ],
      [
        0.4611101161858589,
        0.28759950689372243,
        0.2786709809556768
      ],
      [
        0.41387850987876407,
        0.3002758465647151,
        0.26427080452352825
      ]
    ],
    "keypoints_3d": [
      [
        -0.010944475082061478,
        -0.03550128175114925,
        0.2791653471675957
      ],
      [
        -0.008917070970849483,
        -0.0001555136542214508,
        0.2796597133795147
      ],
      [
        0.005354812242956447,
        -0.007821615570647533,
        0.2940598898116632
      ],
      [
        0.002860010390680956,
        -0.06530081862407128,
        0.26593274082055873
      ],
      [
        -0.011411872823124974,
        -0.057634716707645195,
        0.2515325643884102
      ],
      [
        -0.02474896055480391,
        -0.005701744878227166,
        0.2923979535146327
      ],
      [
        -0.010477077340997981,
        -0.013367846794653249,
        0.30679812994678124
      ],
      [
        -0.012971879193273445,
        -0.07084704984807699,
        0.2786709809556768
      ],
      [
        -0.027243762407079375,
        -0.06318094793165091,
        0.26427080452352825
      ]
    ],
    "model_matrix": [
      -0.7721444343806909,
      0.16255042065152092,
      0.6143047559647709,
      -0.13362506471655333,
      -0.6302450646991156,
      -0.3193465502312079,
      -0.707678556463197,
      -0.023019977387652175,
      0.08114265756881983,
      -0.9335925993716104,
      0.3490282617800871,
      0.4206021676667713,
      0.0,
      0.0,
      0.0,
      1.0
    ],
    "view_matrix": [
      -0.05301464166880282,
      -0.9344463639002755,
      0.35213554316808604,
      -0.18764846694195117,
      0.28894751029890753,
      0.3231919672614653,
      0.90114165844762,
      -0.3684729151274392,
      -0.9558759250346206,
      0.14952239060160294,
      0.2528720440222493,
      0.04851983701636059,
      0.0,
      0.0,
      0.0,
      1.0
    ],
    "camera_intrinsics": {
      "fx": 429.8843203885021,
      "fy": 429.8843203885021,
      "cx": 256.0,
      "cy": 256.0,
      "image_width": 512,
      "image_height": 512,
      "model": "SIMPLE_RADIAL",
      "dist": [
        -0.07413711469919025,
        0.0,
        0.0,
        0.0
      ]
    },
    "visibility": [
      1.0,
      1.0,
      1.0,
      1.0,
      1.0,
      1.0,
      1.0,
      1.0,
      1.0
    ],
    "keypoints_2d_visibility": [
      1.0,
      1.0,
      1.0,
      1.0,
      1.0,
      1.0,
      1.0,
      1.0,
      1.0
    ],
    "pose_6dof": {
      "translation": [
        -0.13362506471655333,
        -0.023019977387652175,
        0.4206021676667713
      ],
      "rotation": [
        -0.7721444343806909,
        0.16255042065152092,
        0.6143047559647709,
        -0.6302450646991156,
        -0.3193465502312079,
        -0.707678556463197,
        0.08114265756881983,
        -0.9335925993716104,
        0.3490282617800871
      ]
    },
    "pose_9dof": {
      "translation": [
        -0.13362506471655333,
        -0.023019977387652175,
        0.4206021676667713
      ],
      "rotation": [
        -0.7721444343806909,
        0.16255042065152092,
        0.6143047559647709,
        -0.6302450646991156,
        -0.3193465502312079,
        -0.707678556463197,
        0.08114265756881983,
        -0.9335925993716104,
        0.3490282617800871
      ],
      "scale": [
        0.0216753512160369,
        0.06404076303657402,
        0.021063527015402515
      ]
    }
  },
  {
    "frame_id": 9,
    "image": "frame_000009.png",
    "keypoints_2d": [
      [
        0.468280864102417,
        0.3902057231108302,
        0.27931028283951914
      ],
      [
        0.47473891088945996,
        0.4964227060319526,
        0.27988517601384716
      ],
      [
        0.5168278554084212,
        0.4744614279676855,
        0.29421304049928226
      ],
      [
        0.5097753530538915,
        0.29127134628122303,
        0.2659522298373331
      ],
      [
        0.46275747486234137,
        0.30506185204693514,
        0.25162436535189797
      ],
      [
        0.4304877082935524,
        0.4807116198489879,
        0.2926683358417052
      ],
      [
        0.47286285237908154,
        0.46039540299333953,
        0.30699620032714037
      ],
      [
        0.46190496631274447,
        0.2843490837363695,
        0.2787353896651911
      ],
      [
        0.4146076282323586,
        0.29718169331239375,
        0.2644075251797561
      ]
    ],
    "keypoints_3d": [
      [
        -0.010553038837704809,
        -0.03652884088363223,
        0.27931028283951914
      ],
      [
        -0.008410740720639576,
