[
  {
    "frame_id": 0,
    "image": "frame_000000.png",
    "keypoints_2d": [
      [
        0.5823944963720893,
        0.4438102881888121,
        0.4171893759812749
      ],
      [
        0.5718588217967839,
        0.525390625,
        0.41874922356401895
      ],
      [
        0.619140625,
        0.5156287405252382,
        0.4216260428869672
      ],
      [
        0.6077699935499694,
        0.3726449914616665,
        0.3958328543516761
      ],
      [
        0.5572254058097594,
        0.3821550815030685,
        0.3929560350287278
      ],
      [
        0.5596159491128202,
        0.5078183655760172,
        0.43854589761087365
      ],
      [
        0.6048321892644013,
        0.4985987590744275,
        0.44142271693382196
      ],
      [
        0.5931298654233743,
        0.361328125,
        0.41562952839853085
      ],
      [
        0.544921875,
        0.3702996809387326,
        0.41275270907558254
      ]
    ],
    "keypoints_3d": [
      [
        0.03809499566501093,
        -0.03467806556226777,
        0.4171893759812749
      ],
      [
        0.033493367213999536,
        0.0010539958347679512,
        0.41874922356401895
      ],
      [
        0.055229272354827,
        -0.0032595858146917678,
        0.4216260428869672
      ],
      [
        0.04691353250541805,
        -0.06236417602298333,
        0.3958328543516761
      ],
      [
        0.025177627364590588,
        -0.058050594373523556,
        0.3929560350287278
      ],
      [
        0.029276458824603807,
        -0.006991955101552261,
        0.43854589761087365
      ],
      [
        0.05101236396543127,
        -0.01130553675101198,
        0.44142271693382196
      ],
      [
        0.04269662411602229,
        -0.07041012695930354,
        0.41562952839853085
      ],
      [
        0.02096071897519486,
        -0.06609654530984371,
        0.41275270907558254
      ]
    ],
    "model_matrix": [
      -0.9889447377278326,
      0.058221520642406425,
      0.13637653850466364,
      -0.017415786084024512,
      -0.14822970726689094,
      -0.4131588963738018,
      -0.898514151380352,
      -0.1890798012339763,
      0.0040323199277806565,
      -0.9087958961622065,
      0.41722147537576737,
      0.5030092305474941,
      0.0,
      0.0,
      0.0,
      1.0
    ],
    "view_matrix": [
      -0.9429983924436487,
      -0.26529832354440414,
      0.2009249396496654,
      -0.1295577161898296,
      0.1883575496647224,
      0.07226825906604595,
      0.9794379675180374,
      -0.510399541120512,
      -0.2743637463897055,
      0.9614541581667277,
      -0.018177909970999107,
      0.603346333294159,
      0.0,
      0.0,
      0.0,
      1.0
    ],
    "camera_intrinsics": {
      "fx": 490.32555130515016,
      "fy": 490.32555130515016,
      "cx": 256.0,
      "cy": 256.0,
      "image_width": 512,
      "image_height": 512,
      "model": "SIMPLE_RADIAL",
      "dist": [
        0.07440637093330307,
        0.0,
        0.0,
        0.0
      ]
    },
    "visibility": [
      1.0,
      1.0,
      1.0,
      1.0,
      1.0,
      1.0,
      1.0,
      1.0,
      1.0
    ],
    "keypoints_2d_visibility": [
      1.0,
      1.0,
      1.0,
      1.0,
      1.0,
      1.0,
      1.0,
      1.0,
      1.0
    ],
    "pose_6dof": {
      "translation": [
        -0.017415786084024512,
        -0.1890798012339763,
        0.5030092305474941
      ],
      "rotation": [
        -0.9889447377278326,
        0.058221520642406425,
        0.13637653850466364,
        -0.14822970726689094,
        -0.4131588963738018,
        -0.898514151380352,
        0.0040323199277806565,
        -0.9087958961622065,
        0.41722147537576737
      ]
    },
    "pose_9dof": {
      "translation": [
        -0.017415786084024512,
        -0.1890798012339763,
        0.5030092305474941
      ],
      "rotation": [
        -0.9889447377278326,
        0.058221520642406425,
        0.13637653850466364,
        -0.14822970726689094,
        -0.4131588963738018,
        -0.898514151380352,
        0.0040323199277806565,
        -0.9087958961622065,
        0.41722147537576737
      ],
      "scale": [
        0.022345752355973487,
        0.0650214786647473,
        0.021781366948647633
      ]
    }
  },
  {
    "frame_id": 1,
    "image": "frame_000001.png",
    "keypoints_2d": [
      [
        0.5833760563313316,
        0.4447805429543274,
        0.41722878571155686
      ],
      [
        0.5725527707258626,
        0.52734375,
        0.4187423697886248
      ],
      [
        0.62109375,
        0.5174761566399968,
        0.42162134529364004
      ],
      [
        0.609431509651064,
        0.3727671824785042,
        0.3959072782019587
      ],
      [
        0.5575528925164874,
        0.3823752793620937,
        0.39302830269694344
      ],
      [
        0.5599820166371143,
        0.5095662343277549,
        0.438550293221155
      ],
      [
        0.6064012317330713,
        0.5002472100258258,
        0.4414292687261703
      ],
      [
        0.5944012949726761,
        0.361328125,
        0.41571520163448894
      ],
      [
        0.544921875,
        0.37039195402726965,
        0.4128362261294737
      ]
    ],
    "keypoints_3d": [
      [
        0.03820831260778021,
        -0.03423221488171385,
        0.41722878571155686
      ],
      [
        0.033599139265146516,
        0.0015008636996689528,
        0.4187423697886248
      ],
      [
        0.05533644937061993,
        -0.0028041912099111554,
        0.42162134529364004
      ],
      [
        0.04702944195507511,
        -0.061944474174678854,
        0.3959072782019587
      ],
      [
        0.025292131849601718,
        -0.057639419265098635,
        0.39302830269694344
      ],
      [
        0.02938718326048531,
        -0.00651995558874896,
        0.438550293221155
      ],
      [
        0.05112449336595873,
        -0.010825010498329068,
        0.4414292687261703
      ],
      [
        0.0428174859504139,
        -0.06996529346309677,
        0.41571520163448894
      ],
      [
        0.021080175844940513,
        -0.06566023855351655,
        0.4128362261294737
      ]
    ],
    "model_matrix": [
      -0.9889447377278326,
      0.058221520642406425,
      0.13637653850466364,
      -0.017415786084024512,
      -0.14822970726689094,
      -0.4131588963738018,
      -0.898514151380352,
      -0.1890798012339763,
      0.0040323199277806565,
      -0.9087958961622065,
      0.41722147537576737,
      0.5030092305474941,
      0.0,
      0.0,
      0.0,
      1.0
    ],
    "view_matrix": [
      -0.9430837597178047,
      -0.26515883755746783,
      0.20070827840849642,
      -0.1293105293983509,
      0.1877908728487956,
      0.07347521413133085,
      0.9794569827118711,
      -0.5097449135563397,
      -0.27445875870741965,
      0.9614011565280789,
      -0.019498871640557414,
      0.6040385226839268,
      0.0,
      0.0,
      0.0,
      1.0
    ],
    "camera_intrinsics": {
      "fx": 490.5277671986479,
      "fy": 490.5277671986479,
      "cx": 256.0,
      "cy": 256.0,
      "image_width": 512,
      "image_height": 512,
      "model": "SIMPLE_RADIAL",
      "dist": [
        0.07402546687323394,
        0.0,
        0.0,
        0.0
      ]
    },
    "visibility": [
      1.0,
      1.0,
      1.0,
      1.0,
      1.0,
      1.0,
      1.0,
      1.0,
      1.0
    ],
    "keypoints_2d_visibility": [
      1.0,
      1.0,
      1.0,
      1.0,
      1.0,
      1.0,
      1.0,
      1.0,
      1.0
    ],
    "pose_6dof": {
      "translation": [
        -0.017415786084024512,
        -0.1890798012339763,
        0.5030092305474941
      ],
      "rotation": [
        -0.9889447377278326,
        0.058221520642406425,
        0.13637653850466364,
        -0.14822970726689094,
        -0.4131588963738018,
        -0.898514151380352,
        0.0040323199277806565,
        -0.9087958961622065,
        0.41722147537576737
      ]
    },
    "pose_9dof": {
      "translation": [
        -0.017415786084024512,
        -0.1890798012339763,
        0.5030092305474941
      ],
      "rotation": [
        -0.9889447377278326,
        0.058221520642406425,
        0.13637653850466364,
        -0.14822970726689094,
        -0.4131588963738018,
        -0.898514151380352,
        0.0040323199277806565,
        -0.9087958961622065,
        0.41722147537576737
      ],
      "scale": [
        0.022345752355973487,
        0.0650214786647473,
        0.021781366948647633
      ]
    }
  },
  {
    "frame_id": 2,
    "image": "frame_000002.png",
    "keypoints_2d": [
      [
        0.5804367517536955,
        0.44672025077074734,
        0.41734161112525653
      ],
      [
        0.5698742913798002,
        0.529296875,
        0.4188050480665117
      ],
      [
        0.6171875,
        0.5194419447267515,
        0.42172348888960287
      ],
      [
        0.6058354754177815,
        0.37472675045913206,
        0.3960673142490716
      ],
      [
        0.5552777604642042,
        0.38430159616286874,
        0.3931488734259804
      ],
      [
        0.5576234823573027,
        0.5115098267948222,
        0.4386159080014414
      ],
      [
        0.6028703508992713,
        0.5022046972734272,
        0.44153434882453263
      ],
      [
        0.5911905824706485,
        0.36328125,
        0.4158781741840013
      ],
      [
        0.54296875,
        0.3723123659952594,
        0.41295973336091013
      ]
    ],
    "keypoints_3d": [
      [
        0.03756107828444313,
        -0.03372566362529733,
        0.41734161112525653
      ],
      [
        0.03293908147260691,
        0.002007847514169936,
        0.4188050480665117
      ],
      [
        0.054673076726716924,
        -0.002287359327291183,
        0.42172348888960287
      ],
      [
        0.0464239503049593,
        -0.06146087793014782,
        0.3960673142490716
      ],
      [
        0.024689955050849338,
        -0.0571656710886867,
        0.3931488734259804
      ],
      [
        0.02869820626392694,
        -0.0059904493204469,
        0.4386159080014414
      ],
      [
        0.05043220151803693,
        -0.010285656161907963,
        0.44153434882453263
      ],
      [
        0.04218307509627933,
        -0.06945917476476454,
        0.4158781741840013
      ],
      [
        0.020449079842169343,
        -0.06516396792330342,
        0.41295973336091013
      ]
    ],
    "model_matrix": [
      -0.9889447377278326,
      0.058221520642406425,
      0.13637653850466364,
      -0.017415786084024512,
      -0.14822970726689094,
      -0.4131588963738018,
      -0.898514151380352,
      -0.1890798012339763,
      0.0040323199277806565,
      -0.9087958961622065,
      0.41722147537576737,
      0.5030092305474941,
      0.0,
      0.0,
      0.0,
      1.0
    ],
    "view_matrix": [
      -0.9427041605664924,
      -0.266697596174788,
      0.20045263242276354,
      -0.13011350858700496,
      0.18718425539673808,
      0.07455015803428933,
      0.9794918725893704,
      -0.5090632267706288,
      -0.27617190331783315,
      0.9608926402734348,
      -0.020357153193736877,
      0.604457085728866,
      0.0,
      0.0,
      0.0,
      1.0
    ],
    "camera_intrinsics": {
      "fx": 490.54101169501786,
      "fy": 490.54101169501786,
      "cx": 256.0,
      "cy": 256.0,
      "image_width": 512,
      "image_height": 512,
      "model": "SIMPLE_RADIAL",
      "dist": [
        0.07342814035816132,
        0.0,
        0.0,
        0.0
      ]
    },
    "visibility": [
      1.0,
      1.0,
      1.0,
      1.0,
      1.0,
      1.0,
      1.0,
      1.0,
      1.0
    ],
    "keypoints_2d_visibility": [
      1.0,
      1.0,
      1.0,
      1.0,
      1.0,
      1.0,
      1.0,
      1.0,
      1.0
    ],
    "pose_6dof": {
      "translation": [
        -0.017415786084024512,
        -0.1890798012339763,
        0.5030092305474941
      ],
      "rotation": [
        -0.9889447377278326,
        0.058221520642406425,
        0.13637653850466364,
        -0.14822970726689094,
        -0.4131588963738018,
        -0.898514151380352,
        0.0040323199277806565,
        -0.9087958961622065,
        0.41722147537576737
      ]
    },
    "pose_9dof": {
      "translation": [
        -0.017415786084024512,
        -0.1890798012339763,
        0.5030092305474941
      ],
      "rotation": [
        -0.9889447377278326,
        0.058221520642406425,
        0.13637653850466364,
        -0.14822970726689094,
        -0.4131588963738018,
        -0.898514151380352,
        0.0040323199277806565,
        -0.9087958961622065,
        0.41722147537576737
      ],
      "scale": [
        0.022345752355973487,
        0.0650214786647473,
        0.021781366948647633
      ]
    }
  },
  {
    "frame_id": 3,
    "image": "frame_000003.png",
    "keypoints_2d": [
      [
        0.5804366388569372,
        0.4467217756394618,
        0.4177480968704812
      ],
      [
        0.5697730154925983,
        0.529296875,
        0.4192162970378729
      ],
      [
        0.6171875,
        0.5194882892309576,
        0.4221374350678541
      ],
      [
        0.6059580523171089,
        0.3747635197776706,
        0.3964709179010767
      ],
      [
        0.5552945569061163,
        0.38428963277763634,
        0.3935497798710954
      ],
      [
        0.5575119063099546,
        0.5114838119976501,
        0.4390252758398858
      ],
      [
        0.6028575277527408,
        0.5022225556464177,
        0.44194641386986705
      ],
      [
        0.5912938728993768,
        0.36328125,
        0.4162798967030896
      ],
      [
        0.54296875,
        0.3722662161541196,
        0.41335875867310834
      ]
    ],
    "keypoints_3d": [
      [
        0.03759408907361733,
        -0.033649804992718246,
        0.4177480968704812
      ],
      [
        0.0329362782589529,
        0.002078860071167754,
        0.4192162970378729
      ],
      [
        0.05467409036192397,
        -0.002195145771155982,
        0.4221374350678541
      ],
      [
        0.046487862283101644,
        -0.061372914013285707,
        0.3964709179010767
      ],
      [
        0.0247500501801306,
        -0.057098908170961915,
        0.3935497798710954
      ],
      [
        0.02870031586413299,
        -0.005926695972150786,
        0.4390252758398858
      ],
      [
        0.05043812796710406,
        -0.010200701814474578,
        0.44194641386986705
      ],
      [
        0.04225189988828176,
        -0.0693784700566043,
        0.4162798967030896
      ],
      [
        0.020514087785310692,
        -0.06510446421428046,
        0.41335875867310834
      ]
    ],
    "model_matrix": [
      -0.9889447377278326,
      0.058221520642406425,
      0.13637653850466364,
      -0.017415786084024512,
      -0.14822970726689094,
      -0.4131588963738018,
      -0.898514151380352,
      -0.1890798012339763,
      0.0040323199277806565,
      -0.9087958961622065,
      0.41722147537576737,
      0.5030092305474941,
      0.0,
      0.0,
      0.0,
      1.0
    ],
    "view_matrix": [
      -0.9428475204009595,
      -0.26691992222257255,
      0.19948009523373672,
      -0.1296358367038339,
      0.18628761925480283,
      0.07413707174550022,
      0.9796941448765434,
      -0.5091828348622015,
      -0.27628875508449935,
      0.9608628672780001,
      -0.020176077422513927,
      0.6047648241523064,
      0.0,
      0.0,
      0.0,
      1.0
    ],
    "camera_intrinsics": {
      "fx": 490.5776869195525,
      "fy": 490.5776869195525,
      "cx": 256.0,
      "cy": 256.0,
      "image_width": 512,
      "image_height": 512,
      "model": "SIMPLE_RADIAL",
      "dist": [
        0.07412286835514945,
        0.0,
        0.0,
        0.0
      ]
    },
    "visibility": [
      1.0,
      1.0,
      1.0,
      1.0,
      1.0,
      1.0,
      1.0,
      1.0,
      1.0
    ],
    "keypoints_2d_visibility": [
      1.0,
      1.0,
      1.0,
      1.0,
      1.0,
      1.0,
      1.0,
      1.0,
      1.0
    ],
    "pose_6dof": {
      "translation": [
        -0.017415786084024512,
        -0.1890798012339763,
        0.5030092305474941
      ],
      "rotation": [
        -0.9889447377278326,
        0.058221520642406425,
        0.13637653850466364,
        -0.14822970726689094,
        -0.4131588963738018,
        -0.898514151380352,
        0.0040323199277806565,
        -0.9087958961622065,
        0.41722147537576737
      ]
    },
    "pose_9dof": {
      "translation": [
        -0.017415786084024512,
        -0.1890798012339763,
        0.5030092305474941
      ],
      "rotation": [
        -0.9889447377278326,
        0.058221520642406425,
        0.13637653850466364,
        -0.14822970726689094,
        -0.4131588963738018,
        -0.898514151380352,
        0.0040323199277806565,
        -0.9087958961622065,
        0.41722147537576737
      ],
      "scale": [
        0.022345752355973487,
        0.0650214786647473,
        0.021781366948647633
      ]
    }
  },
  {
    "frame_id": 4,
    "image": "frame_000004.png",
    "keypoints_2d": [
      [
        0.5833639283869971,
        0.44671684631071146,
        0.4178340457733769
      ],
      [
        0.5725008567731322,
        0.529296875,
        0.41928365057319217
      ],
      [
        0.62109375,
        0.5194621853315976,
        0.42211550478968424
      ],
      [
        0.6093926347475241,
        0.3747006073966704,
        0.3965486929494584
      ],
      [
        0.5574864492366519,
        0.3842867546644655,
        0.39371683873296637
      ],
      [
        0.5599857243554935,
        0.5115308797241681,
        0.4391193985972953
      ],
      [
        0.6064520383027647,
        0.502241169050869,
        0.44195125281378744
      ],
      [
        0.5944257581244349,
        0.36328125,
        0.4163844409735616
      ],
      [
        0.544921875,
        0.37232618494904346,
        0.4135525867570695
      ]
    ],
    "keypoints_3d": [
      [
        0.038818783413427066,
        -0.03358852812403823,
        0.4178340457733769
      ],
      [
        0.034189758685691296,
        0.002144637094823154,
        0.41928365057319217
      ],
      [
        0.05593730234354918,
        -0.002139939302044702,
        0.42211550478968424
      ],
      [
        0.04760318216634113,
        -0.06134022022155167,
        0.3965486929494584
      ],
      [
        0.02585563850848327,
        -0.057055643824683755,
        0.39371683873296637
      ],
      [
        0.030034384660513003,
        -0.00583683602652485,
        0.4391193985972953
      ],
      [
        0.05178192831837086,
        -0.010121412423392706,
        0.44195125281378744
      ],
      [
        0.043447808141162836,
        -0.06932169334289967,
        0.4163844409735616
      ],
      [
        0.021700264483304976,
        -0.0650371169460317,
        0.4135525867570695
      ]
    ],
    "model_matrix": [
      -0.9889447377278326,
      0.058221520642406425,
      0.13637653850466364,
      -0.017415786084024512,
      -0.14822970726689094,
      -0.4131588963738018,
      -0.898514151380352,
      -0.1890798012339763,
      0.0040323199277806565,
      -0.9087958961622065,
      0.41722147537576737,
      0.5030092305474941,
      0.0,
      0.0,
      0.0,
      1.0
    ],
    "view_matrix": [
      -0.943915206815402,
      -0.262720350007714,
      0.20000525001724745,
      -0.1278998403861418,
      0.18658448974639957,
      0.07534369773201943,
      0.9795455861766424,
      -0.5088135127615221,
      -0.2724156943509553,
      0.9619258520821086,
      -0.022098519574771602,
      0.6060862205556826,
      0.0,
      0.0,
      0.0,
      1.0
    ],
    "camera_intrinsics": {
      "fx": 490.44452959499716,
      "fy": 490.44452959499716,
      "cx": 256.0,
      "cy": 256.0,
      "image_width": 512,
      "image_height": 512,
      "model": "SIMPLE_RADIAL",
      "dist": [
        0.07348139417242003,
        0.0,
        0.0,
        0.0
      ]
    },
    "visibility": [
      1.0,
      1.0,
      1.0,
      1.0,
      1.0,
      1.0,
      1.0,
      1.0,
      1.0
    ],
    "keypoints_2d_visibility": [
      1.0,
      1.0,
      1.0,
      1.0,
      1.0,
      1.0,
      1.0,
      1.0,
      1.0
    ],
    "pose_6dof": {
      "translation": [
        -0.017415786084024512,
        -0.1890798012339763,
        0.5030092305474941
      ],
      "rotation": [
        -0.9889447377278326,
        0.058221520642406425,
        0.13637653850466364,
        -0.14822970726689094,
        -0.4131588963738018,
        -0.898514151380352,
        0.0040323199277806565,
        -0.9087958961622065,
        0.41722147537576737
      ]
    },
    "pose_9dof": {
      "translation": [
        -0.017415786084024512,
        -0.1890798012339763,
        0.5030092305474941
      ],
      "rotation": [
        -0.9889447377278326,
        0.058221520642406425,
        0.13637653850466364,
        -0.14822970726689094,
        -0.4131588963738018,
        -0.898514151380352,
        0.0040323199277806565,
        -0.9087958961622065,
        0.41722147537576737
      ],
      "scale": [
        0.022345752355973487,
        0.0650214786647473,
        0.021781366948647633
      ]
    }
  },
  {
    "frame_id": 5,
    "image": "frame_000005.png",
    "keypoints_2d": [
      [
        0.5853084830469442,
        0.4476844664534361,
        0.41795695475289674
      ],
      [
        0.5742385986383469,
        0.529296875,
        0.4193881762124777
      ],
      [
        0.623046875,
        0.5196796353323834,
        0.42216730401002256
      ],
      [
        0.6115222441736146,
        0.37654997892961894,
        0.3966725061555907
      ],
      [
        0.5594000758827685,
        0.3859342229369477,
        0.39389337835804583
      ],
      [
        0.561764923646698,
        0.5117068409320953,
        0.43924140335020284
      ],
      [
        0.6084329399180305,
        0.5026216835693971,
        0.4420205311477477
      ],
      [
        0.5965808046329004,
        0.365234375,
        0.41652573329331577
      ],
      [
        0.546875,
        0.37408936380111757,
        0.4137466054957709
      ]
    ],
    "keypoints_3d": [
      [
        0.039495708226490206,
        -0.03315266677257661,
        0.41795695475289674
      ],
      [
        0.034793179386284484,
        0.002571640753318838,
        0.4193881762124777
      ],
      [
        0.056557199434693645,
        -0.0016635131248600166,
        0.42216730401002256
      ],
      [
        0.048284958004159995,
        -0.0609035164319735,
        0.3966725061555907
      ],
      [
        0.026520937955750862,
        -0.05666836255379459,
        0.39389337835804583
      ],
      [
        0.030706458448820417,
        -0.005401817113179774,
        0.43924140335020284
      ],
      [
        0.05247047849722955,
        -0.009636970991358684,
        0.4420205311477477
      ],
      [
        0.04419823706669593,
        -0.06887697429847206,
        0.41652573329331577
      ],
      [
        0.022434217018286795,
        -0.06464182042029315,
        0.4137466054957709
      ]
    ],
    "model_matrix": [
      -0.9889447377278326,
      0.058221520642406425,
      0.13637653850466364,
      -0.017415786084024512,
      -0.14822970726689094,
      -0.4131588963738018,
      -0.898514151380352,
      -0.1890798012339763,
      0.0040323199277806565,
      -0.9087958961622065,
      0.41722147537576737,
      0.5030092305474941,
      0.0,
      0.0,
      0.0,
      1.0
    ],
    "view_matrix": [
      -0.9450188343986154,
      -0.26039079176128,
      0.19782830484492425,
      -0.12570664018871125,
      0.18431146918686128,
      0.07559890027280236,
      0.9799561666746751,
      -0.5085755099845976,
      -0.27012716442087653,
      0.9625390599053508,
      -0.023449375225369495,
      0.6070444241576334,
      0.0,
      0.0,
      0.0,
      1.0
    ],
    "camera_intrinsics": {
      "fx": 490.2612803991435,
      "fy": 490.2612803991435,
      "cx": 256.0,
      "cy": 256.0,
      "image_width": 512,
      "image_height": 512,
      "model": "SIMPLE_RADIAL",
      "dist": [
        0.07406428898293695,
        0.0,
        0.0,
        0.0
      ]
    },
    "visibility": [
      1.0,
      1.0,
      1.0,
      1.0,
      1.0,
      1.0,
      1.0,
      1.0,
      1.0
    ],
    "keypoints_2d_visibility": [
      1.0,
      1.0,
      1.0,
      1.0,
      1.0,
      1.0,
      1.0,
      1.0,
      1.0
    ],
    "pose_6dof": {
      "translation": [
        -0.017415786084024512,
        -0.1890798012339763,
        0.5030092305474941
      ],
      "rotation": [
        -0.9889447377278326,
        0.058221520642406425,
        0.13637653850466364,
        -0.14822970726689094,
        -0.4131588963738018,
        -0.898514151380352,
        0.0040323199277806565,
        -0.9087958961622065,
        0.41722147537576737
      ]
    },
    "pose_9dof": {
      "translation": [
        -0.017415786084024512,
        -0.1890798012339763,
        0.5030092305474941
      ],
      "rotation": [
        -0.9889447377278326,
        0.058221520642406425,
        0.13637653850466364,
        -0.14822970726689094,
        -0.4131588963738018,
        -0.898514151380352,
        0.0040323199277806565,
        -0.9087958961622065,
        0.41722147537576737
      ],
      "scale": [
        0.022345752355973487,
        0.0650214786647473,
        0.021781366948647633
      ]
    }
  },
  {
    "frame_id": 6,
    "image": "frame_000006.png",
    "keypoints_2d": [
      [
        0.5833536025503646,
        0.44767587856666863,
        0.4182554338688913
      ],
      [
        0.572422052440094,
        0.529296875,
        0.4196480713247034
      ],
      [
        0.62109375,
        0.5196281779536215,
        0.42243550321161405
      ],
      [
        0.6093237269730211,
        0.37649579784186227,
        0.39700187293714806
      ],
      [
        0.5573560349454177,
        0.3859284079957176,
        0.3942144410502373
      ],
      [
        0.5600222713794173,
        0.5117551689059611,
        0.43950899480063454
      ],
      [
        0.6065606732004336,
        0.5026209301711503,
        0.44229642668754526
      ],
      [
        0.594481828992459,
        0.365234375,
        0.4168627964130792
      ],
      [
        0.544921875,
        0.37413571789122035,
        0.4140753645261685
      ]
    ],
    "keypoints_3d": [
      [
        0.03879826719711113,
        -0.03308966296928817,
        0.4182554338688913
      ],
      [
        0.034136973767413786,
        0.002641573016093246,
        0.4196480713247034
      ],
      [
        0.05589557542747994,
        -0.0016159057717454184,
        0.42243550321161405
      ],
      [
        0.04755900645502348,
        -0.06087318175182599,
        0.39700187293714806
      ],
      [
        0.02580040479495735,
        -0.056615702963987324,
        0.3942144410502373
      ],
      [
        0.030037527939198755,
        -0.00530614418675035,
        0.43950899480063454
      ],
      [
        0.051796129599264884,
        -0.009563622974588959,
        0.44229642668754526
      ],
      [
        0.04345956062680845,
        -0.06882089895466953,
        0.4168627964130792
      ],
      [
        0.021700958966742318,
        -0.06456342016683086,
        0.4140753645261685
      ]
    ],
    "model_matrix": [
      -0.9889447377278326,
      0.058221520642406425,
      0.13637653850466364,
      -0.017415786084024512,
      -0.14822970726689094,
      -0.4131588963738018,
      -0.898514151380352,
      -0.1890798012339763,
      0.0040323199277806565,
      -0.9087958961622065,
      0.41722147537576737,
      0.5030092305474941,
      0.0,
      0.0,
      0.0,
      1.0
    ],
    "view_matrix": [
      -0.9447569631359827,
      -0.2604710204813434,
      0.19897016885825705,
      -0.12698905829337803,
      0.1851228588929275,
      0.07691858668074247,
      0.9797004940992662,
      -0.5081202434826244,
      -0.27048809164431803,
      0.9624127900814934,
      -0.024450230390945737,
      0.6078161817558417,
      0.0,
      0.0,
      0.0,
      1.0
    ],
    "camera_intrinsics": {
      "fx": 490.48796278783897,
      "fy": 490.48796278783897,
      "cx": 256.0,
      "cy": 256.0,
      "image_width": 512,
      "image_height": 512,
      "model": "SIMPLE_RADIAL",
      "dist": [
        0.07405316922761145,
        0.0,
        0.0,
        0.0
      ]
    },
    "visibility": [
      1.0,
      1.0,
      1.0,
      1.0,
      1.0,
      1.0,
      1.0,
      1.0,
      1.0
    ],
    "keypoints_2d_visibility": [
      1.0,
      1.0,
      1.0,
      1.0,
      1.0,
      1.0,
      1.0,
      1.0,
      1.0
    ],
    "pose_6dof": {
      "translation": [
        -0.017415786084024512,
        -0.1890798012339763,
        0.5030092305474941
      ],
      "rotation": [
        -0.9889447377278326,
        0.058221520642406425,
        0.13637653850466364,
        -0.14822970726689094,
        -0.4131588963738018,
        -0.898514151380352,
        0.0040323199277806565,
        -0.9087958961622065,
        0.41722147537576737
      ]
    },
    "pose_9dof": {
      "translation": [
        -0.017415786084024512,
        -0.1890798012339763,
        0.5030092305474941
      ],
      "rotation": [
        -0.9889447377278326,
        0.058221520642406425,
        0.13637653850466364,
        -0.14822970726689094,
        -0.4131588963738018,
        -0.898514151380352,
        0.0040323199277806565,
        -0.9087958961622065,
        0.41722147537576737
      ],
      "scale": [
        0.022345752355973487,
        0.0650214786647473,
        0.021781366948647633
      ]
    }
  },
  {
    "frame_id": 7,
    "image": "frame_000007.png",
    "keypoints_2d": [
      [
        0.5755419178442334,
        0.44958556297095026,
        0.41948860324711623
      ],
      [
        0.5652723770083191,
        0.53125,
        0.4206951715665693
      ],
      [
        0.61328125,
        0.521300922803299,
        0.4236303047704947
      ],
      [
        0.6006241824688606,
        0.3782785903635376,
        0.39841070431847997
      ],
      [
        0.5493920671359759,
        0.38794166610000486,
        0.39547557111455456
      ],
      [
        0.5529745728445374,
        0.5138632547421984,
        0.44056650217575244
      ],
      [
        0.5988901433737431,
        0.5044657544588513,
        0.4435016353796778
      ],
      [
        0.5859812547612,
        0.3671875,
        0.418282034927663
      ],
      [
        0.537109375,
        0.3763064258170289,
        0.41534690172373767
      ]
    ],
    "keypoints_3d": [
      [
        0.035565340874401496,
        -0.03226387282791571,
        0.41948860324711623
      ],
      [
        0.03111235382639957,
        0.003500682527979637,
        0.4206951715665693
      ],
      [
        0.052827960935212775,
        -0.00087539440522999,
        0.4236303047704947
      ],
      [
        0.04428287622246682,
        -0.06019441300839751,
        0.39841070431847997
      ],
      [
        0.022567269113653615,
        -0.055818336075187824,
        0.39547557111455456
      ],
      [
        0.0268478055263362,
        -0.004333332647433963,
        0.44056650217575244
      ],
      [
        0.048563412635149406,
        -0.00870940958064359,
        0.4435016353796778
      ],
      [
        0.04001832792240345,
        -0.068028428183811,
        0.418282034927663
      ],
      [
        0.018302720813590245,
        -0.06365235125060131,
        0.41534690172373767
      ]
    ],
    "model_matrix": [
      -0.9889447377278326,
      0.058221520642406425,
      0.13637653850466364,
      -0.017415786084024512,
      -0.14822970726689094,
      -0.4131588963738018,
      -0.898514151380352,
      -0.1890798012339763,
      0.0040323199277806565,
      -0.9087958961622065,
      0.41722147537576737,
      0.5030092305474941,
      0.0,
      0.0,
      0.0,
      1.0
    ],
    "view_matrix": [
      -0.9420071516552696,
      -0.26567159421762504,
      0.20503933831387058,
      -0.13421026619385742,
      0.18960440572983245,
      0.08278800710470602,
      0.9783641015529276,
      -0.50543439704665,
      -0.27689834878193365,
      0.9605023424778807,
      -0.0276143900229896,
      0.6101680859156992,
      0.0,
      0.0,
      0.0,
      1.0
    ],
    "camera_intrinsics": {
      "fx": 490.44897212551166,
      "fy": 490.44897212551166,
      "cx": 256.0,
      "cy": 256.0,
      "image_width": 512,
      "image_height": 512,
      "model": "SIMPLE_RADIAL",
      "dist": [
        0.0736578557948317,
        0.0,
        0.0,
        0.0
      ]
    },
    "visibility": [
      1.0,
      1.0,
      1.0,
      1.0,
      1.0,
      1.0,
      1.0,
      1.0,
      1.0
    ],
    "keypoints_2d_visibility": [
      1.0,
      1.0,
      1.0,
      1.0,
      1.0,
      1.0,
      1.0,
      1.0,
      1.0
    ],
    "pose_6dof": {
      "translation": [
        -0.017415786084024512,
        -0.1890798012339763,
        0.5030092305474941
      ],
      "rotation": [
        -0.9889447377278326,
        0.058221520642406425,
        0.13637653850466364,
        -0.14822970726689094,
        -0.4131588963738018,
        -0.898514151380352,
        0.0040323199277806565,
        -0.9087958961622065,
        0.41722147537576737
      ]
    },
    "pose_9dof": {
      "translation": [
        -0.017415786084024512,
        -0.1890798012339763,
        0.5030092305474941
      ],
      "rotation": [
        -0.9889447377278326,
        0.058221520642406425,
        0.13637653850466364,
        -0.14822970726689094,
        -0.4131588963738018,
        -0.898514151380352,
        0.0040323199277806565,
        -0.9087958961622065,
        0.41722147537576737
      ],
      "scale": [
        0.022345752355973487,
        0.0650214786647473,
        0.021781366948647633
      ]
    }
  },
  {
    "frame_id": 8,
    "image": "frame_000008.png",
    "keypoints_2d": [
      [
        0.5687156794440354,
        0.44764222272589643,
        0.4205968080512137
      ],
      [
        0.5586439369372331,
        0.529296875,
        0.42184114082833557
      ],
      [
        0.60546875,
        0.5193939280449189,
        0.4248819347188598
      ],
      [
        0.5931065377147788,
        0.37628452016824454,
        0.399517026563446
      ],
      [
        0.5431212594183976,
        0.38585643397309055,
        0.39647623267292165
      ],
      [
        0.5467590036282464,
        0.5119806613403574,
        0.4416765895389815
      ],
      [
        0.5915561406216103,
        0.5026294766039365,
        0.4447173834295058
      ],
      [
        0.5789473937517532,
        0.365234375,
        0.41935247527409186
      ],
      [
        0.53125,
        0.37426545452631427,
        0.41631168138356756
      ]
    ],
    "keypoints_3d": [
      [
        0.03249108701322237,
        -0.03371310174336967,
        0.4205968080512137
      ],
      [
        0.028007321635106996,
        0.0020463138634027045,
        0.42184114082833557
      ],
      [
        0.04971034064528432,
        -0.0023200561064609104,
        0.4248819347188598
      ],
      [
        0.04133749649997176,
        -0.06160166879484791,
        0.399517026563446
      ],
      [
        0.01963447748979444,
        -0.05723529882498418,
        0.39647623267292165
      ],
      [
        0.02364467752647295,
        -0.005824534691891481,
        0.4416765895389815
      ],
      [
        0.04534769653665027,
        -0.010190904661755151,
        0.4447173834295058
      ],
      [
        0.03697485239133774,
        -0.0694725173501421,
        0.41935247527409186
      ],
      [
        0.015271833381160421,
        -0.06510614738027837,
        0.41631168138356756
      ]
    ],
    "model_matrix": [
      -0.9889447377278326,
      0.058221520642406425,
      0.13637653850466364,
      -0.017415786084024512,
      -0.14822970726689094,
      -0.4131588963738018,
      -0.898514151380352,
      -0.1890798012339763,
      0.0040323199277806565,
      -0.9087958961622065,
      0.41722147537576737,
      0.5030092305474941,
      0.0,
      0.0,
      0.0,
      1.0
    ],
    "view_matrix": [
      -0.9406816257092048,
      -0.2707291406720957,
      0.2045087075017527,
      -0.1379508026605458,
      0.189438923067348,
      0.08096649967366787,
      0.978548578435265,
      -0.5073237118103997,
      -0.281479969944883,
      0.9592445769049431,
      -0.024877061689139834,
      0.6095817787022091,
      0.0,
      0.0,
      0.0,
      1.0
    ],
    "camera_intrinsics": {
      "fx": 490.37180179331517,
      "fy": 490.37180179331517,
      "cx": 256.0,
      "cy": 256.0,
      "image_width": 512,
      "image_height": 512,
      "model": "SIMPLE_RADIAL",
      "dist": [
        0.07325789389133064,
        0.0,
        0.0,
        0.0
      ]
    },
    "visibility": [
      1.0,
      1.0,
      1.0,
      1.0,
      1.0,
      1.0,
      1.0,
      1.0,
      1.0
    ],
    "keypoints_2d_visibility": [
      1.0,
      1.0,
      1.0,
      1.0,
      1.0,
      1.0,
      1.0,
      1.0,
      1.0
    ],
    "pose_6dof": {
      "translation": [
        -0.017415786084024512,
        -0.1890798012339763,
        0.5030092305474941
      ],
      "rotation": [
        -0.9889447377278326,
        0.058221520642406425,
        0.13637653850466364,
        -0.14822970726689094,
        -0.4131588963738018,
        -0.898514151380352,
        0.0040323199277806565,
        -0.9087958961622065,
        0.41722147537576737
      ]
    },
    "pose_9dof": {
      "translation": [
        -0.017415786084024512,
        -0.1890798012339763,
        0.5030092305474941
      ],
      "rotation": [
        -0.9889447377278326,
        0.058221520642406425,
        0.13637653850466364,
        -0.14822970726689094,
        -0.4131588963738018,
        -0.898514151380352,
        0.0040323199277806565,
        -0.9087958961622065,
        0.41722147537576737
      ],
      "scale": [
        0.022345752355973487,
        0.0650214786647473,
        0.021781366948647633
      ]
    }
  },
  {
    "frame_id": 9,
    "image": "frame_000009.png",
    "keypoints_2d": [
      [
        0.5667444224512461,
        0.4514970638570083,
        0.42282272363471207
      ],
      [
        0.5569821182177014,
        0.533203125,
        0.42384800226230246
      ],
      [
        0.603515625,
        0.5231772484702559,
        0.42692447100855746
      ],
      [
        0.5906374674181981,
        0.38010844296461377,
        0.40191642617271894
      ],
      [
        0.541022880405051,
        0.38978716969052346,
        0.39883995742646383
      ],
      [
        0.5452031834900504,
        0.5159615393109026,
        0.44372902109670526
      ],
      [
        0.5897270974369379,
        0.5064923354282119,
        0.4468054898429603
      ],
      [
        0.5766493522639677,
        0.369140625,
        0.4217974450071217
      ],
      [
        0.529296875,
        0.3782753090129747,
        0.4187209762608667
      ]
    ],
    "keypoints_3d": [
      [
        0.031454607542474255,
        -0.031806673572948585,
        0.42282272363471207
      ],
      [
        0.027063891374933896,
        0.003971234915893906,
        0.42384800226230246
      ],
      [
        0.04875416900813076,
        -0.0004332905526045483,
        0.42692447100855746
      ],
      [
        0.040236652627962444,
        -0.059845766481086526,
        0.40191642617271894
      ],
      [
        0.018546374994765608,
        -0.055441241012588016,
