[
  {
    "frame_id": 0,
    "image": "frame_000000.png",
    "keypoints_2d": [
      [
        0.5014920376185397,
        0.48691663103181626,
        0.203113980468546
      ],
      [
        0.39242326097333824,
        0.6918393389022385,
        0.20658560311515412
      ],
      [
        0.5823060457967764,
        0.708619668771973,
        0.20414704117943303
      ],
      [
        0.6051135216978448,
        0.3408248696302091,
        0.17809619937764806
      ],
      [
        0.38763776407182954,
        0.32656613384451094,
        0.18053476131336915
      ],
      [
        0.42069162825474776,
        0.6008063777490484,
        0.22813176155944398
      ],
      [
        0.5924635554320736,
        0.6149919750404063,
        0.2256931996237229
      ],
      [
        0.6144610111972704,
        0.27460055067030587,
        0.1996423578219379
      ],
      [
        0.4198047865047196,
        0.2627088756011138,
        0.20208091975765902
      ]
    ],
    "keypoints_3d": [
      [
        0.00020911657936521777,
        -0.0018336999893327488,
        0.203113980468546
      ],
      [
        -0.01529373879383046,
        0.02727300312407495,
        0.20658560311515412
      ],
      [
        0.011561751006415003,
        0.029305364411964005,
        0.20414704117943303
      ],
      [
        0.012891365724340041,
        -0.019521606608472714,
        0.17809619937764806
      ],
      [
        -0.01396412407590543,
        -0.02155396789636177,
        0.18053476131336915
      ],
      [
        -0.012473132565609613,
        0.015854206629807216,
        0.22813176155944398
      ],
      [
        0.014382357234635865,
        0.017886567917696272,
        0.2256931996237229
      ],
      [
        0.015711971952560883,
        -0.03094040310274046,
        0.1996423578219379
      ],
      [
        -0.011143517847684567,
        -0.032972764390629516,
        0.20208091975765902
      ]
    ],
    "model_matrix": [
      -0.8269406341794585,
      -0.4385797171399787,
      -0.3518764261161738,
      0.12359950343400956,
      0.4531303514435616,
      -0.14925864943130537,
      -0.8788599092975949,
      -0.0001996806490214085,
      0.33292953029659206,
      -0.8862108593801807,
      0.3221618235811498,
      0.08649406428666577,
      0.0,
      0.0,
      0.0,
      1.0
    ],
    "view_matrix": [
      -0.7913254427539593,
      0.5473968941961054,
      0.2723245928569591,
      0.07457139208414783,
      0.16100735929598978,
      -0.24311527722257975,
      0.9565414743927837,
      -0.10451783484287257,
      0.589814101139319,
      0.8007818693036489,
      0.10424837596706804,
      0.12135628536006055,
      0.0,
      0.0,
      0.0,
      1.0
    ],
    "camera_intrinsics": {
      "fx": 741.9879190377801,
      "fy": 741.9879190377801,
      "cx": 256.0,
      "cy": 256.0,
      "image_width": 512,
      "image_height": 512,
      "model": "SIMPLE_RADIAL",
      "dist": [
        0.11854843144239581,
        0.0,
        0.0,
        0.0
      ]
    },
    "visibility": [
      1.0,
      1.0,
      1.0,
      1.0,
      1.0,
      1.0,
      1.0,
      1.0,
      1.0
    ],
    "keypoints_2d_visibility": [
      1.0,
      1.0,
      1.0,
      1.0,
      1.0,
      1.0,
      1.0,
      1.0,
      1.0
    ],
    "pose_6dof": {
      "translation": [
        0.12359950343400956,
        -0.0001996806490214085,
        0.08649406428666577
      ],
      "rotation": [
        -0.8269406341794585,
        -0.4385797171399787,
        -0.3518764261161738,
        0.4531303514435616,
        -0.14925864943130537,
        -0.8788599092975949,
        0.33292953029659206,
        -0.8862108593801807,
        0.3221618235811498
      ]
    },
    "pose_9dof": {
      "translation": [
        0.12359950343400956,
        -0.0001996806490214085,
        0.08649406428666577
      ],
      "rotation": [
        -0.8269406341794585,
        -0.4385797171399787,
        -0.3518764261161738,
        0.4531303514435616,
        -0.14925864943130537,
        -0.8788599092975949,
        0.33292953029659206,
        -0.8862108593801807,
        0.3221618235811498
      ],
      "scale": [
        0.027042455678616642,
        0.055357811850815786,
        0.02454753911451457
      ]
    }
  },
  {
    "frame_id": 1,
    "image": "frame_000001.png",
    "keypoints_2d": [
      [
        0.49968205889676076,
        0.4901361807585618,
        0.2025666328946315
      ],
      [
        0.39006009401513997,
        0.6953784232728298,
        0.2059579344750491
      ],
      [
        0.5803513322439904,
        0.7124303067832516,
        0.20355795294151358
      ],
      [
        0.6037632413610605,
        0.34398839896344435,
        0.17760289032767768
      ],
      [
        0.3858685029591143,
        0.32935433262050196,
        0.18000287186121314
      ],
      [
        0.41852037388857904,
        0.6040747278945745,
        0.22753037546158533
      ],
      [
        0.5905777346990841,
        0.6185124682633453,
        0.22513039392804984
      ],
      [
        0.6131114944297028,
        0.2776973339331268,
        0.19917533131421392
      ],
      [
        0.4181707251584223,
        0.2654634404021372,
        0.20157531284774943
      ]
    ],
    "keypoints_3d": [
      [
        -4.447979569650873e-05,
        -0.0013799432038595072,
        0.2025666328946315
      ],
      [
        -0.015593410599719484,
        0.02771164800557914,
        0.2059579344750491
      ],
      [
        0.011263046557883585,
        0.029776885694192137,
        0.20355795294151358
      ],
      [
        0.012702049430555383,
        -0.01909796804834729,
        0.17760289032767768
      ],
      [
        -0.014154407727047666,
        -0.021163205736960303,
        0.18000287186121314
      ],
      [
        -0.012791009021948394,
        0.016338081640628277,
        0.22753037546158533
      ],
      [
        0.014065448135654676,
        0.018403319329241274,
        0.22513039392804984
      ],
      [
        0.01550445100832648,
        -0.03047153441329814,
        0.19917533131421392
      ],
      [
        -0.011352006149276575,
        -0.03253677210191114,
        0.20157531284774943
      ]
    ],
    "model_matrix": [
      -0.8269406341794585,
      -0.4385797171399787,
      -0.3518764261161738,
      0.12359950343400956,
      0.4531303514435616,
      -0.14925864943130537,
      -0.8788599092975949,
      -0.0001996806490214085,
      0.33292953029659206,
      -0.8862108593801807,
      0.3221618235811498,
      0.08649406428666577,
      0.0,
      0.0,
      0.0,
      1.0
    ],
    "view_matrix": [
      -0.7924826206521527,
      0.5464663958719568,
      0.2708242495549709,
      0.07459040731019258,
      0.16102972852960154,
      -0.24081594235285753,
      0.957119171492448,
      -0.10411635112096342,
      0.5882522609340164,
      0.8021110646858208,
      0.10284511371279748,
      0.12112361973019321,
      0.0,
      0.0,
      0.0,
      1.0
    ],
    "camera_intrinsics": {
      "fx": 741.343248056536,
      "fy": 741.343248056536,
      "cx": 256.0,
      "cy": 256.0,
      "image_width": 512,
      "image_height": 512,
      "model": "SIMPLE_RADIAL",
      "dist": [
        0.12028604293747207,
        0.0,
        0.0,
        0.0
      ]
    },
    "visibility": [
      1.0,
      1.0,
      1.0,
      1.0,
      1.0,
      1.0,
      1.0,
      1.0,
      1.0
    ],
    "keypoints_2d_visibility": [
      1.0,
      1.0,
      1.0,
      1.0,
      1.0,
      1.0,
      1.0,
      1.0,
      1.0
    ],
    "pose_6dof": {
      "translation": [
        0.12359950343400956,
        -0.0001996806490214085,
        0.08649406428666577
      ],
      "rotation": [
        -0.8269406341794585,
        -0.4385797171399787,
        -0.3518764261161738,
        0.4531303514435616,
        -0.14925864943130537,
        -0.8788599092975949,
        0.33292953029659206,
        -0.8862108593801807,
        0.3221618235811498
      ]
    },
    "pose_9dof": {
      "translation": [
        0.12359950343400956,
        -0.0001996806490214085,
        0.08649406428666577
      ],
      "rotation": [
        -0.8269406341794585,
        -0.4385797171399787,
        -0.3518764261161738,
        0.4531303514435616,
        -0.14925864943130537,
        -0.8788599092975949,
        0.33292953029659206,
        -0.8862108593801807,
        0.3221618235811498
      ],
      "scale": [
        0.027042455678616642,
        0.055357811850815786,
        0.02454753911451457
      ]
    }
  },
  {
    "frame_id": 2,
    "image": "frame_000002.png",
    "keypoints_2d": [
      [
        0.4975294917318173,
        0.4904913358293177,
        0.2035271870651152
      ],
      [
        0.3880532166466825,
        0.694570975541082,
        0.20686433217443928
      ],
      [
        0.5773830430107582,
        0.7117938470145502,
        0.20451446225558323
      ],
      [
        0.601327407663925,
        0.34529144532652084,
        0.17860280087401031
      ],
      [
        0.3847145789846874,
        0.3303108943508012,
        0.18095267079286634
      ],
      [
        0.41644590090497735,
        0.6038859937849705,
        0.22845157325622006
      ],
      [
        0.5877117457034424,
        0.6185189973685804,
        0.226101703337364
      ],
      [
        0.6107038559478196,
        0.2794327656161747,
        0.2001900419557911
      ],
      [
        0.4168380039411334,
        0.2668505960985962,
        0.20253991187464712
      ]
    ],
    "keypoints_3d": [
      [
        -0.0003473438695928005,
        -0.0013368812605251829,
        0.2035271870651152
      ],
      [
        -0.01595441136261473,
        0.02772983099666504,
        0.20686433217443928
      ],
      [
        0.01090292171393313,
        0.029840797720648793,
        0.20451446225558323
      ],
      [
        0.012478798602743854,
        -0.019052859837242392,
        0.17860280087401031
      ],
      [
        -0.014378534473804036,
        -0.021163826561226146,
        0.18095267079286634
      ],
      [
        -0.013173486341929469,
        0.016379097316192026,
        0.22845157325622006
      ],
      [
        0.013683846734618414,
        0.018490064040175794,
        0.226101703337364
      ],
      [
        0.015259723623429117,
        -0.030403593517715405,
        0.2001900419557911
      ],
      [
        -0.01159760945311876,
        -0.03251456024169917,
        0.20253991187464712
      ]
    ],
    "model_matrix": [
      -0.8269406341794585,
      -0.4385797171399787,
      -0.3518764261161738,
      0.12359950343400956,
      0.4531303514435616,
      -0.14925864943130537,
      -0.8788599092975949,
      -0.0001996806490214085,
      0.33292953029659206,
      -0.8862108593801807,
      0.3221618235811498,
      0.08649406428666577,
      0.0,
      0.0,
      0.0,
      1.0
    ],
    "view_matrix": [
      -0.793901663969908,
      0.5453431145648353,
      0.2689257059905836,
      0.07462692473729089,
      0.16010763511205986,
      -0.23918153096112804,
      0.9576835283254655,
      -0.10400780604496934,
      0.5865881801780806,
      0.8033636055011543,
      0.10257301902329019,
      0.12231363813951389,
      0.0,
      0.0,
      0.0,
      1.0
    ],
    "camera_intrinsics": {
      "fx": 741.1682542655577,
      "fy": 741.1682542655577,
      "cx": 256.0,
      "cy": 256.0,
      "image_width": 512,
      "image_height": 512,
      "model": "SIMPLE_RADIAL",
      "dist": [
        0.11275278232271839,
        0.0,
        0.0,
        0.0
      ]
    },
    "visibility": [
      1.0,
      1.0,
      1.0,
      1.0,
      1.0,
      1.0,
      1.0,
      1.0,
      1.0
    ],
    "keypoints_2d_visibility": [
      1.0,
      1.0,
      1.0,
      1.0,
      1.0,
      1.0,
      1.0,
      1.0,
      1.0
    ],
    "pose_6dof": {
      "translation": [
        0.12359950343400956,
        -0.0001996806490214085,
        0.08649406428666577
      ],
      "rotation": [
        -0.8269406341794585,
        -0.4385797171399787,
        -0.3518764261161738,
        0.4531303514435616,
        -0.14925864943130537,
        -0.8788599092975949,
        0.33292953029659206,
        -0.8862108593801807,
        0.3221618235811498
      ]
    },
    "pose_9dof": {
      "translation": [
        0.12359950343400956,
        -0.0001996806490214085,
        0.08649406428666577
      ],
      "rotation": [
        -0.8269406341794585,
        -0.4385797171399787,
        -0.3518764261161738,
        0.4531303514435616,
        -0.14925864943130537,
        -0.8788599092975949,
        0.33292953029659206,
        -0.8862108593801807,
        0.3221618235811498
      ],
      "scale": [
        0.027042455678616642,
        0.055357811850815786,
        0.02454753911451457
      ]
    }
  },
  {
    "frame_id": 3,
    "image": "frame_000003.png",
    "keypoints_2d": [
      [
        0.496730262076479,
        0.48980303382642676,
        0.2042075913426491
      ],
      [
        0.38699009024039627,
        0.6930712559130192,
        0.2075325194308383
      ],
      [
        0.5757832019289378,
        0.710662977942106,
        0.20523453890090598
      ],
      [
        0.6008188013023523,
        0.3453638140321637,
        0.17929694348922443
      ],
      [
        0.3848812351166461,
        0.3298218400821731,
        0.18159492401915678
      ],
      [
        0.4153414806806398,
        0.6027064959325761,
        0.22911823919607371
      ],
      [
        0.5861640381632838,
        0.6177061235279795,
        0.2268202586661414
      ],
      [
        0.6101493302322036,
        0.27961914651115805,
        0.20088266325445986
      ],
      [
        0.4168080847919533,
        0.2665079915588491,
        0.2031806437843922
      ]
    ],
    "keypoints_3d": [
      [
        -0.00046099723266512793,
        -0.0014376605396355518,
        0.2042075913426491
      ],
      [
        -0.016147740291053217,
        0.027587531967619372,
        0.2075325194308383
      ],
      [
        0.0107085505685095,
        0.029767746608558937,
        0.20523453890090598
      ],
      [
        0.012456811885343776,
        -0.019106296190643746,
        0.17929694348922443
      ],
      [
        -0.014399478974218921,
        -0.02128651083158334,
        0.18159492401915678
      ],
      [
        -0.013378806350674038,
        0.016230975111372656,
        0.22911823919607371
      ],
      [
        0.013477484508888679,
        0.018411189752312235,
        0.2268202586661414
      ],
      [
        0.015225745825722961,
        -0.030462853046890462,
        0.20088266325445986
      ],
      [
        -0.011630545033839743,
        -0.03264306768783004,
        0.2031806437843922
      ]
    ],
    "model_matrix": [
      -0.8269406341794585,
      -0.4385797171399787,
      -0.3518764261161738,
      0.12359950343400956,
      0.4531303514435616,
      -0.14925864943130537,
      -0.8788599092975949,
      -0.0001996806490214085,
      0.33292953029659206,
      -0.8862108593801807,
      0.3221618235811498,
      0.08649406428666577,
      0.0,
      0.0,
      0.0,
      1.0
    ],
    "view_matrix": [
      -0.7954074185011845,
      0.5444315499184529,
      0.26631058192770707,
      0.07492539257356969,
      0.15775120622020927,
      -0.23828256483118926,
      0.9582984797199355,
      -0.10387034202247561,
      0.5851850951018419,
      0.8042485354359447,
      0.10364698606224276,
      0.12307474796502135,
      0.0,
      0.0,
      0.0,
      1.0
    ],
    "camera_intrinsics": {
      "fx": 741.5726166281516,
      "fy": 741.5726166281516,
      "cx": 256.0,
      "cy": 256.0,
      "image_width": 512,
      "image_height": 512,
      "model": "SIMPLE_RADIAL",
      "dist": [
        0.11732713746216993,
        0.0,
        0.0,
        0.0
      ]
    },
    "visibility": [
      1.0,
      1.0,
      1.0,
      1.0,
      1.0,
      1.0,
      1.0,
      1.0,
      1.0
    ],
    "keypoints_2d_visibility": [
      1.0,
      1.0,
      1.0,
      1.0,
      1.0,
      1.0,
      1.0,
      1.0,
      1.0
    ],
    "pose_6dof": {
      "translation": [
        0.12359950343400956,
        -0.0001996806490214085,
        0.08649406428666577
      ],
      "rotation": [
        -0.8269406341794585,
        -0.4385797171399787,
        -0.3518764261161738,
        0.4531303514435616,
        -0.14925864943130537,
        -0.8788599092975949,
        0.33292953029659206,
        -0.8862108593801807,
        0.3221618235811498
      ]
    },
    "pose_9dof": {
      "translation": [
        0.12359950343400956,
        -0.0001996806490214085,
        0.08649406428666577
      ],
      "rotation": [
        -0.8269406341794585,
        -0.4385797171399787,
        -0.3518764261161738,
        0.4531303514435616,
        -0.14925864943130537,
        -0.8788599092975949,
        0.33292953029659206,
        -0.8862108593801807,
        0.3221618235811498
      ],
      "scale": [
        0.027042455678616642,
        0.055357811850815786,
        0.02454753911451457
      ]
    }
  },
  {
    "frame_id": 4,
    "image": "frame_000004.png",
    "keypoints_2d": [
      [
        0.4947757524173843,
        0.49792455202813163,
        0.20490193685989228
      ],
      [
        0.38478148090114,
        0.7007178591315293,
        0.20804220656966171
      ],
      [
        0.5732736549159168,
        0.7185860905145183,
        0.20578711992072282
      ],
      [
        0.598868713348196,
        0.3543220774093956,
        0.1801108773557465
      ],
      [
        0.3837348356000839,
        0.33838034568527453,
        0.18236596400468535
      ],
      [
        0.41319155253383877,
        0.6104516232867051,
        0.22969299636403806
      ],
      [
        0.583710544070992,
        0.6257233831364097,
        0.2274379097150992
      ],
      [
        0.6081785177849138,
        0.2887730880001108,
        0.20176166715012284
      ],
      [
        0.4155438004676554,
        0.2752790656963997,
        0.20401675379906173
      ]
    ],
    "keypoints_3d": [
      [
        -0.0007384579706226635,
        -0.00029336877190486166,
        0.20490193685989228
      ],
      [
        -0.016485922190901697,
        0.028719506498148223,
        0.20804220656966171
      ],
      [
        0.010370881119060218,
        0.03093786384216249,
        0.20578711992072282
      ],
      [
        0.012262834076083404,
        -0.01806865016019464,
        0.1801108773557465
      ],
      [
        -0.014593969233878512,
        -0.020287007504208907,
        0.18236596400468535
      ],
      [
        -0.013739750017328745,
        0.01748191261638493,
        0.22969299636403806
      ],
      [
        0.013117053292633192,
        0.019700269960399183,
        0.2274379097150992
      ],
      [
        0.015009006249656356,
        -0.02930624404195796,
        0.20176166715012284
      ],
      [
        -0.011847797060305545,
        -0.03152460138597221,
        0.20401675379906173
      ]
    ],
    "model_matrix": [
      -0.8269406341794585,
      -0.4385797171399787,
      -0.3518764261161738,
      0.12359950343400956,
      0.4531303514435616,
      -0.14925864943130537,
      -0.8788599092975949,
      -0.0001996806490214085,
      0.33292953029659206,
      -0.8862108593801807,
      0.3221618235811498,
      0.08649406428666577,
      0.0,
      0.0,
      0.0,
      1.0
    ],
    "view_matrix": [
      -0.7968877835569952,
      0.5432377826564498,
      0.26431528883536737,
      0.07500324685818932,
      0.15933962164441579,
      -0.23302710442584051,
      0.959327500688437,
      -0.10301033240448101,
      0.5827355707281255,
      0.806592263846742,
      0.09913715000318235,
      0.12446239552573028,
      0.0,
      0.0,
      0.0,
      1.0
    ],
    "camera_intrinsics": {
      "fx": 742.1867718313872,
      "fy": 742.1867718313872,
      "cx": 256.0,
      "cy": 256.0,
      "image_width": 512,
      "image_height": 512,
      "model": "SIMPLE_RADIAL",
      "dist": [
        0.11989408156994757,
        0.0,
        0.0,
        0.0
      ]
    },
    "visibility": [
      1.0,
      1.0,
      1.0,
      1.0,
      1.0,
      1.0,
      1.0,
      1.0,
      1.0
    ],
    "keypoints_2d_visibility": [
      1.0,
      1.0,
      1.0,
      1.0,
      1.0,
      1.0,
      1.0,
      1.0,
      1.0
    ],
    "pose_6dof": {
      "translation": [
        0.12359950343400956,
        -0.0001996806490214085,
        0.08649406428666577
      ],
      "rotation": [
        -0.8269406341794585,
        -0.4385797171399787,
        -0.3518764261161738,
        0.4531303514435616,
        -0.14925864943130537,
        -0.8788599092975949,
        0.33292953029659206,
        -0.8862108593801807,
        0.3221618235811498
      ]
    },
    "pose_9dof": {
      "translation": [
        0.12359950343400956,
        -0.0001996806490214085,
        0.08649406428666577
      ],
      "rotation": [
        -0.8269406341794585,
        -0.4385797171399787,
        -0.3518764261161738,
        0.4531303514435616,
        -0.14925864943130537,
        -0.8788599092975949,
        0.33292953029659206,
        -0.8862108593801807,
        0.3221618235811498
      ],
      "scale": [
        0.027042455678616642,
        0.055357811850815786,
        0.02454753911451457
      ]
    }
  },
  {
    "frame_id": 5,
    "image": "frame_000005.png",
    "keypoints_2d": [
      [
        0.49287996428473724,
        0.5013894591707648,
        0.2042555206217187
      ],
      [
        0.3824594902838789,
        0.7043320155139114,
        0.20731060376677873
      ],
      [
        0.571185677062443,
        0.7224221572353271,
        0.2050972374197252
      ],
      [
        0.5973243900543606,
        0.3578730392737119,
        0.17952249486527044
      ],
      [
        0.38197794359352477,
        0.3416019095202757,
        0.181735861212324
      ],
      [
        0.41102154242699046,
        0.6138486393410322,
        0.22898854637816696
      ],
      [
        0.581650987231604,
        0.629328386896511,
        0.2267751800311134
      ],
      [
        0.6065995792260919,
        0.2923060930234723,
        0.2012004374766587
      ],
      [
        0.4138703062800533,
        0.278511377225809,
        0.2034138038237122
      ]
    ],
    "keypoints_3d": [
      [
        -0.0010056365992736765,
        0.00019624775088152024,
        0.2042555206217187
      ],
      [
        -0.016794593971913144,
        0.029195664067705338,
        0.20731060376677873
      ],
      [
        0.010063267853608629,
        0.0314430351329411,
        0.2050972374197252
      ],
      [
        0.012060425659824736,
        -0.01761235434549184,
        0.17952249486527044
      ],
      [
        -0.014797436165697009,
        -0.019859725410727627,
        0.181735861212324
      ],
      [
        -0.014071698858372075,
        0.018004849847254867,
        0.22898854637816696
      ],
      [
        0.012786162967149683,
        0.020252220912490654,
        0.2267751800311134
      ],
      [
        0.01478332077336579,
        -0.028803168565942297,
        0.2012004374766587
      ],
      [
        -0.012074541052155968,
        -0.031050539631178084,
        0.2034138038237122
      ]
    ],
    "model_matrix": [
      -0.8269406341794585,
      -0.4385797171399787,
      -0.3518764261161738,
      0.12359950343400956,
      0.4531303514435616,
      -0.14925864943130537,
      -0.8788599092975949,
      -0.0001996806490214085,
      0.33292953029659206,
      -0.8862108593801807,
      0.3221618235811498,
      0.08649406428666577,
      0.0,
      0.0,
      0.0,
      1.0
    ],
    "view_matrix": [
      -0.7980873166107142,
      0.5421384868016916,
      0.2629496077074141,
      0.0750022337224972,
      0.15951018607078019,
      -0.23073433998581994,
      0.9598531996565797,
      -0.10258680957975132,
      0.5810448653974802,
      0.8079898053067754,
      0.09766953934335743,
      0.12415216829962218,
      0.0,
      0.0,
      0.0,
      1.0
    ],
    "camera_intrinsics": {
      "fx": 740.4291432014272,
      "fy": 740.4291432014272,
      "cx": 256.0,
      "cy": 256.0,
      "image_width": 512,
      "image_height": 512,
      "model": "SIMPLE_RADIAL",
      "dist": [
        0.12460009097963816,
        0.0,
        0.0,
        0.0
      ]
    },
    "visibility": [
      1.0,
      1.0,
      1.0,
      1.0,
      1.0,
      1.0,
      1.0,
      1.0,
      1.0
    ],
    "keypoints_2d_visibility": [
      1.0,
      1.0,
      1.0,
      1.0,
      1.0,
      1.0,
      1.0,
      1.0,
      1.0
    ],
    "pose_6dof": {
      "translation": [
        0.12359950343400956,
        -0.0001996806490214085,
        0.08649406428666577
      ],
      "rotation": [
        -0.8269406341794585,
        -0.4385797171399787,
        -0.3518764261161738,
        0.4531303514435616,
        -0.14925864943130537,
        -0.8788599092975949,
        0.33292953029659206,
        -0.8862108593801807,
        0.3221618235811498
      ]
    },
    "pose_9dof": {
      "translation": [
        0.12359950343400956,
        -0.0001996806490214085,
        0.08649406428666577
      ],
      "rotation": [
        -0.8269406341794585,
        -0.4385797171399787,
        -0.3518764261161738,
        0.4531303514435616,
        -0.14925864943130537,
        -0.8788599092975949,
        0.33292953029659206,
        -0.8862108593801807,
        0.3221618235811498
      ],
      "scale": [
        0.027042455678616642,
        0.055357811850815786,
        0.02454753911451457
      ]
    }
  },
  {
    "frame_id": 6,
    "image": "frame_000006.png",
    "keypoints_2d": [
      [
        0.49167343874702313,
        0.5036811412086112,
        0.20433162798388255
      ],
      [
        0.3806439543641061,
        0.7066023340261685,
        0.2073187903747562
      ],
      [
        0.5695367181951092,
        0.7250873827862283,
        0.20515160002353164
      ],
      [
        0.5966818862596425,
        0.3604018408172863,
        0.179646543974506
      ],
      [
        0.38124109634610515,
        0.34359175946769716,
        0.18181373432573056
      ],
      [
        0.4093148295600999,
        0.6160360501717957,
        0.22901671199325913
      ],
      [
        0.5800801610949882,
        0.6318907494081583,
        0.22684952164203456
      ],
      [
        0.6059198547513581,
        0.2948058974724791,
        0.20134446559300892
      ],
      [
        0.4131279471899594,
        0.2805116842938884,
        0.20351165594423348
      ]
    ],
    "keypoints_3d": [
      [
        -0.0011751391514149279,
        0.0005195245701913181,
        0.20433162798388255
      ],
      [
        -0.017035065554038484,
        0.029487273015809903,
        0.2073187903747562
      ],
      [
        0.009821672658765934,
        0.031792334333952274,
        0.20515160002353164
      ],
      [
        0.011976424504865413,
        -0.017292658212936338,
        0.179646543974506
      ],
      [
        -0.014880313707939019,
        -0.01959771953107871,
        0.18181373432573056
      ],
      [
        -0.014326702807695268,
        0.018331707353318974,
        0.22901671199325913
      ],
      [
        0.01253003540510915,
        0.02063676867146136,
        0.22684952164203456
      ],
      [
        0.014684787251208614,
        -0.028448223875427253,
        0.20134446559300892
      ],
      [
        -0.012171950961595804,
        -0.030753285193569638,
        0.20351165594423348
      ]
    ],
    "model_matrix": [
      -0.8269406341794585,
      -0.4385797171399787,
      -0.3518764261161738,
      0.12359950343400956,
      0.4531303514435616,
      -0.14925864943130537,
      -0.8788599092975949,
      -0.0001996806490214085,
      0.33292953029659206,
      -0.8862108593801807,
      0.3221618235811498,
      0.08649406428666577,
      0.0,
      0.0,
      0.0,
      1.0
    ],
    "view_matrix": [
      -0.7995098313210607,
      0.54117445281524,
      0.2606036094168611,
      0.07521127571020975,
      0.1584858601692276,
      -0.22842586822650768,
      0.9605747523495436,
      -0.10219887565552731,
      0.5793671217349068,
      0.8092909454238892,
      0.09686022871910693,
      0.12450590432303452,
      0.0,
      0.0,
      0.0,
      1.0
    ],
    "camera_intrinsics": {
      "fx": 741.2758365096695,
      "fy": 741.2758365096695,
      "cx": 256.0,
      "cy": 256.0,
      "image_width": 512,
      "image_height": 512,
      "model": "SIMPLE_RADIAL",
      "dist": [
        0.12218492799282785,
        0.0,
        0.0,
        0.0
      ]
    },
    "visibility": [
      1.0,
      1.0,
      1.0,
      1.0,
      1.0,
      1.0,
      1.0,
      1.0,
      1.0
    ],
    "keypoints_2d_visibility": [
      1.0,
      1.0,
      1.0,
      1.0,
      1.0,
      1.0,
      1.0,
      1.0,
      1.0
    ],
    "pose_6dof": {
      "translation": [
        0.12359950343400956,
        -0.0001996806490214085,
        0.08649406428666577
      ],
      "rotation": [
        -0.8269406341794585,
        -0.4385797171399787,
        -0.3518764261161738,
        0.4531303514435616,
        -0.14925864943130537,
        -0.8788599092975949,
        0.33292953029659206,
        -0.8862108593801807,
        0.3221618235811498
      ]
    },
    "pose_9dof": {
      "translation": [
        0.12359950343400956,
        -0.0001996806490214085,
        0.08649406428666577
      ],
      "rotation": [
        -0.8269406341794585,
        -0.4385797171399787,
        -0.3518764261161738,
        0.4531303514435616,
        -0.14925864943130537,
        -0.8788599092975949,
        0.33292953029659206,
        -0.8862108593801807,
        0.3221618235811498
      ],
      "scale": [
        0.027042455678616642,
        0.055357811850815786,
        0.02454753911451457
      ]
    }
  },
  {
    "frame_id": 7,
    "image": "frame_000007.png",
    "keypoints_2d": [
      [
        0.48999319442750894,
        0.504462545698683,
        0.20433383156465268
      ],
      [
        0.37896743648318987,
        0.7074969604295255,
        0.20728721984689674
      ],
      [
        0.5679280140957624,
        0.7258988577209842,
        0.20514980963142568
      ],
      [
        0.5949676906368524,
        0.3611477788154977,
        0.1796734584918278
      ],
      [
        0.3794857831461682,
        0.34436469215872423,
        0.18181086870729884
      ],
      [
        0.4076314175008089,
        0.6168825973621236,
        0.22899420463747752
      ],
      [
        0.5784518467225866,
        0.6326758708038067,
        0.22685679442200646
      ],
      [
        0.60417987671446,
        0.2955602313751874,
        0.20138044328240856
      ],
      [
        0.41137009610773273,
        0.2812781170600567,
        0.20351785349787962
      ]
    ],
    "keypoints_3d": [
      [
        -0.0014118933789448312,
        0.0006296353696059742,
        0.20433383156465268
      ],
      [
        -0.01726749548588019,
        0.029603213576923956,
        0.20728721984689674
      ],
      [
        0.009592343401198689,
        0.0318999376920301,
        0.20514980963142568
      ],
      [
        0.01176338608420753,
        -0.017199241926276976,
        0.1796734584918278
      ],
      [
        -0.015096452802871349,
        -0.01949596604138311,
        0.18181086870729884
      ],
      [
        -0.014587172842097207,
        0.018458512665488938,
        0.22899420463747752
      ],
      [
        0.012272666044981673,
        0.02075523678059507,
        0.22685679442200646
      ],
      [
        0.014443708727990515,
        -0.028343942837711994,
        0.20138044328240856
      ],
      [
        -0.012416130159088379,
        -0.030640666952818127,
        0.20351785349787962
      ]
    ],
    "model_matrix": [
      -0.8269406341794585,
      -0.4385797171399787,
      -0.3518764261161738,
      0.12359950343400956,
      0.4531303514435616,
      -0.14925864943130537,
      -0.8788599092975949,
      -0.0001996806490214085,
      0.33292953029659206,
      -0.8862108593801807,
      0.3221618235811498,
      0.08649406428666577,
      0.0,
      0.0,
      0.0,
      1.0
    ],
    "view_matrix": [
      -0.8001356548020031,
      0.5401785823649182,
      0.26074898478957814,
      0.07503909999127031,
      0.1590089460296823,
      -0.22813833285545226,
      0.9605566387071943,
      -0.10215179387092287,
      0.5783589620617096,
      0.8100370363360933,
      0.09664838729508185,
      0.12465118794445977,
      0.0,
      0.0,
      0.0,
      1.0
    ],
    "camera_intrinsics": {
      "fx": 741.4823760578764,
      "fy": 741.4823760578764,
      "cx": 256.0,
      "cy": 256.0,
      "image_width": 512,
      "image_height": 512,
      "model": "SIMPLE_RADIAL",
      "dist": [
        0.11935013083657264,
        0.0,
        0.0,
        0.0
      ]
    },
    "visibility": [
      1.0,
      1.0,
      1.0,
      1.0,
      1.0,
      1.0,
      1.0,
      1.0,
      1.0
    ],
    "keypoints_2d_visibility": [
      1.0,
      1.0,
      1.0,
      1.0,
      1.0,
      1.0,
      1.0,
      1.0,
      1.0
    ],
    "pose_6dof": {
      "translation": [
        0.12359950343400956,
        -0.0001996806490214085,
        0.08649406428666577
      ],
      "rotation": [
        -0.8269406341794585,
        -0.4385797171399787,
        -0.3518764261161738,
        0.4531303514435616,
        -0.14925864943130537,
        -0.8788599092975949,
        0.33292953029659206,
        -0.8862108593801807,
        0.3221618235811498
      ]
    },
    "pose_9dof": {
      "translation": [
        0.12359950343400956,
        -0.0001996806490214085,
        0.08649406428666577
      ],
      "rotation": [
        -0.8269406341794585,
        -0.4385797171399787,
        -0.3518764261161738,
        0.4531303514435616,
        -0.14925864943130537,
        -0.8788599092975949,
        0.33292953029659206,
        -0.8862108593801807,
        0.3221618235811498
      ],
      "scale": [
        0.027042455678616642,
        0.055357811850815786,
        0.02454753911451457
      ]
    }
  },
  {
    "frame_id": 8,
    "image": "frame_000008.png",
    "keypoints_2d": [
      [
        0.4884829138560319,
        0.5079774554837663,
        0.20423622927084245
      ],
      [
        0.3773651864559811,
        0.7110706006549495,
        0.20710043588986202
      ],
      [
        0.5663771109033208,
        0.7294718435622656,
        0.20499631113882297
      ],
      [
        0.5934973763550339,
        0.36479986497189165,
        0.1796357230819341
      ],
      [
        0.3781132523196018,
        0.3479526777111277,
        0.18173984783297312
      ],
      [
        0.40603504921623096,
        0.6203675320124757,
        0.2288367354597508
      ],
      [
        0.5768442591423624,
        0.6361712904960221,
        0.22673261070871176
      ],
      [
        0.60262838644673,
        0.29926503093922485,
        0.20137202265182286
      ],
      [
        0.4099439363960379,
        0.28491506954382684,
        0.2034761474028619
      ]
    ],
    "keypoints_3d": [
      [
        -0.0016254981524695261,
        0.0011259218684461364,
        0.20423622927084245
      ],
      [
        -0.017490439578549663,
        0.030103340812260515,
        0.20710043588986202
      ],
      [
        0.009372033579562358,
        0.03239999141514313,
        0.20499631113882297
      ],
      [
        0.011588312684423258,
        -0.016757063147233353,
        0.1796357230819341
      ],
      [
        -0.01527416047368875,
        -0.019053713750115983,
        0.18173984783297312
      ],
      [
        -0.014839308989362324,
        0.019008906884125626,
        0.2288367354597508
      ],
      [
        0.012023164168749698,
        0.021305557487008256,
        0.22673261070871176
      ],
      [
        0.014239443273610597,
        -0.02785149707536823,
        0.20137202265182286
      ],
      [
        -0.012623029884501438,
        -0.03014814767825086,
        0.2034761474028619
      ]
    ],
    "model_matrix": [
      -0.8269406341794585,
      -0.4385797171399787,
      -0.3518764261161738,
      0.12359950343400956,
      0.4531303514435616,
      -0.14925864943130537,
      -0.8788599092975949,
      -0.0001996806490214085,
      0.33292953029659206,
      -0.8862108593801807,
      0.3221618235811498,
      0.08649406428666577,
      0.0,
      0.0,
      0.0,
      1.0
    ],
    "view_matrix": [
      -0.800993053913659,
      0.5390556095252653,
      0.26044035290525536,
      0.07495793991228913,
      0.16019026753391505,
      -0.2261838423817356,
      0.9608225370133896,
      -0.10182412647466527,
      0.5768441780667306,
      0.8113321879999451,
      0.09482022434976267,
      0.12489919606028249,
      0.0,
      0.0,
      0.0,
      1.0
    ],
    "camera_intrinsics": {
      "fx": 740.8902201304735,
      "fy": 740.8902201304735,
      "cx": 256.0,
      "cy": 256.0,
      "image_width": 512,
      "image_height": 512,
      "model": "SIMPLE_RADIAL",
      "dist": [
        0.12325617944805532,
        0.0,
        0.0,
        0.0
      ]
    },
    "visibility": [
      1.0,
      1.0,
      1.0,
      1.0,
      1.0,
      1.0,
      1.0,
      1.0,
      1.0
    ],
    "keypoints_2d_visibility": [
      1.0,
      1.0,
      1.0,
      1.0,
      1.0,
      1.0,
      1.0,
      1.0,
      1.0
    ],
    "pose_6dof": {
      "translation": [
        0.12359950343400956,
        -0.0001996806490214085,
        0.08649406428666577
      ],
      "rotation": [
        -0.8269406341794585,
        -0.4385797171399787,
        -0.3518764261161738,
        0.4531303514435616,
        -0.14925864943130537,
        -0.8788599092975949,
        0.33292953029659206,
        -0.8862108593801807,
        0.3221618235811498
      ]
    },
    "pose_9dof": {
      "translation": [
        0.12359950343400956,
        -0.0001996806490214085,
        0.08649406428666577
      ],
      "rotation": [
        -0.8269406341794585,
        -0.4385797171399787,
        -0.3518764261161738,
        0.4531303514435616,
        -0.14925864943130537,
        -0.8788599092975949,
        0.33292953029659206,
        -0.8862108593801807,
        0.3221618235811498
      ],
      "scale": [
        0.027042455678616642,
        0.055357811850815786,
        0.02454753911451457
      ]
    }
  },
  {
    "frame_id": 9,
    "image": "frame_000009.png",
    "keypoints_2d": [
      [
        0.4876887235082714,
        0.5114641240496158,
        0.20449409152093007
      ],
      [
        0.37663915110901636,
        0.7145687595318665,
        0.20728610718771628
      ],
      [
        0.5656231656768317,
        0.7329030473879345,
        0.2051909277291009
      ],
      [
        0.5925523852321948,
        0.36844619857452765,
        0.1799399802035273
      ],
      [
        0.3773806061415924,
        0.35166675762301636,
        0.18203515966214268
      ],
      [
        0.4052844741334466,
        0.6238375524650815,
        0.22904820283833283
      ],
      [
        0.5760684697915054,
        0.6395853182371953,
        0.22695302337971743
      ],
      [
        0.6016580431799929,
        0.3029498618623207,
        0.20170207585414385
      ],
      [
        0.4091687194914438,
        0.28865306716068717,
        0.20379725531275922
      ]
    ],
    "keypoints_3d": [
      [
        -0.0017384326101809178,
        0.0016188091550374817,
        0.20449409152093007
      ],
      [
