[
  {
    "frame_id": 0,
    "image": "frame_000000.png",
    "keypoints_2d": [
      [
        0.4585551329966798,
        0.20402432817529764,
        0.4462703300011252
      ],
      [
        0.37367206507021034,
        0.3074098000885359,
        0.46434429096782065
      ],
      [
        0.37981334084702667,
        0.31207365517082075,
        0.4652250911193239
      ],
      [
        0.5520463825378754,
        0.09096238361854586,
        0.4239567221970187
      ],
      [
        0.545648523000959,
        0.08519108841790402,
        0.4230759220455154
      ],
      [
        0.37503172416223995,
        0.30344181863653824,
        0.4685839378052317
      ],
      [
        0.38111569698289405,
        0.30807397840717715,
        0.469464737956735
      ],
      [
        0.5518064357729261,
        0.0886056832224465,
        0.4281963690344297
      ],
      [
        0.5454701119694371,
        0.0828828723180644,
        0.42731556888292643
      ]
    ],
    "keypoints_3d": [
      [
        -0.016040029301914838,
        -0.11454876784480711,
        0.4462703300011252
      ],
      [
        -0.05111660000876317,
        -0.07792857707959436,
        0.46434429096782065
      ],
      [
        -0.04874538048239355,
        -0.07621928461880577,
        0.4652250911193239
      ],
      [
        0.01893984896519116,
        -0.1488501274744442,
        0.4239567221970187
      ],
      [
        0.016568629438821536,
        -0.1505594199352328,
        0.4230759220455154
      ],
      [
        -0.051019907569020834,
        -0.08024740821516999,
        0.4685839378052317
      ],
      [
        -0.048648688042651184,
        -0.07853811575438141,
        0.469464737956735
      ],
      [
        0.019036541404933494,
        -0.15116895861001983,
        0.4281963690344297
      ],
      [
        0.01666532187856387,
        -0.1528782510708084,
        0.42731556888292643
      ]
    ],
    "model_matrix": [
      0.7361526193619934,
      0.4184269582749436,
      0.5319757528264374,
      -0.0947103423405085,
      0.24859389522008102,
      -0.8982209260656543,
      0.36249171471506186,
      -0.0963174829252523,
      0.6295080589363281,
      -0.13460330072675405,
      -0.7652460749116452,
      0.5024630051333262,
      0.0,
      0.0,
      0.0,
      1.0
    ],
    "view_matrix": [
      0.8245518224034865,
      -0.3796307573561125,
      0.4195173181649522,
      -0.18530345530477405,
      0.38472365314230983,
      0.9198768260460366,
      0.07625179090556056,
      -0.027824942468389464,
      -0.4148517842361594,
      0.0985246820481755,
      0.9045390451182198,
      -0.03802818199409125,
      0.0,
      0.0,
      0.0,
      1.0
    ],
    "camera_intrinsics": {
      "fx": 583.3160040235406,
      "fy": 583.3160040235406,
      "cx": 256.0,
      "cy": 256.0,
      "image_width": 512,
      "image_height": 512,
      "model": "SIMPLE_RADIAL",
      "dist": [
        0.18033912351837586,
        0.0,
        0.0,
        0.0
      ]
    },
    "visibility": [
      1.0,
      1.0,
      1.0,
      1.0,
      1.0,
      1.0,
      1.0,
      1.0,
      1.0
    ],
    "keypoints_2d_visibility": [
      1.0,
      1.0,
      1.0,
      1.0,
      1.0,
      1.0,
      1.0,
      1.0,
      1.0
    ],
    "pose_6dof": {
      "translation": [
        -0.0947103423405085,
        -0.0963174829252523,
        0.5024630051333262
      ],
      "rotation": [
        0.7361526193619934,
        0.4184269582749436,
        0.5319757528264374,
        0.24859389522008102,
        -0.8982209260656543,
        0.36249171471506186,
        0.6295080589363281,
        -0.13460330072675405,
        -0.7652460749116452
      ]
    },
    "pose_9dof": {
      "translation": [
        -0.0947103423405085,
        -0.0963174829252523,
        0.5024630051333262
      ],
      "rotation": [
        0.7361526193619934,
        0.4184269582749436,
        0.5319757528264374,
        0.24859389522008102,
        -0.8982209260656543,
        0.36249171471506186,
        0.6295080589363281,
        -0.13460330072675405,
        -0.7652460749116452
      ],
      "scale": [
        0.003052895619839212,
        0.1075156169716759,
        0.004833314863443854
      ]
    }
  },
  {
    "frame_id": 1,
    "image": "frame_000001.png",
    "keypoints_2d": [
      [
        0.4597284867649043,
        0.204293168866584,
        0.44572895785127
      ],
      [
        0.37480813881941977,
        0.30777141133733255,
        0.46380316724687004
      ],
      [
        0.3809505365734064,
        0.3124373468491792,
        0.464683095526282
      ],
      [
        0.5533328425821351,
        0.09100143852971027,
        0.4234146493749064
      ],
      [
        0.5469321594482244,
        0.08522016534328053,
        0.42253472109549445
      ],
      [
        0.3761599680423393,
        0.30380229095397154,
        0.46804326632763343
      ],
      [
        0.3822450278269487,
        0.30843655754662436,
        0.4689231946070454
      ],
      [
        0.5530820242752367,
        0.08864386404012953,
        0.42765474845566986
      ],
      [
        0.5467429248083782,
        0.08291112209354717,
        0.42677482017625795
      ]
    ],
    "keypoints_3d": [
      [
        -0.015579197020796076,
        -0.11439537808596761,
        0.44572895785127
      ],
      [
        -0.050646769841550504,
        -0.0777666934188406,
        0.46380316724687004
      ],
      [
        -0.04827512226811881,
        -0.07605754577274326,
        0.464683095526282
      ],
      [
        0.01939106623478057,
        -0.14870608449542663,
        0.4234146493749064
      ],
      [
        0.017019418661348873,
        -0.150415232141524,
        0.42253472109549445
      ],
      [
        -0.05054946027637272,
        -0.08008467167650854,
        0.46804326632763343
      ],
      [
        -0.048177812702941025,
        -0.07837552403041118,
        0.4689231946070454
      ],
      [
        0.019488375799958352,
        -0.15102406275309457,
        0.42765474845566986
      ],
      [
        0.017116728226526656,
        -0.15273321039919194,
        0.42677482017625795
      ]
    ],
    "model_matrix": [
      0.7361526193619934,
      0.4184269582749436,
      0.5319757528264374,
      -0.0947103423405085,
      0.24859389522008102,
      -0.8982209260656543,
      0.36249171471506186,
      -0.0963174829252523,
      0.6295080589363281,
      -0.13460330072675405,
      -0.7652460749116452,
      0.5024630051333262,
      0.0,
      0.0,
      0.0,
      1.0
    ],
    "view_matrix": [
      0.8245130118394064,
      -0.3794831111543509,
      0.4197271276152226,
      -0.18493749936183682,
      0.3845259937384709,
      0.9199489064311929,
      0.07637911819007674,
      -0.027747307748101295,
      -0.41511209744712596,
      0.09842041406469933,
      0.9044309640035445,
      -0.03854994456531307,
      0.0,
      0.0,
      0.0,
      1.0
    ],
    "camera_intrinsics": {
      "fx": 582.6432401799767,
      "fy": 582.6432401799767,
      "cx": 256.0,
      "cy": 256.0,
      "image_width": 512,
      "image_height": 512,
      "model": "SIMPLE_RADIAL",
      "dist": [
        0.18617665024497032,
        0.0,
        0.0,
        0.0
      ]
    },
    "visibility": [
      1.0,
      1.0,
      1.0,
      1.0,
      1.0,
      1.0,
      1.0,
      1.0,
      1.0
    ],
    "keypoints_2d_visibility": [
      1.0,
      1.0,
      1.0,
      1.0,
      1.0,
      1.0,
      1.0,
      1.0,
      1.0
    ],
    "pose_6dof": {
      "translation": [
        -0.0947103423405085,
        -0.0963174829252523,
        0.5024630051333262
      ],
      "rotation": [
        0.7361526193619934,
        0.4184269582749436,
        0.5319757528264374,
        0.24859389522008102,
        -0.8982209260656543,
        0.36249171471506186,
        0.6295080589363281,
        -0.13460330072675405,
        -0.7652460749116452
      ]
    },
    "pose_9dof": {
      "translation": [
        -0.0947103423405085,
        -0.0963174829252523,
        0.5024630051333262
      ],
      "rotation": [
        0.7361526193619934,
        0.4184269582749436,
        0.5319757528264374,
        0.24859389522008102,
        -0.8982209260656543,
        0.36249171471506186,
        0.6295080589363281,
        -0.13460330072675405,
        -0.7652460749116452
      ],
      "scale": [
        0.003052895619839212,
        0.1075156169716759,
        0.004833314863443854
      ]
    }
  },
  {
    "frame_id": 2,
    "image": "frame_000002.png",
    "keypoints_2d": [
      [
        0.46071425718617165,
        0.20507676634062544,
        0.44606146875925157
      ],
      [
        0.3758137856546963,
        0.3085771934865078,
        0.4641572338747794
      ],
      [
        0.3819567120557388,
        0.31323795303461266,
        0.4650344813433364
      ],
      [
        0.5543008371411271,
        0.09178327536876751,
        0.42372501942787266
      ],
      [
        0.5478974029275362,
        0.08601107876158026,
        0.42284777195931555
      ],
      [
        0.37716356558136416,
        0.30460215485133524,
        0.4683979180906305
      ],
      [
        0.3832491956359876,
        0.30923127510781645,
        0.46927516555918763
      ],
      [
        0.5540492298133164,
        0.08941874667963168,
        0.42796570364372377
      ],
      [
        0.5477073778541307,
        0.08369498310280443,
        0.4270884561751667
      ]
    ],
    "keypoints_3d": [
      [
        -0.015195855031692435,
        -0.11407728053924701,
        0.44606146875925157
      ],
      [
        -0.05023316872153327,
        -0.07743028634405992,
        0.4641572338747794
      ],
      [
        -0.047860077553643826,
        -0.07572176451117958,
        0.4650344813433364
      ],
      [
        0.019741110117648952,
        -0.14840749677333417,
        0.42372501942787266
      ],
      [
        0.017368018949759506,
        -0.1501160186062145,
        0.42284777195931555
      ],
      [
        -0.05013282018103385,
        -0.07974706430515982,
        0.4683979180906305
      ],
      [
        -0.047759729013144375,
        -0.07803854247227948,
        0.46927516555918763
      ],
      [
        0.019841458658148403,
        -0.15072427473443406,
        0.42796570364372377
      ],
      [
        0.017468367490258957,
        -0.15243279656731443,
        0.4270884561751667
      ]
    ],
    "model_matrix": [
      0.7361526193619934,
      0.4184269582749436,
      0.5319757528264374,
      -0.0947103423405085,
      0.24859389522008102,
      -0.8982209260656543,
      0.36249171471506186,
      -0.0963174829252523,
      0.6295080589363281,
      -0.13460330072675405,
      -0.7652460749116452,
      0.5024630051333262,
      0.0,
      0.0,
      0.0,
      1.0
    ],
    "view_matrix": [
      0.8242736577694217,
      -0.37905044128727616,
      0.42058732751634287,
      -0.18496737163344007,
      0.3840982308790116,
      0.9201186537241245,
      0.07648667926193539,
      -0.027507419595653556,
      -0.4159825550945998,
      0.09850089354328659,
      0.9040221721994115,
      -0.03808672065993339,
      0.0,
      0.0,
      0.0,
      1.0
    ],
    "camera_intrinsics": {
      "fx": 583.2341919160802,
      "fy": 583.2341919160802,
      "cx": 256.0,
      "cy": 256.0,
      "image_width": 512,
      "image_height": 512,
      "model": "SIMPLE_RADIAL",
      "dist": [
        0.18556152375974833,
        0.0,
        0.0,
        0.0
      ]
    },
    "visibility": [
      1.0,
      1.0,
      1.0,
      1.0,
      1.0,
      1.0,
      1.0,
      1.0,
      1.0
    ],
    "keypoints_2d_visibility": [
      1.0,
      1.0,
      1.0,
      1.0,
      1.0,
      1.0,
      1.0,
      1.0,
      1.0
    ],
    "pose_6dof": {
      "translation": [
        -0.0947103423405085,
        -0.0963174829252523,
        0.5024630051333262
      ],
      "rotation": [
        0.7361526193619934,
        0.4184269582749436,
        0.5319757528264374,
        0.24859389522008102,
        -0.8982209260656543,
        0.36249171471506186,
        0.6295080589363281,
        -0.13460330072675405,
        -0.7652460749116452
      ]
    },
    "pose_9dof": {
      "translation": [
        -0.0947103423405085,
        -0.0963174829252523,
        0.5024630051333262
      ],
      "rotation": [
        0.7361526193619934,
        0.4184269582749436,
        0.5319757528264374,
        0.24859389522008102,
        -0.8982209260656543,
        0.36249171471506186,
        0.6295080589363281,
        -0.13460330072675405,
        -0.7652460749116452
      ],
      "scale": [
        0.003052895619839212,
        0.1075156169716759,
        0.004833314863443854
      ]
    }
  },
  {
    "frame_id": 3,
    "image": "frame_000003.png",
    "keypoints_2d": [
      [
        0.46137113793906065,
        0.2045938508853199,
        0.44431511124069667
      ],
      [
        0.37587053587729347,
        0.3081468885667654,
        0.4622241515172428
      ],
      [
        0.38201406708157853,
        0.3128341116424486,
        0.46311173914221176
      ],
      [
        0.5556242754479999,
        0.09130084265266264,
        0.4221636962763488
      ],
      [
        0.5492323553785904,
        0.08549528774742987,
        0.4212761086513797
      ],
      [
        0.3771846147724287,
        0.30417598316418953,
        0.46646652620504453
      ],
      [
        0.3832706458285473,
        0.3088312495466291,
        0.46735411383001363
      ],
      [
        0.5553123937336495,
        0.08895465775534311,
        0.4264060709641506
      ],
      [
        0.548982078548787,
        0.08319807335368068,
        0.4255184833391815
      ]
    ],
    "keypoints_3d": [
      [
        -0.014909746672166102,
        -0.1140191715135645,
        0.44431511124069667
      ],
      [
        -0.050088075253019754,
        -0.0774155689054976,
        0.4622241515172428
      ],
      [
        -0.047721767982309704,
        -0.07570298320713974,
        0.46311173914221176
      ],
      [
        0.02018489357709019,
        -0.14830843062062718,
        0.4221636962763488
      ],
      [
        0.01781858630638014,
        -0.15002101631898504,
        0.4212761086513797
      ],
      [
        -0.05000438692142242,
        -0.07972991240650182,
        0.46646652620504453
      ],
      [
        -0.047638079650712345,
        -0.07801732670814396,
        0.46735411383001363
      ],
      [
        0.02026858190868755,
        -0.15062277412163141,
        0.4264060709641506
      ],
      [
        0.017902274637977472,
        -0.15233535981998927,
        0.4255184833391815
      ]
    ],
    "model_matrix": [
      0.7361526193619934,
      0.4184269582749436,
      0.5319757528264374,
      -0.0947103423405085,
      0.24859389522008102,
      -0.8982209260656543,
      0.36249171471506186,
      -0.0963174829252523,
      0.6295080589363281,
      -0.13460330072675405,
      -0.7652460749116452,
      0.5024630051333262,
      0.0,
      0.0,
      0.0,
      1.0
    ],
    "view_matrix": [
      0.8256603711654031,
      -0.3809053842224594,
      0.41616828297859176,
      -0.18250818420968257,
      0.38512266480211915,
      0.9195962626327014,
      0.07760957935514146,
      -0.02796681723273357,
      -0.41226870429699514,
      0.09619668405048085,
      0.9059694881368625,
      -0.040681727974400776,
      0.0,
      0.0,
      0.0,
      1.0
    ],
    "camera_intrinsics": {
      "fx": 582.2534594057603,
      "fy": 582.2534594057603,
      "cx": 256.0,
      "cy": 256.0,
      "image_width": 512,
      "image_height": 512,
      "model": "SIMPLE_RADIAL",
      "dist": [
        0.18299237722099443,
        0.0,
        0.0,
        0.0
      ]
    },
    "visibility": [
      1.0,
      1.0,
      1.0,
      1.0,
      1.0,
      1.0,
      1.0,
      1.0,
      1.0
    ],
    "keypoints_2d_visibility": [
      1.0,
      1.0,
      1.0,
      1.0,
      1.0,
      1.0,
      1.0,
      1.0,
      1.0
    ],
    "pose_6dof": {
      "translation": [
        -0.0947103423405085,
        -0.0963174829252523,
        0.5024630051333262
      ],
      "rotation": [
        0.7361526193619934,
        0.4184269582749436,
        0.5319757528264374,
        0.24859389522008102,
        -0.8982209260656543,
        0.36249171471506186,
        0.6295080589363281,
        -0.13460330072675405,
        -0.7652460749116452
      ]
    },
    "pose_9dof": {
      "translation": [
        -0.0947103423405085,
        -0.0963174829252523,
        0.5024630051333262
      ],
      "rotation": [
        0.7361526193619934,
        0.4184269582749436,
        0.5319757528264374,
        0.24859389522008102,
        -0.8982209260656543,
        0.36249171471506186,
        0.6295080589363281,
        -0.13460330072675405,
        -0.7652460749116452
      ],
      "scale": [
        0.003052895619839212,
        0.1075156169716759,
        0.004833314863443854
      ]
    }
  },
  {
    "frame_id": 4,
    "image": "frame_000004.png",
    "keypoints_2d": [
      [
        0.4553205783297475,
        0.2007108848497024,
        0.4478241337590167
      ],
      [
        0.3695416436865853,
        0.3040800817792525,
        0.4656143674797673
      ],
      [
        0.375691405342787,
        0.30878831529093376,
        0.46652056718488993
      ],
      [
        0.5496628067757967,
        0.0879476408787821,
        0.4257970244281695
      ],
      [
        0.5432824392619044,
        0.08212799721792802,
        0.42489082472304696
      ],
      [
        0.3708479370457498,
        0.3000969312131997,
        0.46985124308986387
      ],
      [
        0.37694058224840643,
        0.30477345473177453,
        0.4707574427949865
      ],
      [
        0.5493518981030876,
        0.08557191399169783,
        0.4300339000382661
      ],
      [
        0.5430324150111844,
        0.07980077466481722,
        0.4291277003331435
      ]
    ],
    "keypoints_3d": [
      [
        -0.017236640780137313,
        -0.11546118491246149,
        0.4478241337590167
      ],
      [
        -0.05257082598873436,
        -0.07894988270253799,
        0.4656143674797673
      ],
      [
        -0.050212186196227415,
        -0.0772364673736489,
        0.46652056718488993
      ],
      [
        0.018036323114738573,
        -0.14964739151478026,
        0.4257970244281695
      ],
      [
        0.015677683322231628,
        -0.15136080684366937,
        0.42489082472304696
      ],
      [
        -0.0525096046750132,
        -0.08127497831014273,
        0.46985124308986387
      ],
      [
        -0.050150964882506255,
        -0.07956156298125365,
        0.4707574427949865
      ],
      [
        0.018097544428459733,
        -0.15197248712238498,
        0.4300339000382661
      ],
      [
        0.01573890463595279,
        -0.1536859024512741,
        0.4291277003331435
      ]
    ],
    "model_matrix": [
      0.7361526193619934,
      0.4184269582749436,
      0.5319757528264374,
      -0.0947103423405085,
      0.24859389522008102,
      -0.8982209260656543,
      0.36249171471506186,
      -0.0963174829252523,
      0.6295080589363281,
      -0.13460330072675405,
      -0.7652460749116452,
      0.5024630051333262,
      0.0,
      0.0,
      0.0,
      1.0
    ],
    "view_matrix": [
      0.8276147061683562,
      -0.38270065304705997,
      0.4106021289414112,
      -0.182026111870279,
      0.3872631810660105,
      0.9188450995926685,
      0.0758347647532021,
      -0.028386673058329485,
      -0.40630176805485324,
      0.09624912005775933,
      0.9086555894086644,
      -0.03795219089474982,
      0.0,
      0.0,
      0.0,
      1.0
    ],
    "camera_intrinsics": {
      "fx": 587.2913328939416,
      "fy": 587.2913328939416,
      "cx": 256.0,
      "cy": 256.0,
      "image_width": 512,
      "image_height": 512,
      "model": "SIMPLE_RADIAL",
      "dist": [
        0.17652462801593008,
        0.0,
        0.0,
        0.0
      ]
    },
    "visibility": [
      1.0,
      1.0,
      1.0,
      1.0,
      1.0,
      1.0,
      1.0,
      1.0,
      1.0
    ],
    "keypoints_2d_visibility": [
      1.0,
      1.0,
      1.0,
      1.0,
      1.0,
      1.0,
      1.0,
      1.0,
      1.0
    ],
    "pose_6dof": {
      "translation": [
        -0.0947103423405085,
        -0.0963174829252523,
        0.5024630051333262
      ],
      "rotation": [
        0.7361526193619934,
        0.4184269582749436,
        0.5319757528264374,
        0.24859389522008102,
        -0.8982209260656543,
        0.36249171471506186,
        0.6295080589363281,
        -0.13460330072675405,
        -0.7652460749116452
      ]
    },
    "pose_9dof": {
      "translation": [
        -0.0947103423405085,
        -0.0963174829252523,
        0.5024630051333262
      ],
      "rotation": [
        0.7361526193619934,
        0.4184269582749436,
        0.5319757528264374,
        0.24859389522008102,
        -0.8982209260656543,
        0.36249171471506186,
        0.6295080589363281,
        -0.13460330072675405,
        -0.7652460749116452
      ],
      "scale": [
        0.003052895619839212,
        0.1075156169716759,
        0.004833314863443854
      ]
    }
  },
  {
    "frame_id": 5,
    "image": "frame_000005.png",
    "keypoints_2d": [
      [
        0.4557989395849532,
        0.20382838564737155,
        0.44564498603683184
      ],
      [
        0.3701613193818205,
        0.3072555875084926,
        0.46339480893429447
      ],
      [
        0.3763163690204879,
        0.31194656972210394,
        0.4643026152254988
      ],
      [
        0.5500349531378717,
        0.0909854025412743,
        0.4236576252657832
      ],
      [
        0.5436484440028436,
        0.08518035478207336,
        0.42274981897457886
      ],
      [
        0.3714473910989706,
        0.3032566447485574,
        0.4676323468078805
      ],
      [
        0.37754504534448485,
        0.3079159475986034,
        0.46854015309908487
      ],
      [
        0.5496952813725282,
        0.08860353991459935,
        0.4278951631393692
      ],
      [
        0.5433699627918401,
        0.08284707788089979,
        0.42698735684816486
      ]
    ],
    "keypoints_3d": [
      [
        -0.017053973739699496,
        -0.11427108051676318,
        0.44564498603683184
      ],
      [
        -0.05233098683700041,
        -0.07768490302716603,
        0.46339480893429447
      ],
      [
        -0.04996973568849061,
        -0.0759759406469644,
        0.4643026152254988
      ],
      [
        0.01817013382274013,
        -0.1485331654213946,
        0.4236576252657832
      ],
      [
        0.015808882674230307,
        -0.1502421278015962,
        0.42274981897457886
      ],
      [
        -0.05227808130213907,
        -0.08000899561213175,
        0.4676323468078805
      ],
      [
        -0.049916830153629244,
        -0.07830003323193013,
        0.46854015309908487
      ],
      [
        0.018223039357601473,
        -0.1508572580063603,
        0.4278951631393692
      ],
      [
        0.01586178820909165,
        -0.15256622038656195,
        0.42698735684816486
      ]
    ],
    "model_matrix": [
      0.7361526193619934,
      0.4184269582749436,
      0.5319757528264374,
      -0.0947103423405085,
      0.24859389522008102,
      -0.8982209260656543,
      0.36249171471506186,
      -0.0963174829252523,
      0.6295080589363281,
      -0.13460330072675405,
      -0.7652460749116452,
      0.5024630051333262,
      0.0,
      0.0,
      0.0,
      1.0
    ],
    "view_matrix": [
      0.8287368581257529,
      -0.38095672896928034,
      0.4099599866290389,
      -0.18124654230021572,
      0.38550966332592007,
      0.9196295194120578,
      0.07525853113291042,
      -0.02699755550902441,
      -0.40568154932926304,
      0.09567401778421214,
      0.908993378883936,
      -0.04029771660736807,
      0.0,
      0.0,
      0.0,
      1.0
    ],
    "camera_intrinsics": {
      "fx": 584.450865889437,
      "fy": 584.450865889437,
      "cx": 256.0,
      "cy": 256.0,
      "image_width": 512,
      "image_height": 512,
      "model": "SIMPLE_RADIAL",
      "dist": [
        0.17636914938703302,
        0.0,
        0.0,
        0.0
      ]
    },
    "visibility": [
      1.0,
      1.0,
      1.0,
      1.0,
      1.0,
      1.0,
      1.0,
      1.0,
      1.0
    ],
    "keypoints_2d_visibility": [
      1.0,
      1.0,
      1.0,
      1.0,
      1.0,
      1.0,
      1.0,
      1.0,
      1.0
    ],
    "pose_6dof": {
      "translation": [
        -0.0947103423405085,
        -0.0963174829252523,
        0.5024630051333262
      ],
      "rotation": [
        0.7361526193619934,
        0.4184269582749436,
        0.5319757528264374,
        0.24859389522008102,
        -0.8982209260656543,
        0.36249171471506186,
        0.6295080589363281,
        -0.13460330072675405,
        -0.7652460749116452
      ]
    },
    "pose_9dof": {
      "translation": [
        -0.0947103423405085,
        -0.0963174829252523,
        0.5024630051333262
      ],
      "rotation": [
        0.7361526193619934,
        0.4184269582749436,
        0.5319757528264374,
        0.24859389522008102,
        -0.8982209260656543,
        0.36249171471506186,
        0.6295080589363281,
        -0.13460330072675405,
        -0.7652460749116452
      ],
      "scale": [
        0.003052895619839212,
        0.1075156169716759,
        0.004833314863443854
      ]
    }
  },
  {
    "frame_id": 6,
    "image": "frame_000006.png",
    "keypoints_2d": [
      [
        0.45459062926263405,
        0.20442432456311888,
        0.44432776341171865
      ],
      [
        0.3690572805472305,
        0.30828639541862846,
        0.4619524746299048
      ],
      [
        0.3752347809066687,
        0.3129758007514597,
        0.46286220761327085
      ],
      [
        0.5487777679162804,
        0.09090867919717005,
        0.4224618244314268
      ],
      [
        0.5423691452121998,
        0.0850887830969792,
        0.4215520914480607
      ],
      [
        0.37032112310028253,
        0.3042918885941671,
        0.46619370239201047
      ],
      [
        0.37644089702367306,
        0.3089496926607068,
        0.46710343537537663
      ],
      [
        0.5484098246512398,
        0.08854254773199854,
        0.42670305219353255
      ],
      [
        0.5420626759195464,
        0.08277135847527112,
        0.42579331921016644
      ]
    ],
    "keypoints_3d": [
      [
        -0.017495077559343764,
        -0.11387780280708745,
        0.44432776341171865
      ],
      [
        -0.05270735059956724,
        -0.07716898055582161,
        0.4619524746299048
      ],
      [
        -0.05034324976488172,
        -0.07546498970841414,
        0.46286220761327085
      ],
      [
        0.017678767315621235,
        -0.14826898770206873,
        0.4224618244314268
      ],
      [
        0.015314666480935712,
        -0.1499729785494762,
        0.4215520914480607
      ],
      [
        -0.05266892243430879,
        -0.07948661791210619,
        0.46619370239201047
      ],
      [
        -0.05030482159962321,
        -0.07778262706469874,
        0.46710343537537663
      ],
      [
        0.017717195480879716,
        -0.1505866250583533,
        0.42670305219353255
      ],
      [
        0.015353094646194193,
        -0.15229061590576076,
        0.42579331921016644
      ]
    ],
    "model_matrix": [
      0.7361526193619934,
      0.4184269582749436,
      0.5319757528264374,
      -0.0947103423405085,
      0.24859389522008102,
      -0.8982209260656543,
      0.36249171471506186,
      -0.0963174829252523,
      0.6295080589363281,
      -0.13460330072675405,
      -0.7652460749116452,
      0.5024630051333262,
      0.0,
      0.0,
      0.0,
      1.0
    ],
    "view_matrix": [
      0.830558797335813,
      -0.378654322063216,
      0.4084029732395865,
      -0.18051098596899273,
      0.3826399873963002,
      0.92080218495647,
      0.0755643846315836,
      -0.026916797663572224,
      -0.4046711309365264,
      0.09351064411197796,
      0.9096686403434581,
      -0.04206690676953658,
      0.0,
      0.0,
      0.0,
      1.0
    ],
    "camera_intrinsics": {
      "fx": 583.1102578857226,
      "fy": 583.1102578857226,
      "cx": 256.0,
      "cy": 256.0,
      "image_width": 512,
      "image_height": 512,
      "model": "SIMPLE_RADIAL",
      "dist": [
        0.18789935074203887,
        0.0,
        0.0,
        0.0
      ]
    },
    "visibility": [
      1.0,
      1.0,
      1.0,
      1.0,
      1.0,
      1.0,
      1.0,
      1.0,
      1.0
    ],
    "keypoints_2d_visibility": [
      1.0,
      1.0,
      1.0,
      1.0,
      1.0,
      1.0,
      1.0,
      1.0,
      1.0
    ],
    "pose_6dof": {
      "translation": [
        -0.0947103423405085,
        -0.0963174829252523,
        0.5024630051333262
      ],
      "rotation": [
        0.7361526193619934,
        0.4184269582749436,
        0.5319757528264374,
        0.24859389522008102,
        -0.8982209260656543,
        0.36249171471506186,
        0.6295080589363281,
        -0.13460330072675405,
        -0.7652460749116452
      ]
    },
    "pose_9dof": {
      "translation": [
        -0.0947103423405085,
        -0.0963174829252523,
        0.5024630051333262
      ],
      "rotation": [
        0.7361526193619934,
        0.4184269582749436,
        0.5319757528264374,
        0.24859389522008102,
        -0.8982209260656543,
        0.36249171471506186,
        0.6295080589363281,
        -0.13460330072675405,
        -0.7652460749116452
      ],
      "scale": [
        0.003052895619839212,
        0.1075156169716759,
        0.004833314863443854
      ]
    }
  },
  {
    "frame_id": 7,
    "image": "frame_000007.png",
    "keypoints_2d": [
      [
        0.4492303356017989,
        0.20137103680084045,
        0.4442859578193277
      ],
      [
        0.3636323874291184,
        0.3058985730774024,
        0.4617865701000347
      ],
      [
        0.36985833429436865,
        0.310581242591361,
        0.4627132942261067
      ],
      [
        0.5433097419192605,
        0.0875644467049918,
        0.42254881278174566
      ],
      [
        0.5368612891949083,
        0.08176350772769542,
        0.42162208865567374
      ],
      [
        0.36485975101866625,
        0.3018770082246448,
        0.4660231028569098
      ],
      [
        0.3710275553409371,
        0.30652808950082766,
        0.46694982698298176
      ],
      [
        0.5428985231756308,
        0.08519487271230025,
        0.42678534553862074
      ],
      [
        0.5365118639126283,
        0.07944266235875458,
        0.4258586214125488
      ]
    ],
    "keypoints_3d": [
      [
        -0.01947984050171006,
        -0.11458111140314726,
        0.4442859578193277
      ],
      [
        -0.05461920108761591,
        -0.07774327546409149,
        0.4617865701000347
      ],
      [
        -0.05225234696631076,
        -0.07605231253479633,
        0.4627132942261067
      ],
      [
        0.015656153667214623,
        -0.14909242387652547,
        0.42254881278174566
      ],
      [
        0.013289299545909461,
        -0.15078338680582062,
        0.42162208865567374
      ],
      [
        -0.05461583467063473,
        -0.08006979892976909,
        0.4660231028569098
      ],
      [
        -0.052248980549329554,
        -0.07837883600047393,
        0.46694982698298176
      ],
      [
        0.0156595200841958,
        -0.15141894734220304,
        0.42678534553862074
      ],
      [
        0.013292665962890665,
        -0.1531099102714982,
        0.4258586214125488
      ]
    ],
    "model_matrix": [
      0.7361526193619934,
      0.4184269582749436,
      0.5319757528264374,
      -0.0947103423405085,
      0.24859389522008102,
      -0.8982209260656543,
      0.36249171471506186,
      -0.0963174829252523,
      0.6295080589363281,
      -0.13460330072675405,
      -0.7652460749116452,
      0.5024630051333262,
      0.0,
      0.0,
      0.0,
      1.0
    ],
    "view_matrix": [
      0.8346399728189382,
      -0.37485219008987863,
      0.40356158310426876,
      -0.17931038816636446,
      0.37955767498944964,
      0.9223803503785994,
      0.07176670949719949,
      -0.025851836941243326,
      -0.3991391826536271,
      0.09327553173407058,
      0.9121335363039345,
      -0.04284594411033067,
      0.0,
      0.0,
      0.0,
      1.0
    ],
    "camera_intrinsics": {
      "fx": 586.1653040562834,
      "fy": 586.1653040562834,
      "cx": 256.0,
      "cy": 256.0,
      "image_width": 512,
      "image_height": 512,
      "model": "SIMPLE_RADIAL",
      "dist": [
        0.16686793213369236,
        0.0,
        0.0,
        0.0
      ]
    },
    "visibility": [
      1.0,
      1.0,
      1.0,
      1.0,
      1.0,
      1.0,
      1.0,
      1.0,
      1.0
    ],
    "keypoints_2d_visibility": [
      1.0,
      1.0,
      1.0,
      1.0,
      1.0,
      1.0,
      1.0,
      1.0,
      1.0
    ],
    "pose_6dof": {
      "translation": [
        -0.0947103423405085,
        -0.0963174829252523,
        0.5024630051333262
      ],
      "rotation": [
        0.7361526193619934,
        0.4184269582749436,
        0.5319757528264374,
        0.24859389522008102,
        -0.8982209260656543,
        0.36249171471506186,
        0.6295080589363281,
        -0.13460330072675405,
        -0.7652460749116452
      ]
    },
    "pose_9dof": {
      "translation": [
        -0.0947103423405085,
        -0.0963174829252523,
        0.5024630051333262
      ],
      "rotation": [
        0.7361526193619934,
        0.4184269582749436,
        0.5319757528264374,
        0.24859389522008102,
        -0.8982209260656543,
        0.36249171471506186,
        0.6295080589363281,
        -0.13460330072675405,
        -0.7652460749116452
      ],
      "scale": [
        0.003052895619839212,
        0.1075156169716759,
        0.004833314863443854
      ]
    }
  },
  {
    "frame_id": 8,
    "image": "frame_000008.png",
    "keypoints_2d": [
      [
        0.4460688623459096,
        0.19891576779260028,
        0.4426760788983363
      ],
      [
        0.3605586270515441,
        0.30400569575509306,
        0.46018392640155514
      ],
      [
        0.3668185076793026,
        0.308695928528083,
        0.4611148619522265
      ],
      [
        0.5401059065095464,
        0.08430276943235326,
        0.42093432149693144
      ],
      [
        0.5336207177670326,
        0.07847409559627022,
        0.4200033859462602
      ],
      [
        0.36179371298341495,
        0.29997901347097244,
        0.4644178362997411
      ],
      [
        0.3679949800097785,
        0.3046376948297832,
        0.46534877185041246
      ],
      [
        0.5397000311545878,
        0.08193966080134452,
        0.42516823139511745
      ],
      [
        0.5332771308785478,
        0.07615997626063697,
        0.42423729584444614
      ]
    ],
    "keypoints_3d": [
      [
        -0.020635331425695347,
        -0.1152019628901611,
        0.4426760788983363
      ],
      [
        -0.05571390487169005,
        -0.07830967087601913,
        0.46018392640155514
      ],
      [
        -0.05334439179530459,
        -0.07662475590873793,
        0.4611148619522265
      ],
      [
        0.014448928397265803,
        -0.14976296616020734,
        0.42093432149693144
      ],
      [
        0.01207941532088036,
        -0.15144788112748858,
        0.4200033859462602
      ],
      [
        -0.0557195912486565,
        -0.08064095962011485,
        0.4644178362997411
      ],
      [
        -0.053350078172271054,
        -0.07895604465283362,
        0.46534877185041246
      ],
      [
        0.014443242020299368,
        -0.15209425490430306,
        0.42516823139511745
      ],
      [
        0.012073728943913925,
        -0.1537791698715843,
        0.42423729584444614
      ]
    ],
    "model_matrix": [
      0.7361526193619934,
      0.4184269582749436,
      0.5319757528264374,
      -0.0947103423405085,
      0.24859389522008102,
      -0.8982209260656543,
      0.36249171471506186,
      -0.0963174829252523,
      0.6295080589363281,
      -0.13460330072675405,
      -0.7652460749116452,
      0.5024630051333262,
      0.0,
      0.0,
      0.0,
      1.0
    ],
    "view_matrix": [
      0.835829266839571,
      -0.3729944723186866,
      0.4028207545722163,
      -0.17980207101630177,
      0.3782420224056579,
      0.9230648112840844,
      0.069887957872266,
      -0.025587365595928994,
      -0.39789748576851175,
      0.09394933628707734,
      0.9126067680169344,
      -0.04451110376435885,
      0.0,
      0.0,
      0.0,
      1.0
    ],
    "camera_intrinsics": {
      "fx": 585.2832275493238,
      "fy": 585.2832275493238,
      "cx": 256.0,
      "cy": 256.0,
      "image_width": 512,
      "image_height": 512,
      "model": "SIMPLE_RADIAL",
      "dist": [
        0.17293148549610396,
        0.0,
        0.0,
        0.0
      ]
    },
    "visibility": [
      1.0,
      1.0,
      1.0,
      1.0,
      1.0,
      1.0,
      1.0,
      1.0,
      1.0
    ],
    "keypoints_2d_visibility": [
      1.0,
      1.0,
      1.0,
      1.0,
      1.0,
      1.0,
      1.0,
      1.0,
      1.0
    ],
    "pose_6dof": {
      "translation": [
        -0.0947103423405085,
        -0.0963174829252523,
        0.5024630051333262
      ],
      "rotation": [
        0.7361526193619934,
        0.4184269582749436,
        0.5319757528264374,
        0.24859389522008102,
        -0.8982209260656543,
        0.36249171471506186,
        0.6295080589363281,
        -0.13460330072675405,
        -0.7652460749116452
      ]
    },
    "pose_9dof": {
      "translation": [
        -0.0947103423405085,
        -0.0963174829252523,
        0.5024630051333262
      ],
      "rotation": [
        0.7361526193619934,
        0.4184269582749436,
        0.5319757528264374,
        0.24859389522008102,
        -0.8982209260656543,
        0.36249171471506186,
        0.6295080589363281,
        -0.13460330072675405,
        -0.7652460749116452
      ],
      "scale": [
        0.003052895619839212,
        0.1075156169716759,
        0.004833314863443854
      ]
    }
  },
  {
    "frame_id": 9,
    "image": "frame_000009.png",
    "keypoints_2d": [
      [
        0.44597079953436136,
        0.20014777616563018,
        0.44210732363936217
      ],
      [
        0.3603350886311925,
        0.3056450884664293,
        0.45951257445179916
      ],
      [
        0.3666182162918663,
        0.3103403928651566,
        0.46044381934256096
      ],
      [
        0.5401823256302694,
        0.08498956171355437,
        0.4204644857932115
      ],
      [
        0.5336745082383432,
        0.0791456992318143,
        0.41953324090244976
      ],
      [
        0.36155124989851267,
        0.30160824280952453,
        0.46375016148551285
      ],
      [
        0.3677755046440573,
        0.3062720234493939,
        0.46468140637627453
      ],
      [
        0.5397498045055902,
        0.082624306622328,
        0.4247020728269251
      ],
      [
        0.5333044909979706,
        0.07682950444012965,
        0.4237708279361634
      ]
    ],
    "keypoints_3d": [
      [
        -0.02061876739120727,
        -0.11443040433124904,
        0.44210732363936217
      ],
      [
        -0.05565735773160077,
        -0.07745167151936135,
        0.45951257445179916
      ],
      [
        -0.0532861921288004,
        -0.07576925412074705,
        0.46044381934256096
      ],
      [
