[
  {
    "frame_id": 0,
    "image": "frame_000000.png",
    "keypoints_2d": [
      [
        0.39412741723594946,
        0.3496733345793087,
        0.029516610675028754
      ],
      [
        0.38881380413015276,
        0.3077070163084849,
        0.02493717419028795
      ],
      [
        0.4550208476471094,
        0.25896508112273275,
        0.02583922975727865
      ],
      [
        0.38179694937728886,
        0.20197225050817302,
        0.026736845176470736
      ],
      [
        0.31522503737566576,
        0.24708687974158294,
        0.02583478960948004
      ],
      [
        0.4041723866084488,
        0.47135057259395663,
        0.03229637617358678
      ],
      [
        0.4552341315964082,
        0.4291117390755149,
        0.033198431740577475
      ],
      [
        0.39800137039425687,
        0.3803263240531696,
        0.034096047159769556
      ],
      [
        0.34671441373452383,
        0.4201132745458434,
        0.03319399159277886
      ]
    ],
    "keypoints_3d": [
      [
        -0.0032725679890217105,
        -0.004646663189926231,
        0.029516610675028754
      ],
      [
        -0.0029019377833714496,
        -0.0050188089491329515,
        0.02493717419028795
      ],
      [
        -0.001215930051880405,
        -0.0065159431888802775,
        0.02583922975727865
      ],
      [
        -0.0033012492850687213,
        -0.008323506794091988,
        0.026736845176470736
      ],
      [
        -0.004987257016559766,
        -0.006826372554344663,
        0.02583478960948004
      ],
      [
        -0.0032438866929747,
        -0.0009698195857604733,
        0.03229637617358678
      ],
      [
        -0.0015578789614836544,
        -0.002466953825507799,
        0.033198431740577475
      ],
      [
        -0.0036431981946719715,
        -0.00427451743071951,
        0.034096047159769556
      ],
      [
        -0.005329205926163016,
        -0.002777383190972184,
        0.03319399159277886
      ]
    ],
    "model_matrix": [
      0.46376333705820705,
      -0.8841467691000897,
      -0.05663972007795374,
      0.0024853172060309257,
      -0.7250278632624644,
      -0.34200428401443783,
      -0.5978023646731728,
      -0.0008466601099282667,
      0.5091740023741405,
      0.31830419476602057,
      -0.7996400908537878,
      0.026853953968390437,
      0.0,
      0.0,
      0.0,
      1.0
    ],
    "view_matrix": [
      0.9549965108484445,
      -0.28191023084926853,
      0.09224037082432467,
      -0.008361738068317272,
      0.2920888544468218,
      0.9479201078984694,
      -0.12701011829652617,
      -0.0011593066325615094,
      -0.051631050495222056,
      0.1482366040634577,
      0.9876032319917213,
      0.0032493845017424372,
      0.0,
      0.0,
      0.0,
      1.0
    ],
    "camera_intrinsics": {
      "fx": 488.3008562806742,
      "fy": 488.3008562806742,
      "cx": 256.0,
      "cy": 256.0,
      "image_width": 512,
      "image_height": 512,
      "model": "SIMPLE_RADIAL",
      "dist": [
        0.03379363969836341,
        0.0,
        0.0,
        0.0
      ]
    },
    "visibility": [
      1.0,
      1.0,
      1.0,
      1.0,
      1.0,
      1.0,
      1.0,
      1.0,
      1.0
    ],
    "keypoints_2d_visibility": [
      1.0,
      1.0,
      1.0,
      1.0,
      1.0,
      1.0,
      1.0,
      1.0,
      1.0
    ],
    "pose_6dof": {
      "translation": [
        0.0024853172060309257,
        -0.0008466601099282667,
        0.026853953968390437
      ],
      "rotation": [
        0.46376333705820705,
        -0.8841467691000897,
        -0.05663972007795374,
        -0.7250278632624644,
        -0.34200428401443783,
        -0.5978023646731728,
        0.5091740023741405,
        0.31830419476602057,
        -0.7996400908537878
      ]
    },
    "pose_9dof": {
      "translation": [
        0.0024853172060309257,
        -0.0008466601099282667,
        0.026853953968390437
      ],
      "rotation": [
        0.46376333705820705,
        -0.8841467691000897,
        -0.05663972007795374,
        -0.7250278632624644,
        -0.34200428401443783,
        -0.5978023646731728,
        0.5091740023741405,
        0.31830419476602057,
        -0.7996400908537878
      ],
      "scale": [
        0.0024285257355873926,
        0.0029019917181071424,
        0.008406491405602673
      ]
    }
  },
  {
    "frame_id": 1,
    "image": "frame_000001.png",
    "keypoints_2d": [
      [
        0.39386356079313156,
        0.34982216539375344,
        0.029550992750503904
      ],
      [
        0.3886643079340921,
        0.3078825775000825,
        0.024971941465555876
      ],
      [
        0.45484624776888816,
        0.2591599277303718,
        0.025875682360607954
      ],
      [
        0.38162245329229255,
        0.20221693918668388,
        0.026772337747424567
      ],
      [
        0.3150809005526515,
        0.24731077140522423,
        0.025868596852372486
      ],
      [
        0.4038571451203059,
        0.4715292408832875,
        0.03232964775358324
      ],
      [
        0.45492842361963665,
        0.42927035812179415,
        0.033233388648635315
      ],
      [
        0.39765692926934093,
        0.3804727406536041,
        0.03413004403545193
      ],
      [
        0.3463614016899356,
        0.4202780426749875,
        0.03322630314039985
      ]
    ],
    "keypoints_3d": [
      [
        -0.0032799845312569955,
        -0.004641016583249805,
        0.029550992750503904
      ],
      [
        -0.0029060555688539026,
        -0.005014599497879285,
        0.024971941465555876
      ],
      [
        -0.00122082103161695,
        -0.006511587873760845,
        0.025875682360607954
      ],
      [
        -0.0033069335257914605,
        -0.008318712581937957,
        0.026772337747424567
      ],
      [
        -0.004992168063028412,
        -0.006821724206056396,
        0.025868596852372486
      ],
      [
        -0.0032530355367225315,
        -0.0009633205845616534,
        0.03232964775358324
      ],
      [
        -0.0015678009994855788,
        -0.0024603089604432133,
        0.033233388648635315
      ],
      [
        -0.0036539134936600893,
        -0.004267433668620324,
        0.03413004403545193
      ],
      [
        -0.005339148030897041,
        -0.0027704452927387636,
        0.03322630314039985
      ]
    ],
    "model_matrix": [
      0.46376333705820705,
      -0.8841467691000897,
      -0.05663972007795374,
      0.0024853172060309257,
      -0.7250278632624644,
      -0.34200428401443783,
      -0.5978023646731728,
      -0.0008466601099282667,
      0.5091740023741405,
      0.31830419476602057,
      -0.7996400908537878,
      0.026853953968390437,
      0.0,
      0.0,
      0.0,
      1.0
    ],
    "view_matrix": [
      0.9550566424806799,
      -0.281943677939818,
      0.09151268831860977,
      -0.00834979122253807,
      0.291998417147352,
      0.9479876505078899,
      -0.1267136096398955,
      -0.0011613405046919164,
      -0.05102679724391722,
      0.14774023471721912,
      0.9877090102903432,
      0.003279003994528017,
      0.0,
      0.0,
      0.0,
      1.0
    ],
    "camera_intrinsics": {
      "fx": 489.0539374575706,
      "fy": 489.0539374575706,
      "cx": 256.0,
      "cy": 256.0,
      "image_width": 512,
      "image_height": 512,
      "model": "SIMPLE_RADIAL",
      "dist": [
        0.029775213155909405,
        0.0,
        0.0,
        0.0
      ]
    },
    "visibility": [
      1.0,
      1.0,
      1.0,
      1.0,
      1.0,
      1.0,
      1.0,
      1.0,
      1.0
    ],
    "keypoints_2d_visibility": [
      1.0,
      1.0,
      1.0,
      1.0,
      1.0,
      1.0,
      1.0,
      1.0,
      1.0
    ],
    "pose_6dof": {
      "translation": [
        0.0024853172060309257,
        -0.0008466601099282667,
        0.026853953968390437
      ],
      "rotation": [
        0.46376333705820705,
        -0.8841467691000897,
        -0.05663972007795374,
        -0.7250278632624644,
        -0.34200428401443783,
        -0.5978023646731728,
        0.5091740023741405,
        0.31830419476602057,
        -0.7996400908537878
      ]
    },
    "pose_9dof": {
      "translation": [
        0.0024853172060309257,
        -0.0008466601099282667,
        0.026853953968390437
      ],
      "rotation": [
        0.46376333705820705,
        -0.8841467691000897,
        -0.05663972007795374,
        -0.7250278632624644,
        -0.34200428401443783,
        -0.5978023646731728,
        0.5091740023741405,
        0.31830419476602057,
        -0.7996400908537878
      ],
      "scale": [
        0.0024285257355873926,
        0.0029019917181071424,
        0.008406491405602673
      ]
    }
  },
  {
    "frame_id": 2,
    "image": "frame_000002.png",
    "keypoints_2d": [
      [
        0.3933063347487309,
        0.34977177315031566,
        0.02955465547039524
      ],
      [
        0.3878659099461542,
        0.30794495479942785,
        0.024975081140184773
      ],
      [
        0.4539585286365058,
        0.2590842050627273,
        0.025876603335698592
      ],
      [
        0.3806931193762045,
        0.20228351998501426,
        0.026773074572529573
      ],
      [
        0.3142429922904285,
        0.24752109110409592,
        0.025871552377015754
      ],
      [
        0.4036062424282253,
        0.47136563022870376,
        0.032336236368260905
      ],
      [
        0.45458987849696264,
        0.4290193059408459,
        0.03323775856377472
      ],
      [
        0.39727612424312064,
        0.38034033933222444,
        0.0341342298006057
      ],
      [
        0.3460687428174393,
        0.42023791690050616,
        0.03323270760509189
      ]
    ],
    "keypoints_3d": [
      [
        -0.0032987900007639863,
        -0.004644805962913977,
        0.02955465547039524
      ],
      [
        -0.0029283200669200215,
        -0.005015411839022449,
        0.024975081140184773
      ],
      [
        -0.001245321771700579,
        -0.006516248844727827,
        0.025876603335698592
      ],
      [
        -0.0033342432783372133,
        -0.008320217301383352,
        0.026773074572529573
      ],
      [
        -0.005017241573556656,
        -0.006819380295677974,
        0.025871552377015754
      ],
      [
        -0.0032633367231907585,
        -0.0009693946244446012,
        0.032336236368260905
      ],
      [
        -0.001580338427971317,
        -0.0024702316301499798,
        0.03323775856377472
      ],
      [
        -0.0036692599346079494,
        -0.004274200086805504,
        0.0341342298006057
      ],
      [
        -0.005352258229827392,
        -0.002773363081100126,
        0.03323270760509189
      ]
    ],
    "model_matrix": [
      0.46376333705820705,
      -0.8841467691000897,
      -0.05663972007795374,
      0.0024853172060309257,
      -0.7250278632624644,
      -0.34200428401443783,
      -0.5978023646731728,
      -0.0008466601099282667,
      0.5091740023741405,
      0.31830419476602057,
      -0.7996400908537878,
      0.026853953968390437,
      0.0,
      0.0,
      0.0,
      1.0
    ],
    "view_matrix": [
      0.9555660216868894,
      -0.2800942742352588,
      0.0918736944838664,
      -0.00837799128755095,
      0.2902664005321849,
      0.9483905063895832,
      -0.12767483742773764,
      -0.001134671424888352,
      -0.0513711487080091,
      0.14866958307176917,
      0.9875516999882518,
      0.003288533782829125,
      0.0,
      0.0,
      0.0,
      1.0
    ],
    "camera_intrinsics": {
      "fx": 488.88269965580747,
      "fy": 488.88269965580747,
      "cx": 256.0,
      "cy": 256.0,
      "image_width": 512,
      "image_height": 512,
      "model": "SIMPLE_RADIAL",
      "dist": [
        0.02946084587765349,
        0.0,
        0.0,
        0.0
      ]
    },
    "visibility": [
      1.0,
      1.0,
      1.0,
      1.0,
      1.0,
      1.0,
      1.0,
      1.0,
      1.0
    ],
    "keypoints_2d_visibility": [
      1.0,
      1.0,
      1.0,
      1.0,
      1.0,
      1.0,
      1.0,
      1.0,
      1.0
    ],
    "pose_6dof": {
      "translation": [
        0.0024853172060309257,
        -0.0008466601099282667,
        0.026853953968390437
      ],
      "rotation": [
        0.46376333705820705,
        -0.8841467691000897,
        -0.05663972007795374,
        -0.7250278632624644,
        -0.34200428401443783,
        -0.5978023646731728,
        0.5091740023741405,
        0.31830419476602057,
        -0.7996400908537878
      ]
    },
    "pose_9dof": {
      "translation": [
        0.0024853172060309257,
        -0.0008466601099282667,
        0.026853953968390437
      ],
      "rotation": [
        0.46376333705820705,
        -0.8841467691000897,
        -0.05663972007795374,
        -0.7250278632624644,
        -0.34200428401443783,
        -0.5978023646731728,
        0.5091740023741405,
        0.31830419476602057,
        -0.7996400908537878
      ],
      "scale": [
        0.0024285257355873926,
        0.0029019917181071424,
        0.008406491405602673
      ]
    }
  },
  {
    "frame_id": 3,
    "image": "frame_000003.png",
    "keypoints_2d": [
      [
        0.39368351059684503,
        0.35097014528381,
        0.029490428522711148
      ],
      [
        0.38820887019530903,
        0.30897680715795894,
        0.02491137797889919
      ],
      [
        0.4542772542623614,
        0.2600586582388328,
        0.025814947459307798
      ],
      [
        0.38091117160962573,
        0.2033889043326097,
        0.026714931204458663
      ],
      [
        0.31448006467663336,
        0.2486683770406956,
        0.025811361724050054
      ],
      [
        0.40410947039583034,
        0.4726234203626544,
        0.03226592584096364
      ],
      [
        0.45504970820456053,
        0.43022380245053105,
        0.03316949532137225
      ],
      [
        0.3976752386012405,
        0.3816390220781533,
        0.03406947906652311
      ],
      [
        0.3465083841643121,
        0.42157892224576066,
        0.033165909586114505
      ]
    ],
    "keypoints_3d": [
      [
        -0.0032862628422325986,
        -0.004606541061377487,
        0.029490428522711148
      ],
      [
        -0.0029174354623129582,
        -0.004985170450421835,
        0.02491137797889919
      ],
      [
        -0.0012360761272874185,
        -0.006486613166281113,
        0.025814947459307798
      ],
      [
        -0.003327012533387772,
        -0.008286493755673311,
        0.026714931204458663
      ],
      [
        -0.005008371868413311,
        -0.006785051039814035,
        0.025811361724050054
      ],
      [
        -0.003245513151077425,
        -0.0009265883670816624,
        0.03226592584096364
      ],
      [
        -0.0015641538160518862,
        -0.0024280310829409395,
        0.03316949532137225
      ],
      [
        -0.003655090222152239,
        -0.004227911672333139,
        0.03406947906652311
      ],
      [
        -0.005336449557177778,
        -0.0027264689564738616,
        0.033165909586114505
      ]
    ],
    "model_matrix": [
      0.46376333705820705,
      -0.8841467691000897,
      -0.05663972007795374,
      0.0024853172060309257,
      -0.7250278632624644,
      -0.34200428401443783,
      -0.5978023646731728,
      -0.0008466601099282667,
      0.5091740023741405,
      0.31830419476602057,
      -0.7996400908537878,
      0.026853953968390437,
      0.0,
      0.0,
      0.0,
      1.0
    ],
    "view_matrix": [
      0.9559136671170404,
      -0.2788740655203737,
      0.09196910676412177,
      -0.008367857233126032,
      0.2889899421609285,
      0.9489830903262487,
      -0.12615826411561834,
      -0.0011334583921313787,
      -0.05209485913864541,
      0.14717455573223667,
      0.9877377059707417,
      0.0032198447090272153,
      0.0,
      0.0,
      0.0,
      1.0
    ],
    "camera_intrinsics": {
      "fx": 487.934279835949,
      "fy": 487.934279835949,
      "cx": 256.0,
      "cy": 256.0,
      "image_width": 512,
      "image_height": 512,
      "model": "SIMPLE_RADIAL",
      "dist": [
        0.030539645930886122,
        0.0,
        0.0,
        0.0
      ]
    },
    "visibility": [
      1.0,
      1.0,
      1.0,
      1.0,
      1.0,
      1.0,
      1.0,
      1.0,
      1.0
    ],
    "keypoints_2d_visibility": [
      1.0,
      1.0,
      1.0,
      1.0,
      1.0,
      1.0,
      1.0,
      1.0,
      1.0
    ],
    "pose_6dof": {
      "translation": [
        0.0024853172060309257,
        -0.0008466601099282667,
        0.026853953968390437
      ],
      "rotation": [
        0.46376333705820705,
        -0.8841467691000897,
        -0.05663972007795374,
        -0.7250278632624644,
        -0.34200428401443783,
        -0.5978023646731728,
        0.5091740023741405,
        0.31830419476602057,
        -0.7996400908537878
      ]
    },
    "pose_9dof": {
      "translation": [
        0.0024853172060309257,
        -0.0008466601099282667,
        0.026853953968390437
      ],
      "rotation": [
        0.46376333705820705,
        -0.8841467691000897,
        -0.05663972007795374,
        -0.7250278632624644,
        -0.34200428401443783,
        -0.5978023646731728,
        0.5091740023741405,
        0.31830419476602057,
        -0.7996400908537878
      ],
      "scale": [
        0.0024285257355873926,
        0.0029019917181071424,
        0.008406491405602673
      ]
    }
  },
  {
    "frame_id": 4,
    "image": "frame_000004.png",
    "keypoints_2d": [
      [
        0.39222205488869205,
        0.3451016772725196,
        0.029560250293784347
      ],
      [
        0.38680638545065066,
        0.30264594109995047,
        0.024980503904857294
      ],
      [
        0.45299154723007984,
        0.2536626948670202,
        0.025881503875308146
      ],
      [
        0.37938502385721773,
        0.19679860068827343,
        0.026772508690994512
      ],
      [
        0.3128132738973035,
        0.24216824033188578,
        0.02587150872054366
      ],
      [
        0.40268943388252293,
        0.4672657561173237,
        0.032347991896574176
      ],
      [
        0.45372828005560206,
        0.4248169712934211,
        0.03324899186702503
      ],
      [
        0.3961727412948316,
        0.3761273310559103,
        0.03413999668271139
      ],
      [
        0.34489385331253525,
        0.41613448809153464,
        0.03323899671226054
      ]
    ],
    "keypoints_3d": [
      [
        -0.003323277647747985,
        -0.004776210318931754,
        0.029560250293784347
      ],
      [
        -0.0029478908359506723,
        -0.0051396735053061285,
        0.024980503904857294
      ],
      [
        -0.0012679102093367976,
        -0.006644200472781256,
        0.025881503875308146
      ],
      [
        -0.0033602319012172328,
        -0.00844693625155549,
        0.026772508690994512
      ],
      [
        -0.0050402125278311075,
        -0.0069424092840803635,
        0.02587150872054366
      ],
      [
        -0.003286323394278737,
        -0.001105484386308016,
        0.032347991896574176
      ],
      [
        -0.0016063427676648633,
        -0.002610011353783144,
        0.03324899186702503
      ],
      [
        -0.0036986644595452985,
        -0.00441274713255738,
        0.03413999668271139
      ],
      [
        -0.005378645086159173,
        -0.0029082201650822504,
        0.03323899671226054
      ]
    ],
    "model_matrix": [
      0.46376333705820705,
      -0.8841467691000897,
      -0.05663972007795374,
      0.0024853172060309257,
      -0.7250278632624644,
      -0.34200428401443783,
      -0.5978023646731728,
      -0.0008466601099282667,
      0.5091740023741405,
      0.31830419476602057,
      -0.7996400908537878,
      0.026853953968390437,
      0.0,
      0.0,
      0.0,
      1.0
    ],
    "view_matrix": [
      0.9560026685284101,
      -0.27903555426106585,
      0.09054312356429192,
      -0.008366936674247474,
      0.2891064952500927,
      0.9485057390835347,
      -0.12943839202418142,
      -0.0012157370714722061,
      -0.049762758874151936,
      0.1499200533078124,
      0.9874450088209549,
      0.003294055050253075,
      0.0,
      0.0,
      0.0,
      1.0
    ],
    "camera_intrinsics": {
      "fx": 490.2403984565761,
      "fy": 490.2403984565761,
      "cx": 256.0,
      "cy": 256.0,
      "image_width": 512,
      "image_height": 512,
      "model": "SIMPLE_RADIAL",
      "dist": [
        0.03164962364730697,
        0.0,
        0.0,
        0.0
      ]
    },
    "visibility": [
      1.0,
      1.0,
      1.0,
      1.0,
      1.0,
      1.0,
      1.0,
      1.0,
      1.0
    ],
    "keypoints_2d_visibility": [
      1.0,
      1.0,
      1.0,
      1.0,
      1.0,
      1.0,
      1.0,
      1.0,
      1.0
    ],
    "pose_6dof": {
      "translation": [
        0.0024853172060309257,
        -0.0008466601099282667,
        0.026853953968390437
      ],
      "rotation": [
        0.46376333705820705,
        -0.8841467691000897,
        -0.05663972007795374,
        -0.7250278632624644,
        -0.34200428401443783,
        -0.5978023646731728,
        0.5091740023741405,
        0.31830419476602057,
        -0.7996400908537878
      ]
    },
    "pose_9dof": {
      "translation": [
        0.0024853172060309257,
        -0.0008466601099282667,
        0.026853953968390437
      ],
      "rotation": [
        0.46376333705820705,
        -0.8841467691000897,
        -0.05663972007795374,
        -0.7250278632624644,
        -0.34200428401443783,
        -0.5978023646731728,
        0.5091740023741405,
        0.31830419476602057,
        -0.7996400908537878
      ],
      "scale": [
        0.0024285257355873926,
        0.0029019917181071424,
        0.008406491405602673
      ]
    }
  },
  {
    "frame_id": 5,
    "image": "frame_000005.png",
    "keypoints_2d": [
      [
        0.3972987494178554,
        0.3492341982422431,
        0.029536038765592864
      ],
      [
        0.3918942033548565,
        0.3069585395338388,
        0.024955700469260666
      ],
      [
        0.4576800677388382,
        0.25772769878522467,
        0.025853372865014563
      ],
      [
        0.38399407456985746,
        0.20146359507280942,
        0.026759304060659704
      ],
      [
        0.3178554972293709,
        0.24707173126968968,
        0.02586163166490581
      ],
      [
        0.4081611898066777,
        0.4710310591133613,
        0.032312773470526024
      ],
      [
        0.4588830748080792,
        0.4284153285478556,
        0.03321044586627992
      ],
      [
        0.40124034229894984,
        0.3801190020521467,
        0.034116377061925066
      ],
      [
        0.3502976206412428,
        0.42028343287167524,
        0.03321870466617117
      ]
    ],
    "keypoints_3d": [
      [
        -0.00317356623744261,
        -0.004658806543321367,
        0.029536038765592864
      ],
      [
        -0.002820966193661209,
        -0.0050373194671286,
        0.024955700469260666
      ],
      [
        -0.0011435753306295012,
        -0.006546717165195446,
        0.025853372865014563
      ],
      [
        -0.003239786527640863,
        -0.008337455342105629,
        0.026759304060659704
      ],
      [
        -0.004917177390672571,
        -0.006828057644038783,
        0.02586163166490581
      ],
      [
        -0.003107345947244357,
        -0.0009801577445371034,
        0.032312773470526024
      ],
      [
        -0.0014299550842126491,
        -0.00248955544260395,
        0.03321044586627992
      ],
      [
        -0.003526166281224011,
        -0.004280293619514133,
        0.034116377061925066
      ],
      [
        -0.005203557144255719,
        -0.0027708959214472863,
        0.03321870466617117
      ]
    ],
    "model_matrix": [
      0.46376333705820705,
      -0.8841467691000897,
      -0.05663972007795374,
      0.0024853172060309257,
      -0.7250278632624644,
      -0.34200428401443783,
      -0.5978023646731728,
      -0.0008466601099282667,
      0.5091740023741405,
      0.31830419476602057,
      -0.7996400908537878,
      0.026853953968390437,
      0.0,
      0.0,
      0.0,
      1.0
    ],
    "view_matrix": [
      0.957043837721112,
      -0.274102426383249,
      0.09452487784102896,
      -0.008322562063120726,
      0.2846758401894115,
      0.9501795700757637,
      -0.12695846022652274,
      -0.0011525005210127116,
      -0.05501598579048188,
      0.1484137610245509,
      0.9873938407981129,
      0.003282998203443857,
      0.0,
      0.0,
      0.0,
      1.0
    ],
    "camera_intrinsics": {
      "fx": 488.8072674087406,
      "fy": 488.8072674087406,
      "cx": 256.0,
      "cy": 256.0,
      "image_width": 512,
      "image_height": 512,
      "model": "SIMPLE_RADIAL",
      "dist": [
        0.03243085336354629,
        0.0,
        0.0,
        0.0
      ]
    },
    "visibility": [
      1.0,
      1.0,
      1.0,
      1.0,
      1.0,
      1.0,
      1.0,
      1.0,
      1.0
    ],
    "keypoints_2d_visibility": [
      1.0,
      1.0,
      1.0,
      1.0,
      1.0,
      1.0,
      1.0,
      1.0,
      1.0
    ],
    "pose_6dof": {
      "translation": [
        0.0024853172060309257,
        -0.0008466601099282667,
        0.026853953968390437
      ],
      "rotation": [
        0.46376333705820705,
        -0.8841467691000897,
        -0.05663972007795374,
        -0.7250278632624644,
        -0.34200428401443783,
        -0.5978023646731728,
        0.5091740023741405,
        0.31830419476602057,
        -0.7996400908537878
      ]
    },
    "pose_9dof": {
      "translation": [
        0.0024853172060309257,
        -0.0008466601099282667,
        0.026853953968390437
      ],
      "rotation": [
        0.46376333705820705,
        -0.8841467691000897,
        -0.05663972007795374,
        -0.7250278632624644,
        -0.34200428401443783,
        -0.5978023646731728,
        0.5091740023741405,
        0.31830419476602057,
        -0.7996400908537878
      ],
      "scale": [
        0.0024285257355873926,
        0.0029019917181071424,
        0.008406491405602673
      ]
    }
  },
  {
    "frame_id": 6,
    "image": "frame_000006.png",
    "keypoints_2d": [
      [
        0.39844385150559575,
        0.3484155126911113,
        0.029445690548715167
      ],
      [
        0.3932303246593045,
        0.3060447114813634,
        0.024865034802784843
      ],
      [
        0.45909927693863,
        0.2568079937965635,
        0.025761458978620262
      ],
      [
        0.38533209145661024,
        0.20043779794325406,
        0.026665516042431777
      ],
      [
        0.3191135441370643,
        0.24603883226105777,
        0.025769091866596358
      ],
      [
        0.4091460887714897,
        0.4703063577770215,
        0.03222586505499856
      ],
      [
        0.45989672732007963,
        0.4277053077520905,
        0.033122289230833976
      ],
      [
        0.4022426265671886,
        0.37934058811145993,
        0.03402634629464549
      ],
      [
        0.351272949973226,
        0.4194859387568376,
        0.03312992211881007
      ]
    ],
    "keypoints_3d": [
      [
        -0.0031356371081606264,
        -0.004680306908778107,
        0.029445690548715167
      ],
      [
        -0.0027823029815091964,
        -0.005054266352341279,
        0.024865034802784843
      ],
      [
        -0.0011038153841948237,
        -0.006563186605717815,
        0.025761458978620262
      ],
      [
        -0.003198708956122521,
        -0.008356412101753093,
        0.026665516042431777
      ],
      [
        -0.004877196553436892,
        -0.00684749184837656,
        0.025769091866596358
      ],
      [
        -0.0030725652601987317,
        -0.0010042017158031207,
        0.03222586505499856
      ],
      [
        -0.00139407766288436,
        -0.002513121969179655,
        0.033122289230833976
      ],
      [
        -0.0034889712348120565,
        -0.004306347465214935,
        0.03402634629464549
      ],
      [
        -0.005167458832126428,
        -0.002797427211838399,
        0.03312992211881007
      ]
    ],
    "model_matrix": [
      0.46376333705820705,
      -0.8841467691000897,
      -0.05663972007795374,
      0.0024853172060309257,
      -0.7250278632624644,
      -0.34200428401443783,
      -0.5978023646731728,
      -0.0008466601099282667,
      0.5091740023741405,
      0.31830419476602057,
      -0.7996400908537878,
      0.026853953968390437,
      0.0,
      0.0,
      0.0,
      1.0
    ],
    "view_matrix": [
      0.9568256771293069,
      -0.27486123085474073,
      0.09453003416407117,
      -0.00828487165270512,
      0.285477006856424,
      0.9498254771615411,
      -0.12780626546123638,
      -0.001153524913370397,
      -0.05465804737036252,
      0.14927446770251,
      0.9872839668250425,
      0.0031954396726776705,
      0.0,
      0.0,
      0.0,
      1.0
    ],
    "camera_intrinsics": {
      "fx": 487.7332695643397,
      "fy": 487.7332695643397,
      "cx": 256.0,
      "cy": 256.0,
      "image_width": 512,
      "image_height": 512,
      "model": "SIMPLE_RADIAL",
      "dist": [
        0.030825215250411295,
        0.0,
        0.0,
        0.0
      ]
    },
    "visibility": [
      1.0,
      1.0,
      1.0,
      1.0,
      1.0,
      1.0,
      1.0,
      1.0,
      1.0
    ],
    "keypoints_2d_visibility": [
      1.0,
      1.0,
      1.0,
      1.0,
      1.0,
      1.0,
      1.0,
      1.0,
      1.0
    ],
    "pose_6dof": {
      "translation": [
        0.0024853172060309257,
        -0.0008466601099282667,
        0.026853953968390437
      ],
      "rotation": [
        0.46376333705820705,
        -0.8841467691000897,
        -0.05663972007795374,
        -0.7250278632624644,
        -0.34200428401443783,
        -0.5978023646731728,
        0.5091740023741405,
        0.31830419476602057,
        -0.7996400908537878
      ]
    },
    "pose_9dof": {
      "translation": [
        0.0024853172060309257,
        -0.0008466601099282667,
        0.026853953968390437
      ],
      "rotation": [
        0.46376333705820705,
        -0.8841467691000897,
        -0.05663972007795374,
        -0.7250278632624644,
        -0.34200428401443783,
        -0.5978023646731728,
        0.5091740023741405,
        0.31830419476602057,
        -0.7996400908537878
      ],
      "scale": [
        0.0024285257355873926,
        0.0029019917181071424,
        0.008406491405602673
      ]
    }
  },
  {
    "frame_id": 7,
    "image": "frame_000007.png",
    "keypoints_2d": [
      [
        0.39988418576918516,
        0.3468244034303072,
        0.029690218525973644
      ],
      [
        0.39553245070848586,
        0.303925192310597,
        0.02511144127520377
      ],
      [
        0.46124255629778227,
        0.254669230743638,
        0.02601590957460327
      ],
      [
        0.3870891577490118,
        0.19838878997158288,
        0.02691998421541763
      ],
      [
        0.32099336235889303,
        0.2440285165174631,
        0.02601551591601813
      ],
      [
        0.4103513872191155,
        0.46936939118130283,
        0.03246045283652966
      ],
      [
        0.46113638263802614,
        0.4266195507468268,
        0.03336492113592916
      ],
      [
        0.4030625579798671,
        0.3782216573374303,
        0.03426899577674352
      ],
      [
        0.35203626410362754,
        0.4185166978113983,
        0.033364527477344016
      ]
    ],
    "keypoints_3d": [
      [
        -0.0030819760147649733,
        -0.004715374072538935,
        0.029690218525973644
      ],
      [
        -0.0027185497973759723,
        -0.00510243738203455,
        0.02511144127520377
      ],
      [
        -0.0010444819995468002,
        -0.0066114673194655645,
        0.02601590957460327
      ],
      [
        -0.003144236541206754,
        -0.008398989582425452,
        0.02691998421541763
      ],
      [
        -0.004818304339035925,
        -0.006889959644994439,
        0.02601551591601813
      ],
      [
        -0.003019715488323192,
        -0.0010317585626524175,
        0.03246045283652966
      ],
      [
        -0.0013456476904940206,
        -0.002540788500083432,
        0.03336492113592916
      ],
      [
        -0.003445402232153974,
        -0.0043283107630433205,
        0.03426899577674352
      ],
      [
        -0.005119470029983145,
        -0.0028192808256123055,
        0.033364527477344016
      ]
    ],
    "model_matrix": [
      0.46376333705820705,
      -0.8841467691000897,
      -0.05663972007795374,
      0.0024853172060309257,
      -0.7250278632624644,
      -0.34200428401443783,
      -0.5978023646731728,
      -0.0008466601099282667,
      0.5091740023741405,
      0.31830419476602057,
      -0.7996400908537878,
      0.026853953968390437,
      0.0,
      0.0,
      0.0,
      1.0
    ],
    "view_matrix": [
      0.9573891737929862,
      -0.27374420564269775,
      0.09203303635668908,
      -0.008164611022395818,
      0.2838573534834211,
      0.9506520036151241,
      -0.12524284768376193,
      -0.0012527048407554987,
      -0.053206886559649245,
      0.1460304006006909,
      0.9878482420508883,
      0.0034184614118551583,
      0.0,
      0.0,
      0.0,
      1.0
    ],
    "camera_intrinsics": {
      "fx": 493.25538858526744,
      "fy": 493.25538858526744,
      "cx": 256.0,
      "cy": 256.0,
      "image_width": 512,
      "image_height": 512,
      "model": "SIMPLE_RADIAL",
      "dist": [
        0.03103577838480191,
        0.0,
        0.0,
        0.0
      ]
    },
    "visibility": [
      1.0,
      1.0,
      1.0,
      1.0,
      1.0,
      1.0,
      1.0,
      1.0,
      1.0
    ],
    "keypoints_2d_visibility": [
      1.0,
      1.0,
      1.0,
      1.0,
      1.0,
      1.0,
      1.0,
      1.0,
      1.0
    ],
    "pose_6dof": {
      "translation": [
        0.0024853172060309257,
        -0.0008466601099282667,
        0.026853953968390437
      ],
      "rotation": [
        0.46376333705820705,
        -0.8841467691000897,
        -0.05663972007795374,
        -0.7250278632624644,
        -0.34200428401443783,
        -0.5978023646731728,
        0.5091740023741405,
        0.31830419476602057,
        -0.7996400908537878
      ]
    },
    "pose_9dof": {
      "translation": [
        0.0024853172060309257,
        -0.0008466601099282667,
        0.026853953968390437
      ],
      "rotation": [
        0.46376333705820705,
        -0.8841467691000897,
        -0.05663972007795374,
        -0.7250278632624644,
        -0.34200428401443783,
        -0.5978023646731728,
        0.5091740023741405,
        0.31830419476602057,
        -0.7996400908537878
      ],
      "scale": [
        0.0024285257355873926,
        0.0029019917181071424,
        0.008406491405602673
      ]
    }
  },
  {
    "frame_id": 8,
    "image": "frame_000008.png",
    "keypoints_2d": [
      [
        0.3903886032663465,
        0.344981312149282,
        0.029792720405086424
      ],
      [
        0.3861895123721085,
        0.3008532645589068,
        0.025219754005119284
      ],
      [
        0.451687916562503,
        0.25100069297353444,
        0.026148369515258167
      ],
      [
        0.3762606656969426,
        0.195185229955758,
        0.027037999282204836
      ],
      [
        0.31020722842251613,
        0.2414099999433082,
        0.026109383772065953
      ],
      [
        0.4019544152707318,
        0.468811969869797,
        0.032547441527968006
      ],
      [
        0.452627587166153,
        0.42536515804274333,
        0.03347605703810689
      ],
      [
        0.39345778525510267,
        0.37732204533827896,
        0.03436568680505356
      ],
      [
        0.3424392175366092,
        0.4182960289579249,
        0.033437071294914675
      ]
    ],
    "keypoints_3d": [
      [
        -0.0033495614466371735,
        -0.004737140806578435,
        0.029792720405086424
      ],
      [
        -0.0029423410130864896,
        -0.005148537885422554,
        0.025219754005119284
      ],
      [
        -0.0012944707493158167,
        -0.0066716708659991545,
        0.026148369515258167
      ],
      [
        -0.003423031669418349,
        -0.008432166029053324,
        0.027037999282204836
      ],
      [
        -0.005070901933189021,
        -0.006909033048476724,
        0.026109383772065953
      ],
      [
        -0.003276091223855998,
        -0.0010421155841035465,
        0.032547441527968006
      ],
      [
        -0.0016282209600853269,
        -0.0025652485646801473,
        0.03347605703810689
      ],
      [
        -0.003756781880187858,
        -0.004325743727734316,
        0.03436568680505356
      ],
      [
        -0.00540465214395853,
        -0.0028026107471577156,
        0.033437071294914675
      ]
    ],
    "model_matrix": [
      0.46376333705820705,
      -0.8841467691000897,
      -0.05663972007795374,
      0.0024853172060309257,
      -0.7250278632624644,
      -0.34200428401443783,
      -0.5978023646731728,
      -0.0008466601099282667,
      0.5091740023741405,
      0.31830419476602057,
      -0.7996400908537878,
      0.026853953968390437,
      0.0,
      0.0,
      0.0,
      1.0
    ],
    "view_matrix": [
      0.9609432296154117,
      -0.2648452966968853,
      0.08028124484486396,
      -0.008117912990823711,
      0.2731706740637606,
      0.9542190218860019,
      -0.12183530318619645,
      -0.0013363977775595075,
      -0.044338383911153564,
      0.13900729149386576,
      0.9892982768728987,
      0.0034540368940526433,
      0.0,
      0.0,
      0.0,
      1.0
    ],
    "camera_intrinsics": {
      "fx": 498.5361023627977,
      "fy": 498.5361023627977,
      "cx": 256.0,
      "cy": 256.0,
      "image_width": 512,
      "image_height": 512,
      "model": "SIMPLE_RADIAL",
      "dist": [
        0.03349357559522127,
        0.0,
        0.0,
        0.0
      ]
    },
    "visibility": [
      1.0,
      1.0,
      1.0,
      1.0,
      1.0,
      1.0,
      1.0,
      1.0,
      1.0
    ],
    "keypoints_2d_visibility": [
      1.0,
      1.0,
      1.0,
      1.0,
      1.0,
      1.0,
      1.0,
      1.0,
      1.0
    ],
    "pose_6dof": {
      "translation": [
        0.0024853172060309257,
        -0.0008466601099282667,
        0.026853953968390437
      ],
      "rotation": [
        0.46376333705820705,
        -0.8841467691000897,
        -0.05663972007795374,
        -0.7250278632624644,
        -0.34200428401443783,
        -0.5978023646731728,
        0.5091740023741405,
        0.31830419476602057,
        -0.7996400908537878
      ]
    },
    "pose_9dof": {
      "translation": [
        0.0024853172060309257,
        -0.0008466601099282667,
        0.026853953968390437
      ],
      "rotation": [
        0.46376333705820705,
        -0.8841467691000897,
        -0.05663972007795374,
        -0.7250278632624644,
        -0.34200428401443783,
        -0.5978023646731728,
        0.5091740023741405,
        0.31830419476602057,
        -0.7996400908537878
      ],
      "scale": [
        0.0024285257355873926,
        0.0029019917181071424,
        0.008406491405602673
      ]
    }
  },
  {
    "frame_id": 9,
    "image": "frame_000009.png",
    "keypoints_2d": [
      [
        0.3813936399895385,
        0.3442244420461345,
        0.02955794106812093
      ],
      [
        0.37712615891450507,
        0.29978942430094235,
        0.024988706246045204
      ],
      [
        0.44259198597359783,
        0.2495499416700684,
        0.025931633035922837
      ],
      [
        0.3664178283291729,
        0.19380412555220222,
        0.026797732486955717
      ],
      [
        0.3002644389115968,
        0.24037949950038573,
