[
  {
    "frame_id": 0,
    "image": "frame_000000.png",
    "keypoints_2d": [
      [
        0.516253591988908,
        0.17127794085564996,
        0.095512824194697
      ],
      [
        0.5261536460799976,
        0.3014761623446442,
        0.10123333354093145
      ],
      [
        0.5692130731818192,
        0.26293336591570493,
        0.1047595396353219
      ],
      [
        0.5763335222155718,
        0.048024304360482495,
        0.08666845608666743
      ],
      [
        0.5236922084171161,
        0.08699670955421723,
        0.08314224999227697
      ],
      [
        0.46685612581019387,
        0.2721297226438512,
        0.10435719230272657
      ],
      [
        0.510565129315157,
        0.23564812925774786,
        0.10788339839711703
      ],
      [
        0.5050038672922245,
        0.022006946859331855,
        0.08979231484846256
      ],
      [
        0.45143724530479545,
        0.05845497125808574,
        0.08626610875407209
      ]
    ],
    "keypoints_3d": [
      [
        0.001561328980562278,
        -0.03157722168997676,
        0.095512824194697
      ],
      [
        0.0026740108207949295,
        -0.02029754812971006,
        0.10123333354093145
      ],
      [
        0.0073135192926070194,
        -0.025050056619423812,
        0.1047595396353219
      ],
      [
        0.0066131325860549,
        -0.03915678347053639,
        0.08666845608666743
      ],
      [
        0.00197362411424281,
        -0.03440427498082263,
        0.08314224999227697
      ],
      [
        -0.003490474624930337,
        -0.023997659909417143,
        0.10435719230272657
      ],
      [
        0.001149033846881753,
        -0.028750168399130895,
        0.10788339839711703
      ],
      [
        0.0004486471403296263,
        -0.04285689525024347,
        0.08979231484846256
      ],
      [
        -0.004190861331482464,
        -0.03810438676052971,
        0.08626610875407209
      ]
    ],
    "model_matrix": [
      0.36044244763819644,
      0.016770720583076378,
      -0.9326306797825767,
      -0.011072065177914531,
      0.770881063992604,
      -0.5683002448449956,
      0.2877103002792023,
      -0.018631751443357675,
      -0.5251891346155376,
      -0.8226503355862942,
      -0.217767762172321,
      0.06548514646728923,
      0.0,
      0.0,
      0.0,
      1.0
    ],
    "view_matrix": [
      -0.5115317478324801,
      0.71921337278468,
      -0.47017804645382266,
      0.04008749916218412,
      -0.6783239663712316,
      -0.002108215061601304,
      0.7347599281912796,
      -0.0872428101122983,
      0.5274579297023112,
      0.694786067676187,
      0.48893808662980287,
      0.08227977187383066,
      0.0,
      0.0,
      0.0,
      1.0
    ],
    "camera_intrinsics": {
      "fx": 505.67626175543126,
      "fy": 505.67626175543126,
      "cx": 256.0,
      "cy": 256.0,
      "image_width": 512,
      "image_height": 512,
      "model": "SIMPLE_RADIAL",
      "dist": [
        0.061444096721843415,
        0.0,
        0.0,
        0.0
      ]
    },
    "visibility": [
      1.0,
      1.0,
      1.0,
      1.0,
      1.0,
      1.0,
      1.0,
      1.0,
      1.0
    ],
    "keypoints_2d_visibility": [
      1.0,
      1.0,
      1.0,
      1.0,
      1.0,
      1.0,
      1.0,
      1.0,
      1.0
    ],
    "pose_6dof": {
      "translation": [
        -0.011072065177914531,
        -0.018631751443357675,
        0.06548514646728923
      ],
      "rotation": [
        0.36044244763819644,
        0.016770720583076378,
        -0.9326306797825767,
        0.770881063992604,
        -0.5683002448449956,
        0.2877103002792023,
        -0.5251891346155376,
        -0.8226503355862942,
        -0.217767762172321
      ]
    },
    "pose_9dof": {
      "translation": [
        -0.011072065177914531,
        -0.018631751443357675,
        0.06548514646728923
      ],
      "rotation": [
        0.36044244763819644,
        0.016770720583076378,
        -0.9326306797825767,
        0.770881063992604,
        -0.5683002448449956,
        0.2877103002792023,
        -0.5251891346155376,
        -0.8226503355862942,
        -0.217767762172321
      ],
      "scale": [
        0.007519674542487455,
        0.0229516358448589,
        0.007839017894897927
      ]
    }
  },
  {
    "frame_id": 1,
    "image": "frame_000001.png",
    "keypoints_2d": [
      [
        0.5151043391047171,
        0.17201199439914044,
        0.09562263633979473
      ],
      [
        0.5251533115604089,
        0.3022123063085074,
        0.10133052579252945
      ],
      [
        0.5682191700714614,
        0.26361210279165587,
        0.10486873872233232
      ],
      [
        0.5750852499227299,
        0.04903070010094085,
        0.08679436237978284
      ],
      [
        0.5225144488345873,
        0.0879013428923327,
        0.08325614944997999
      ],
      [
        0.46569572795519565,
        0.2728863025769239,
        0.1044509102998066
      ],
      [
        0.509429365450557,
        0.23635002585329612,
        0.10798912322960946
      ],
      [
        0.5036986823763171,
        0.02311303903849149,
        0.08991474688706
      ],
      [
        0.45017534560562966,
        0.05947449919297698,
        0.08637653395725714
      ]
    ],
    "keypoints_3d": [
      [
        0.0014491918890819702,
        -0.031468941086241285,
        0.09562263633979473
      ],
      [
        0.002566784457190212,
        -0.02018336141432421,
        0.10133052579252945
      ],
      [
        0.0071964391087468785,
        -0.0249365553190192,
        0.10486873872233232
      ],
      [
        0.006504238115514281,
        -0.03906508551744634,
        0.08679436237978284
      ],
      [
        0.0018745834639576214,
        -0.034311891612751354,
        0.08325614944997999
      ],
      [
        -0.0036058543373503338,
        -0.023872796655036235,
        0.1044509102998066
      ],
      [
        0.0010238003142063329,
        -0.028625990559731217,
        0.10798912322960946
      ],
      [
        0.00033159932097373557,
        -0.04275452075815835,
        0.08991474688706
      ],
      [
        -0.004298055330582931,
        -0.03800132685346337,
        0.08637653395725714
      ]
    ],
    "model_matrix": [
      0.36044244763819644,
      0.016770720583076378,
      -0.9326306797825767,
      -0.011072065177914531,
      0.770881063992604,
      -0.5683002448449956,
      0.2877103002792023,
      -0.018631751443357675,
      -0.5251891346155376,
      -0.8226503355862942,
      -0.217767762172321,
      0.06548514646728923,
      0.0,
      0.0,
      0.0,
      1.0
    ],
    "view_matrix": [
      -0.5129681197264494,
      0.7182997686588577,
      -0.47000973446189737,
      0.039931414487040684,
      -0.6771025334183209,
      -0.002030466758135341,
      0.7358858854762986,
      -0.08719329061395781,
      0.5276323221551191,
      0.6957307809414328,
      0.48740415782779367,
      0.08250956611854568,
      0.0,
      0.0,
      0.0,
      1.0
    ],
    "camera_intrinsics": {
      "fx": 507.30988902233423,
      "fy": 507.30988902233423,
      "cx": 256.0,
      "cy": 256.0,
      "image_width": 512,
      "image_height": 512,
      "model": "SIMPLE_RADIAL",
      "dist": [
        0.05389963505843751,
        0.0,
        0.0,
        0.0
      ]
    },
    "visibility": [
      1.0,
      1.0,
      1.0,
      1.0,
      1.0,
      1.0,
      1.0,
      1.0,
      1.0
    ],
    "keypoints_2d_visibility": [
      1.0,
      1.0,
      1.0,
      1.0,
      1.0,
      1.0,
      1.0,
      1.0,
      1.0
    ],
    "pose_6dof": {
      "translation": [
        -0.011072065177914531,
        -0.018631751443357675,
        0.06548514646728923
      ],
      "rotation": [
        0.36044244763819644,
        0.016770720583076378,
        -0.9326306797825767,
        0.770881063992604,
        -0.5683002448449956,
        0.2877103002792023,
        -0.5251891346155376,
        -0.8226503355862942,
        -0.217767762172321
      ]
    },
    "pose_9dof": {
      "translation": [
        -0.011072065177914531,
        -0.018631751443357675,
        0.06548514646728923
      ],
      "rotation": [
        0.36044244763819644,
        0.016770720583076378,
        -0.9326306797825767,
        0.770881063992604,
        -0.5683002448449956,
        0.2877103002792023,
        -0.5251891346155376,
        -0.8226503355862942,
        -0.217767762172321
      ],
      "scale": [
        0.007519674542487455,
        0.0229516358448589,
        0.007839017894897927
      ]
    }
  },
  {
    "frame_id": 2,
    "image": "frame_000002.png",
    "keypoints_2d": [
      [
        0.5135556617375622,
        0.17505664336024973,
        0.09531581504684562
      ],
      [
        0.5236807787396742,
        0.3051758259236998,
        0.10100696211308544
      ],
      [
        0.5667236071924335,
        0.26658135207801936,
        0.1045547991192719
      ],
      [
        0.5734226720222517,
        0.05197237057874987,
        0.08650175462299542
      ],
      [
        0.5208100101235779,
        0.0908926099527057,
        0.08295391761680895
      ],
      [
        0.4642941799304534,
        0.2758618790069866,
        0.10412987547069583
      ],
      [
        0.5080070914826054,
        0.23933902110169314,
        0.10767771247688229
      ],
      [
        0.5020515080685378,
        0.02603573471736137,
        0.08962466798060581
      ],
      [
        0.4484835821997299,
        0.06242712696504371,
        0.08607683097441933
      ]
    ],
    "keypoints_3d": [
      [
        0.001301228572897023,
        -0.03119180667227009,
        0.09531581504684562
      ],
      [
        0.0024185612285594488,
        -0.019897749097990622,
        0.10100696211308544
      ],
      [
        0.007045320397458456,
        -0.024646586576308534,
        0.1045547991192719
      ],
      [
        0.006358969766296241,
        -0.0388026487117181,
        0.08650175462299542
      ],
      [
        0.0017322105973972338,
        -0.03405381123340019,
        0.08295391761680895
      ],
      [
        -0.003756512620502195,
        -0.023580964632822082,
        0.10412987547069583
      ],
      [
        0.0008702465483968191,
        -0.028329802111139987,
        0.10767771247688229
      ],
      [
        0.0001838959172345972,
        -0.04248586424654955,
        0.08962466798060581
      ],
      [
        -0.004442863251664417,
        -0.03773702676823164,
        0.08607683097441933
      ]
    ],
    "model_matrix": [
      0.36044244763819644,
      0.016770720583076378,
      -0.9326306797825767,
      -0.011072065177914531,
      0.770881063992604,
      -0.5683002448449956,
      0.2877103002792023,
      -0.018631751443357675,
      -0.5251891346155376,
      -0.8226503355862942,
      -0.217767762172321,
      0.06548514646728923,
      0.0,
      0.0,
      0.0,
      1.0
    ],
    "view_matrix": [
      -0.5133923402683479,
      0.717947450339142,
      -0.47008484713434046,
      0.03977710863036062,
      -0.6761738568418371,
      -0.001130432483361199,
      0.7367412282789914,
      -0.08694511686621856,
      0.528410087221493,
      0.6960963874880599,
      0.4860376518837276,
      0.08230765402330298,
      0.0,
      0.0,
      0.0,
      1.0
    ],
    "camera_intrinsics": {
      "fx": 505.1805989327295,
      "fy": 505.1805989327295,
      "cx": 256.0,
      "cy": 256.0,
      "image_width": 512,
      "image_height": 512,
      "model": "SIMPLE_RADIAL",
      "dist": [
        0.0593296463540478,
        0.0,
        0.0,
        0.0
      ]
    },
    "visibility": [
      1.0,
      1.0,
      1.0,
      1.0,
      1.0,
      1.0,
      1.0,
      1.0,
      1.0
    ],
    "keypoints_2d_visibility": [
      1.0,
      1.0,
      1.0,
      1.0,
      1.0,
      1.0,
      1.0,
      1.0,
      1.0
    ],
    "pose_6dof": {
      "translation": [
        -0.011072065177914531,
        -0.018631751443357675,
        0.06548514646728923
      ],
      "rotation": [
        0.36044244763819644,
        0.016770720583076378,
        -0.9326306797825767,
        0.770881063992604,
        -0.5683002448449956,
        0.2877103002792023,
        -0.5251891346155376,
        -0.8226503355862942,
        -0.217767762172321
      ]
    },
    "pose_9dof": {
      "translation": [
        -0.011072065177914531,
        -0.018631751443357675,
        0.06548514646728923
      ],
      "rotation": [
        0.36044244763819644,
        0.016770720583076378,
        -0.9326306797825767,
        0.770881063992604,
        -0.5683002448449956,
        0.2877103002792023,
        -0.5251891346155376,
        -0.8226503355862942,
        -0.217767762172321
      ],
      "scale": [
        0.007519674542487455,
        0.0229516358448589,
        0.007839017894897927
      ]
    }
  },
  {
    "frame_id": 3,
    "image": "frame_000003.png",
    "keypoints_2d": [
      [
        0.5121402637488268,
        0.17442941012945967,
        0.09514137758663342
      ],
      [
        0.5222856830397608,
        0.3047954487138854,
        0.10083747929470818
      ],
      [
        0.5654003312766761,
        0.26616722542455334,
        0.1043880389282038
      ],
      [
        0.5720819485928764,
        0.05102227582808044,
        0.08632946357517722
      ],
      [
        0.5193407488896815,
        0.08999676463756112,
        0.08277890394168161
      ],
      [
        0.46284685629895084,
        0.2754160578181313,
        0.10395329159808962
      ],
      [
        0.5066364308598202,
        0.23886343444277935,
        0.10750385123158523
      ],
      [
        0.5006020039780492,
        0.024984171268875977,
        0.08944527587855866
      ],
      [
        0.44689779811524366,
        0.06141894597734232,
        0.08589471624506305
      ]
    ],
    "keypoints_3d": [
      [
        0.0011636197141795743,
        -0.031205282238373676,
        0.09514137758663342
      ],
      [
        0.002273380765651728,
        -0.019912976033526847,
        0.10083747929470818
      ],
      [
        0.006897716111808977,
        -0.02466213955147463,
        0.1043880389282038
      ],
      [
        0.006231158128983033,
        -0.03881209165844673,
        0.08632946357517722
      ],
      [
        0.0016068227828257842,
        -0.03406292814049894,
        0.08277890394168161
      ],
      [
        -0.0039039187006238776,
        -0.02359847281830063,
        0.10395329159808962
      ],
      [
        0.0007204166455333644,
        -0.028347636336248414,
        0.10750385123158523
      ],
      [
        5.385866270742057e-05,
        -0.042497588443220505,
        0.08944527587855866
      ],
      [
        -0.004570476683449828,
        -0.03774842492527272,
        0.08589471624506305
      ]
    ],
    "model_matrix": [
      0.36044244763819644,
      0.016770720583076378,
      -0.9326306797825767,
      -0.011072065177914531,
      0.770881063992604,
      -0.5683002448449956,
      0.2877103002792023,
      -0.018631751443357675,
      -0.5251891346155376,
      -0.8226503355862942,
      -0.217767762172321,
      0.06548514646728923,
      0.0,
      0.0,
      0.0,
      1.0
    ],
    "view_matrix": [
      -0.5137588476491802,
      0.7172905757134175,
      -0.47068681355536307,
      0.03966262291252752,
      -0.6764564273117414,
      -0.0012314183226267428,
      0.7364816260827897,
      -0.08694660252619728,
      0.5276917172088471,
      0.6967730718114967,
      0.4858484722498869,
      0.08215025899363948,
      0.0,
      0.0,
      0.0,
      1.0
    ],
    "camera_intrinsics": {
      "fx": 504.88642849212766,
      "fy": 504.88642849212766,
      "cx": 256.0,
      "cy": 256.0,
      "image_width": 512,
      "image_height": 512,
      "model": "SIMPLE_RADIAL",
      "dist": [
        0.06139183335226175,
        0.0,
        0.0,
        0.0
      ]
    },
    "visibility": [
      1.0,
      1.0,
      1.0,
      1.0,
      1.0,
      1.0,
      1.0,
      1.0,
      1.0
    ],
    "keypoints_2d_visibility": [
      1.0,
      1.0,
      1.0,
      1.0,
      1.0,
      1.0,
      1.0,
      1.0,
      1.0
    ],
    "pose_6dof": {
      "translation": [
        -0.011072065177914531,
        -0.018631751443357675,
        0.06548514646728923
      ],
      "rotation": [
        0.36044244763819644,
        0.016770720583076378,
        -0.9326306797825767,
        0.770881063992604,
        -0.5683002448449956,
        0.2877103002792023,
        -0.5251891346155376,
        -0.8226503355862942,
        -0.217767762172321
      ]
    },
    "pose_9dof": {
      "translation": [
        -0.011072065177914531,
        -0.018631751443357675,
        0.06548514646728923
      ],
      "rotation": [
        0.36044244763819644,
        0.016770720583076378,
        -0.9326306797825767,
        0.770881063992604,
        -0.5683002448449956,
        0.2877103002792023,
        -0.5251891346155376,
        -0.8226503355862942,
        -0.217767762172321
      ],
      "scale": [
        0.007519674542487455,
        0.0229516358448589,
        0.007839017894897927
      ]
    }
  },
  {
    "frame_id": 4,
    "image": "frame_000004.png",
    "keypoints_2d": [
      [
        0.5090725467303653,
        0.17342648839413238,
        0.09475193047406053
      ],
      [
        0.5193130256867826,
        0.3042784763698476,
        0.10048548742186669
      ],
      [
        0.5624590811052301,
        0.26540220526416103,
        0.10404323842975868
      ],
      [
        0.5693194317841552,
        0.049529971118734195,
        0.08594116155241367
      ],
      [
        0.5164718022585727,
        0.08880429151256752,
        0.0823834105445217
      ],
      [
        0.45956894151575756,
        0.2747077185605178,
        0.10356269939570735
      ],
      [
        0.5034225443044367,
        0.23791471411692477,
        0.10712045040359934
      ],
      [
        0.4974005424830038,
        0.02316905171726963,
        0.08901837352625434
      ],
      [
        0.44353889501984245,
        0.05988276758227268,
        0.08546062251836235
      ]
    ],
    "keypoints_3d": [
      [
        0.0008659730590905926,
        -0.03117138674158256,
        0.09475193047406053
      ],
      [
        0.0019633413419446397,
        -0.019896838801103156,
        0.10048548742186669
      ],
      [
        0.006565915273891693,
        -0.02466173399320748,
        0.10404323842975868
      ],
      [
        0.005964316629291894,
        -0.038758913844245735,
        0.08594116155241367
      ],
      [
        0.0013617426973448407,
        -0.03399401865214141,
        0.0823834105445217
      ],
      [
        -0.0042323705111107016,
        -0.02358385963891939,
        0.10356269939570735
      ],
      [
        0.0003702034208363514,
        -0.02834875483102372,
        0.10712045040359934
      ],
      [
        -0.0002313952237634545,
        -0.04244593468206197,
        0.08901837352625434
      ],
      [
        -0.0048339691557105074,
        -0.037681039489957636,
        0.08546062251836235
      ]
    ],
    "model_matrix": [
      0.36044244763819644,
      0.016770720583076378,
      -0.9326306797825767,
      -0.011072065177914531,
      0.770881063992604,
      -0.5683002448449956,
      0.2877103002792023,
      -0.018631751443357675,
      -0.5251891346155376,
      -0.8226503355862942,
      -0.217767762172321,
      0.06548514646728923,
      0.0,
      0.0,
      0.0,
      1.0
    ],
    "view_matrix": [
      -0.5169450523258174,
      0.7141270338766812,
      -0.47200677152171383,
      0.03935719370716305,
      -0.6773532580102342,
      -0.004094899841461164,
      0.7356465154258596,
      -0.08692130112958954,
      0.5234122435889124,
      0.7000041509032513,
      0.48583311124236794,
      0.08177463585057816,
      0.0,
      0.0,
      0.0,
      1.0
    ],
    "camera_intrinsics": {
      "fx": 504.8421050750227,
      "fy": 504.8421050750227,
      "cx": 256.0,
      "cy": 256.0,
      "image_width": 512,
      "image_height": 512,
      "model": "SIMPLE_RADIAL",
      "dist": [
        0.062441740976330325,
        0.0,
        0.0,
        0.0
      ]
    },
    "visibility": [
      1.0,
      1.0,
      1.0,
      1.0,
      1.0,
      1.0,
      1.0,
      1.0,
      1.0
    ],
    "keypoints_2d_visibility": [
      1.0,
      1.0,
      1.0,
      1.0,
      1.0,
      1.0,
      1.0,
      1.0,
      1.0
    ],
    "pose_6dof": {
      "translation": [
        -0.011072065177914531,
        -0.018631751443357675,
        0.06548514646728923
      ],
      "rotation": [
        0.36044244763819644,
        0.016770720583076378,
        -0.9326306797825767,
        0.770881063992604,
        -0.5683002448449956,
        0.2877103002792023,
        -0.5251891346155376,
        -0.8226503355862942,
        -0.217767762172321
      ]
    },
    "pose_9dof": {
      "translation": [
        -0.011072065177914531,
        -0.018631751443357675,
        0.06548514646728923
      ],
      "rotation": [
        0.36044244763819644,
        0.016770720583076378,
        -0.9326306797825767,
        0.770881063992604,
        -0.5683002448449956,
        0.2877103002792023,
        -0.5251891346155376,
        -0.8226503355862942,
        -0.217767762172321
      ],
      "scale": [
        0.007519674542487455,
        0.0229516358448589,
        0.007839017894897927
      ]
    }
  },
  {
    "frame_id": 5,
    "image": "frame_000005.png",
    "keypoints_2d": [
      [
        0.5078450842197867,
        0.172064322090571,
        0.09450021416031848
      ],
      [
        0.5181400213935334,
        0.3033134376253729,
        0.10024951060182558
      ],
      [
        0.561365557760645,
        0.2643131183792845,
        0.1038085856615173
      ],
      [
        0.5682805900157085,
        0.04774690358025707,
        0.08568806571465672
      ],
      [
        0.5153026642079075,
        0.08714257374932943,
        0.08212899065496501
      ],
      [
        0.4582075409858032,
        0.27364452724483235,
        0.10331236260598024
      ],
      [
        0.5021539601263533,
        0.2367340858884061,
        0.10687143766567195
      ],
      [
        0.4961005254901482,
        0.0212624722751541,
        0.08875091771881137
      ],
      [
        0.44208712829606556,
        0.05808679688995666,
        0.08519184265911967
      ]
    ],
    "keypoints_3d": [
      [
        0.0007465825164949119,
        -0.031208211002320643,
        0.09450021416031848
      ],
      [
        0.0018391395667511495,
        -0.019941213478413572,
        0.10024951060182558
      ],
      [
        0.006434307446985088,
        -0.02471226389701959,
        0.1038085856615173
      ],
      [
        0.005855966627762929,
        -0.03878670408863152,
        0.08568806571465672
      ],
      [
        0.0012607987475289906,
        -0.0340156536700255,
        0.08212899065496501
      ],
      [
        -0.004362801594773105,
        -0.023629717916009763,
        0.10331236260598024
      ],
      [
        0.00023236628546083327,
        -0.028400768334615786,
        0.10687143766567195
      ],
      [
        -0.00034597453376133264,
        -0.042475208526227715,
        0.08875091771881137
      ],
      [
        -0.004941142413995278,
        -0.0377041581076217,
        0.08519184265911967
      ]
    ],
    "model_matrix": [
      0.36044244763819644,
      0.016770720583076378,
      -0.9326306797825767,
      -0.011072065177914531,
      0.770881063992604,
      -0.5683002448449956,
      0.2877103002792023,
      -0.018631751443357675,
      -0.5251891346155376,
      -0.8226503355862942,
      -0.217767762172321,
      0.06548514646728923,
      0.0,
      0.0,
      0.0,
      1.0
    ],
    "view_matrix": [
      -0.5180241728928524,
      0.7130205493448656,
      -0.4724961931175972,
      0.039237289171432294,
      -0.6778081903635398,
      -0.005234504180375743,
      0.7352201418909092,
      -0.08695647412239539,
      0.5217537861623803,
      0.7011235955079043,
      0.48600276794200403,
      0.08151430420791844,
      0.0,
      0.0,
      0.0,
      1.0
    ],
    "camera_intrinsics": {
      "fx": 505.0180030903264,
      "fy": 505.0180030903264,
      "cx": 256.0,
      "cy": 256.0,
      "image_width": 512,
      "image_height": 512,
      "model": "SIMPLE_RADIAL",
      "dist": [
        0.06172979070214122,
        0.0,
        0.0,
        0.0
      ]
    },
    "visibility": [
      1.0,
      1.0,
      1.0,
      1.0,
      1.0,
      1.0,
      1.0,
      1.0,
      1.0
    ],
    "keypoints_2d_visibility": [
      1.0,
      1.0,
      1.0,
      1.0,
      1.0,
      1.0,
      1.0,
      1.0,
      1.0
    ],
    "pose_6dof": {
      "translation": [
        -0.011072065177914531,
        -0.018631751443357675,
        0.06548514646728923
      ],
      "rotation": [
        0.36044244763819644,
        0.016770720583076378,
        -0.9326306797825767,
        0.770881063992604,
        -0.5683002448449956,
        0.2877103002792023,
        -0.5251891346155376,
        -0.8226503355862942,
        -0.217767762172321
      ]
    },
    "pose_9dof": {
      "translation": [
        -0.011072065177914531,
        -0.018631751443357675,
        0.06548514646728923
      ],
      "rotation": [
        0.36044244763819644,
        0.016770720583076378,
        -0.9326306797825767,
        0.770881063992604,
        -0.5683002448449956,
        0.2877103002792023,
        -0.5251891346155376,
        -0.8226503355862942,
        -0.217767762172321
      ],
      "scale": [
        0.007519674542487455,
        0.0229516358448589,
        0.007839017894897927
      ]
    }
  },
  {
    "frame_id": 6,
    "image": "frame_000006.png",
    "keypoints_2d": [
      [
        0.5074897192434178,
        0.17271134138800665,
        0.09404868456130952
      ],
      [
        0.5179016528731364,
        0.3041244907253927,
        0.09980125602238892
      ],
      [
        0.5612094301005105,
        0.265037325531138,
        0.10335410087918931
      ],
      [
        0.5678967262760705,
        0.04811587448666871,
        0.08522874306206434
      ],
      [
        0.5147601257578461,
        0.08760408505151307,
        0.08167589820526394
      ],
      [
        0.45792177822404784,
        0.27442990105401455,
        0.10286862606055469
      ],
      [
        0.5019481383481548,
        0.23744496541147392,
        0.10642147091735508
      ],
      [
        0.49560438930053585,
        0.021654876850435656,
        0.08829611310023013
      ],
      [
        0.44143432554829515,
        0.058556039294337725,
        0.08474326824342973
      ]
    ],
    "keypoints_3d": [
      [
        0.0007116119344705366,
        -0.031096294522632816,
        0.09404868456130952
      ],
      [
        0.0018124859793590825,
        -0.01983177848302488,
        0.09980125602238892
      ],
      [
        0.006409864704354833,
        -0.024605341880257328,
        0.10335410087918931
      ],
      [
        0.005810667172042337,
        -0.03867267831163158,
        0.08522874306206434
      ],
      [
        0.0012132884470465871,
        -0.033899114914399134,
        0.08167589820526394
      ],
      [
        -0.004387443303101264,
        -0.02351991073363406,
        0.10286862606055469
      ],
      [
        0.00020993542189449294,
        -0.028293474130866504,
        0.10642147091735508
      ],
      [
        -0.00038926211041800246,
        -0.04236081056224075,
        0.08829611310023013
      ],
      [
        -0.0049866408354137595,
        -0.03758724716500832,
        0.08474326824342973
      ]
    ],
    "model_matrix": [
      0.36044244763819644,
      0.016770720583076378,
      -0.9326306797825767,
      -0.011072065177914531,
      0.770881063992604,
      -0.5683002448449956,
      0.2877103002792023,
      -0.018631751443357675,
      -0.5251891346155376,
      -0.8226503355862942,
      -0.217767762172321,
      0.06548514646728923,
      0.0,
      0.0,
      0.0,
      1.0
    ],
    "view_matrix": [
      -0.5176940807964909,
      0.7136897822429379,
      -0.4718471504950557,
      0.03917593972042751,
      -0.677879174729005,
      -0.005681677456365053,
      0.7351513742148651,
      -0.086849171946221,
      0.5219891408611858,
      0.700438871896263,
      0.48673681138752145,
      0.08100455392879202,
      0.0,
      0.0,
      0.0,
      1.0
    ],
    "camera_intrinsics": {
      "fx": 503.47621346715215,
      "fy": 503.47621346715215,
      "cx": 256.0,
      "cy": 256.0,
      "image_width": 512,
      "image_height": 512,
      "model": "SIMPLE_RADIAL",
      "dist": [
        0.06053314071388877,
        0.0,
        0.0,
        0.0
      ]
    },
    "visibility": [
      1.0,
      1.0,
      1.0,
      1.0,
      1.0,
      1.0,
      1.0,
      1.0,
      1.0
    ],
    "keypoints_2d_visibility": [
      1.0,
      1.0,
      1.0,
      1.0,
      1.0,
      1.0,
      1.0,
      1.0,
      1.0
    ],
    "pose_6dof": {
      "translation": [
        -0.011072065177914531,
        -0.018631751443357675,
        0.06548514646728923
      ],
      "rotation": [
        0.36044244763819644,
        0.016770720583076378,
        -0.9326306797825767,
        0.770881063992604,
        -0.5683002448449956,
        0.2877103002792023,
        -0.5251891346155376,
        -0.8226503355862942,
        -0.217767762172321
      ]
    },
    "pose_9dof": {
      "translation": [
        -0.011072065177914531,
        -0.018631751443357675,
        0.06548514646728923
      ],
      "rotation": [
        0.36044244763819644,
        0.016770720583076378,
        -0.9326306797825767,
        0.770881063992604,
        -0.5683002448449956,
        0.2877103002792023,
        -0.5251891346155376,
        -0.8226503355862942,
        -0.217767762172321
      ],
      "scale": [
        0.007519674542487455,
        0.0229516358448589,
        0.007839017894897927
      ]
    }
  },
  {
    "frame_id": 7,
    "image": "frame_000007.png",
    "keypoints_2d": [
      [
        0.5078376674033542,
        0.1756828708867768,
        0.09396692297459817
      ],
      [
        0.5183425019800314,
        0.3070476203682482,
        0.09969993506814463
      ],
      [
        0.5615720366173031,
        0.26785946528335436,
        0.10326596802510352
      ],
      [
        0.5682911040925132,
        0.05116608022788466,
        0.0851658121515974
      ],
      [
        0.5152649436671513,
        0.09072528053634937,
        0.08159977919463851
      ],
      [
        0.45821362651201347,
        0.277382660883576,
        0.10276803379759895
      ],
      [
        0.5021766630564185,
        0.24030461581320223,
        0.10633406675455784
      ],
      [
        0.4958526995924717,
        0.024766926305321457,
        0.08823391088105172
      ],
      [
        0.4417716181657151,
        0.061732957093369456,
        0.08466787792409283
      ]
    ],
    "keypoints_3d": [
      [
        0.0007440795437878428,
        -0.030789484811498707,
        0.09396692297459817
      ],
      [
        0.001855237343299218,
        -0.019516010441813295,
        0.09969993506814463
      ],
      [
        0.00644245491429743,
        -0.024289515352373475,
        0.10326596802510352
      ],
      [
        0.0058409993819316525,
        -0.03838916770810127,
        0.0851658121515974
      ],
      [
        0.0012537818109334478,
        -0.03361566279754107,
        0.08159977919463851
      ],
      [
        -0.004352840294355967,
        -0.023189801914896155,
        0.10276803379759895
      ],
      [
        0.00023437727664224473,
        -0.027963306825456336,
        0.10633406675455784
      ],
      [
        -0.0003670782557235325,
        -0.04206295918118412,
        0.08823391088105172
      ],
      [
        -0.004954295826721744,
        -0.03728945427062393,
        0.08466787792409283
      ]
    ],
    "model_matrix": [
      0.36044244763819644,
      0.016770720583076378,
      -0.9326306797825767,
      -0.011072065177914531,
      0.770881063992604,
      -0.5683002448449956,
      0.2877103002792023,
      -0.018631751443357675,
      -0.5251891346155376,
      -0.8226503355862942,
      -0.217767762172321,
      0.06548514646728923,
      0.0,
      0.0,
      0.0,
      1.0
    ],
    "view_matrix": [
      -0.5191522212936637,
      0.7130030828704095,
      -0.4712829033002864,
      0.039142518480903075,
      -0.6761938205946347,
      -0.005401854508762183,
      0.736703968332937,
      -0.08662016014588157,
      0.5227263989081533,
      0.7011400885594534,
      0.48493266346922415,
      0.0810621650964845,
      0.0,
      0.0,
      0.0,
      1.0
    ],
    "camera_intrinsics": {
      "fx": 503.5180720851612,
      "fy": 503.5180720851612,
      "cx": 256.0,
      "cy": 256.0,
      "image_width": 512,
      "image_height": 512,
      "model": "SIMPLE_RADIAL",
      "dist": [
        0.060152885540421766,
        0.0,
        0.0,
        0.0
      ]
    },
    "visibility": [
      1.0,
      1.0,
      1.0,
      1.0,
      1.0,
      1.0,
      1.0,
      1.0,
      1.0
    ],
    "keypoints_2d_visibility": [
      1.0,
      1.0,
      1.0,
      1.0,
      1.0,
      1.0,
      1.0,
      1.0,
      1.0
    ],
    "pose_6dof": {
      "translation": [
        -0.011072065177914531,
        -0.018631751443357675,
        0.06548514646728923
      ],
      "rotation": [
        0.36044244763819644,
        0.016770720583076378,
        -0.9326306797825767,
        0.770881063992604,
        -0.5683002448449956,
        0.2877103002792023,
        -0.5251891346155376,
        -0.8226503355862942,
        -0.217767762172321
      ]
    },
    "pose_9dof": {
      "translation": [
        -0.011072065177914531,
        -0.018631751443357675,
        0.06548514646728923
      ],
      "rotation": [
        0.36044244763819644,
        0.016770720583076378,
        -0.9326306797825767,
        0.770881063992604,
        -0.5683002448449956,
        0.2877103002792023,
        -0.5251891346155376,
        -0.8226503355862942,
        -0.217767762172321
      ],
      "scale": [
        0.007519674542487455,
        0.0229516358448589,
        0.007839017894897927
      ]
    }
  },
  {
    "frame_id": 8,
    "image": "frame_000008.png",
    "keypoints_2d": [
      [
        0.5088603419601299,
        0.17611608312673704,
        0.09396428285937683
      ],
      [
        0.519248090547703,
        0.3075820780184479,
        0.0996901720626287
      ],
      [
        0.5625266129999855,
        0.2683802869237185,
        0.10325955818750637
      ],
      [
        0.569536356061318,
        0.05162879457323527,
        0.08516836584846349
      ],
      [
        0.5164824840595598,
        0.0911526978333504,
        0.08159897972358582
      ],
      [
        0.45903462744592105,
        0.2778498232014581,
        0.10276019987029016
      ],
      [
        0.5030497681604291,
        0.24076310577176901,
        0.10632958599516783
      ],
      [
        0.49701728294999714,
        0.02518931817636838,
        0.08823839365612493
      ],
      [
        0.4429033666817178,
        0.06211913906841893,
        0.08466900753124726
      ]
    ],
    "keypoints_3d": [
      [
        0.0008402211305150731,
        -0.030713725499023035,
        0.09396428285937683
      ],
      [
        0.0019442291385248153,
        -0.0194359294894096,
        0.0996901720626287
      ],
      [
        0.006534069933935301,
        -0.024204404024232067,
        0.10325955818750637
      ],
      [
        0.005942291869348908,
        -0.038315964761054984,
        0.08516836584846349
      ],
      [
        0.0013524510739384293,
        -0.03354749022623252,
        0.08159897972358582
      ],
      [
        -0.004261849608318755,
        -0.023111486236991094,
        0.10276019987029016
      ],
      [
        0.0003279911870917307,
        -0.027879960771813567,
        0.10632958599516783
      ],
      [
        -0.00026378687749466223,
        -0.04199152150863648,
        0.08823839365612493
      ],
      [
        -0.0048536276729051475,
        -0.03722304697381401,
        0.08466900753124726
      ]
    ],
    "model_matrix": [
      0.36044244763819644,
      0.016770720583076378,
      -0.9326306797825767,
      -0.011072065177914531,
      0.770881063992604,
      -0.5683002448449956,
      0.2877103002792023,
      -0.018631751443357675,
      -0.5251891346155376,
      -0.8226503355862942,
      -0.217767762172321,
      0.06548514646728923,
      0.0,
      0.0,
      0.0,
      1.0
    ],
    "view_matrix": [
      -0.518781596476904,
      0.7129590177360231,
      -0.4717574527082317,
      0.039273018576612084,
      -0.6761714195886132,
      -0.004526514024919326,
      0.736730426955682,
      -0.08652957632846969,
      0.5231231848125201,
      0.7011910935684131,
      0.48443078330339295,
      0.08109773422947576,
      0.0,
      0.0,
      0.0,
      1.0
    ],
    "camera_intrinsics": {
      "fx": 504.18735472838495,
      "fy": 504.18735472838495,
      "cx": 256.0,
      "cy": 256.0,
      "image_width": 512,
      "image_height": 512,
      "model": "SIMPLE_RADIAL",
      "dist": [
        0.05827664545499079,
        0.0,
        0.0,
        0.0
      ]
    },
    "visibility": [
      1.0,
      1.0,
      1.0,
      1.0,
      1.0,
      1.0,
      1.0,
      1.0,
      1.0
    ],
    "keypoints_2d_visibility": [
      1.0,
      1.0,
      1.0,
      1.0,
      1.0,
      1.0,
      1.0,
      1.0,
      1.0
    ],
    "pose_6dof": {
      "translation": [
        -0.011072065177914531,
        -0.018631751443357675,
        0.06548514646728923
      ],
      "rotation": [
        0.36044244763819644,
        0.016770720583076378,
        -0.9326306797825767,
        0.770881063992604,
        -0.5683002448449956,
        0.2877103002792023,
        -0.5251891346155376,
        -0.8226503355862942,
        -0.217767762172321
      ]
    },
    "pose_9dof": {
      "translation": [
        -0.011072065177914531,
        -0.018631751443357675,
        0.06548514646728923
      ],
      "rotation": [
        0.36044244763819644,
        0.016770720583076378,
        -0.9326306797825767,
        0.770881063992604,
        -0.5683002448449956,
        0.2877103002792023,
        -0.5251891346155376,
        -0.8226503355862942,
        -0.217767762172321
      ],
      "scale": [
        0.007519674542487455,
        0.0229516358448589,
        0.007839017894897927
      ]
    }
  },
  {
    "frame_id": 9,
    "image": "frame_000009.png",
    "keypoints_2d": [
      [
        0.509279688342766,
        0.17481200660433854,
        0.09382728359627313
      ],
      [
        0.5197597324387536,
        0.30689993515466213,
        0.09956281122530372
      ],
      [
        0.5631767946135355,
        0.26743456542716504,
        0.10313168274050893
      ],
      [
        0.570306875971949,
        0.04972951503707851,
        0.0850289927764721
      ],
      [
        0.5170773811356849,
        0.08951816987530009,
        0.0814601212612669
      ],
      [
        0.4591706690374576,
        0.2770354650633302,
        0.10262557441607414
      ],
      [
        0.5033368983665614,
        0.2396973244710187,
        0.10619444593127936
      ],
      [
        0.4973305036468078,
        0.023176221383545192,
        0.08809175596724253
      ],
      [
        0.4430215211552571,
        0.06035683677700843,
        0.08452288445203732
      ]
    ],
    "keypoints_3d": [
      [
