[
  {
    "frame_id": 0,
    "image": "frame_000000.png",
    "keypoints_2d": [
      [
        0.4587429425917364,
        0.1503181657329966,
        0.3028712560497462
      ],
      [
        0.4361959680600803,
        0.27714718995300935,
        0.30607762120767806
      ],
      [
        0.5095021888349566,
        0.2696848707685351,
        0.31350425201270754
      ],
      [
        0.5087836985177067,
        0.023283782539023967,
        0.27963410126304483
      ],
      [
        0.4265240151151457,
        0.024940358846513966,
        0.27220747045801535
      ],
      [
        0.4157599645183245,
        0.25961038006954373,
        0.32610841083644754
      ],
      [
        0.4851083859735542,
        0.2529785784300256,
        0.333535041641477
      ],
      [
        0.4817387380385034,
        0.021220875833851516,
        0.2996648908918143
      ],
      [
        0.4044380239003851,
        0.022734974542940767,
        0.29223826008678483
      ]
    ],
    "keypoints_3d": [
      [
        -0.012978676066906253,
        -0.11000317372426172,
        0.3028712560497462
      ],
      [
        -0.020265809464004664,
        -0.07078381176887164,
        0.30607762120767806
      ],
      [
        0.003091348942332872,
        -0.07492846580081522,
        0.31350425201270754
      ],
      [
        0.00255457364208031,
        -0.13864395293429996,
        0.27963410126304483
      ],
      [
        -0.020802584764257226,
        -0.1344992989023564,
        0.27220747045801535
      ],
      [
        -0.028511925775892816,
        -0.08136239451422347,
        0.32610841083644754
      ],
      [
        -0.00515476736955528,
        -0.08550704854616706,
        0.333535041641477
      ],
      [
        -0.005691542669807842,
        -0.1492225356796518,
        0.2996648908918143
      ],
      [
        -0.029048701076145378,
        -0.14507788164770824,
        0.29223826008678483
      ]
    ],
    "model_matrix": [
      0.286516564780678,
      -0.20046528206315484,
      0.9368681490976303,
      0.051669300718739965,
      -0.8623857027187566,
      -0.4799551546378352,
      0.1610402101428341,
      -0.029440825696239355,
      0.4173717262256226,
      -0.8540823849160639,
      -0.310393495298359,
      0.34393963694257507,
      0.0,
      0.0,
      0.0,
      1.0
    ],
    "view_matrix": [
      0.5911863033298039,
      -0.7516810527924869,
      0.2923599658435125,
      -0.16620915031764474,
      0.5403496872731326,
      0.6382453050280728,
      0.5483294138320962,
      -0.30772441495082586,
      -0.5987662066441868,
      -0.16618822305566966,
      0.7834925043027088,
      0.059442241256211566,
      0.0,
      0.0,
      0.0,
      1.0
    ],
    "camera_intrinsics": {
      "fx": 493.7222869888208,
      "fy": 493.7222869888208,
      "cx": 256.0,
      "cy": 256.0,
      "image_width": 512,
      "image_height": 512,
      "model": "SIMPLE_RADIAL",
      "dist": [
        -0.011815168037677824,
        0.0,
        0.0,
        0.0
      ]
    },
    "visibility": [
      1.0,
      1.0,
      1.0,
      1.0,
      1.0,
      1.0,
      1.0,
      1.0,
      1.0
    ],
    "keypoints_2d_visibility": [
      1.0,
      1.0,
      1.0,
      1.0,
      1.0,
      1.0,
      1.0,
      1.0,
      1.0
    ],
    "pose_6dof": {
      "translation": [
        0.051669300718739965,
        -0.029440825696239355,
        0.34393963694257507
      ],
      "rotation": [
        0.286516564780678,
        -0.20046528206315484,
        0.9368681490976303,
        -0.8623857027187566,
        -0.4799551546378352,
        0.1610402101428341,
        0.4173717262256226,
        -0.8540823849160639,
        -0.310393495298359
      ]
    },
    "pose_9dof": {
      "translation": [
        0.051669300718739965,
        -0.029440825696239355,
        0.34393963694257507
      ],
      "rotation": [
        0.286516564780678,
        -0.20046528206315484,
        0.9368681490976303,
        -0.8623857027187566,
        -0.4799551546378352,
        0.1610402101428341,
        0.4173717262256226,
        -0.8540823849160639,
        -0.310393495298359
      ],
      "scale": [
        0.02485739026884083,
        0.07216050540416899,
        0.024106791165177114
      ]
    }
  },
  {
    "frame_id": 1,
    "image": "frame_000001.png",
    "keypoints_2d": [
      [
        0.45797634148000893,
        0.15143559617835745,
        0.3028600836373995
      ],
      [
        0.43550823671615835,
        0.2781240673185342,
        0.3060562754085239
      ],
      [
        0.5087571663694731,
        0.2706258312107792,
        0.31348694443235214
      ],
      [
        0.507866472231578,
        0.02460152884382516,
        0.2796316986964218
      ],
      [
        0.425682361289908,
        0.026304142576574763,
        0.2722010296725935
      ],
      [
        0.41511617348050844,
        0.2605846278455155,
        0.32608846857837726
      ],
      [
        0.4844087560427952,
        0.2539188925831459,
        0.3335191376022055
      ],
      [
        0.4808884764927928,
        0.022518998335687324,
        0.2996638918662751
      ],
      [
        0.40366063676729375,
        0.02407693269234601,
        0.29223322284244685
      ]
    ],
    "keypoints_3d": [
      [
        -0.013232958057194405,
        -0.1097605086860424,
        0.3028600836373995
      ],
      [
        -0.020502726488350165,
        -0.07053709389359253,
        0.3060562754085239
      ],
      [
        0.002851576302179082,
        -0.07469059241942097,
        0.31348694443235214
      ],
      [
        0.002290348625299199,
        -0.13841378992111242,
        0.2796316986964218
      ],
      [
        -0.021063954165230075,
        -0.13426029139528395,
        0.2722010296725935
      ],
      [
        -0.02875626473968801,
        -0.08110722745097237,
        0.32608846857837726
      ],
      [
        -0.0054019619491587345,
        -0.08526072597680082,
        0.3335191376022055
      ],
      [
        -0.005963189626038645,
        -0.14898392347849224,
        0.2996638918662751
      ],
      [
        -0.02931749241656792,
        -0.1448304249526638,
        0.29223322284244685
      ]
    ],
    "model_matrix": [
      0.286516564780678,
      -0.20046528206315484,
      0.9368681490976303,
      0.051669300718739965,
      -0.8623857027187566,
      -0.4799551546378352,
      0.1610402101428341,
      -0.029440825696239355,
      0.4173717262256226,
      -0.8540823849160639,
      -0.310393495298359,
      0.34393963694257507,
      0.0,
      0.0,
      0.0,
      1.0
    ],
    "view_matrix": [
      0.591509758830961,
      -0.7513697632466767,
      0.29250587017420937,
      -0.1665211626887603,
      0.5399407988747644,
      0.638546990348702,
      0.5483809577539102,
      -0.30746946906780637,
      -0.5988156134556109,
      -0.16643683485108615,
      0.78340196648115,
      0.05945744186820352,
      0.0,
      0.0,
      0.0,
      1.0
    ],
    "camera_intrinsics": {
      "fx": 493.26420694267966,
      "fy": 493.26420694267966,
      "cx": 256.0,
      "cy": 256.0,
      "image_width": 512,
      "image_height": 512,
      "model": "SIMPLE_RADIAL",
      "dist": [
        -0.012615453525945456,
        0.0,
        0.0,
        0.0
      ]
    },
    "visibility": [
      1.0,
      1.0,
      1.0,
      1.0,
      1.0,
      1.0,
      1.0,
      1.0,
      1.0
    ],
    "keypoints_2d_visibility": [
      1.0,
      1.0,
      1.0,
      1.0,
      1.0,
      1.0,
      1.0,
      1.0,
      1.0
    ],
    "pose_6dof": {
      "translation": [
        0.051669300718739965,
        -0.029440825696239355,
        0.34393963694257507
      ],
      "rotation": [
        0.286516564780678,
        -0.20046528206315484,
        0.9368681490976303,
        -0.8623857027187566,
        -0.4799551546378352,
        0.1610402101428341,
        0.4173717262256226,
        -0.8540823849160639,
        -0.310393495298359
      ]
    },
    "pose_9dof": {
      "translation": [
        0.051669300718739965,
        -0.029440825696239355,
        0.34393963694257507
      ],
      "rotation": [
        0.286516564780678,
        -0.20046528206315484,
        0.9368681490976303,
        -0.8623857027187566,
        -0.4799551546378352,
        0.1610402101428341,
        0.4173717262256226,
        -0.8540823849160639,
        -0.310393495298359
      ],
      "scale": [
        0.02485739026884083,
        0.07216050540416899,
        0.024106791165177114
      ]
    }
  },
  {
    "frame_id": 2,
    "image": "frame_000002.png",
    "keypoints_2d": [
      [
        0.4591245581437843,
        0.15390106015587257,
        0.3033102274218188
      ],
      [
        0.43663592171869603,
        0.2804056024367876,
        0.30642168689799393
      ],
      [
        0.5098308817082927,
        0.2729151158929946,
        0.3138407392105113
      ],
      [
        0.5090004866642505,
        0.027319591952166267,
        0.2801345065499868
      ],
      [
        0.4269302967558475,
        0.029042141785976083,
        0.27271545423746946
      ],
      [
        0.4162534285835322,
        0.26288570593726474,
        0.32648594829365074
      ],
      [
        0.485492297811761,
        0.25622622414483487,
        0.3339050006061681
      ],
      [
        0.48204458541239403,
        0.025235041401164338,
        0.30019876794564365
      ],
      [
        0.4049238842127111,
        0.02681105640707354,
        0.29277971563312627
      ]
    ],
    "keypoints_3d": [
      [
        -0.012883998074174369,
        -0.10909088371719808,
        0.3033102274218188
      ],
      [
        -0.020158586803788403,
        -0.06986155002920258,
        0.30642168689799393
      ],
      [
        0.0032032875042970477,
        -0.07399317713904802,
        0.3138407392105113
      ],
      [
        0.002623809769252111,
        -0.13779515693258013,
        0.2801345065499868
      ],
      [
        -0.020738064538833367,
        -0.1336635298227347,
        0.27271545423746946
      ],
      [
        -0.02839180591760085,
        -0.08038661050181603,
        0.32648594829365074
      ],
      [
        -0.005029931609515398,
        -0.08451823761166147,
        0.3339050006061681
      ],
      [
        -0.005609409344560334,
        -0.14832021740519358,
        0.30019876794564365
      ],
      [
        -0.028971283652645813,
        -0.14418859029534814,
        0.29277971563312627
      ]
    ],
    "model_matrix": [
      0.286516564780678,
      -0.20046528206315484,
      0.9368681490976303,
      0.051669300718739965,
      -0.8623857027187566,
      -0.4799551546378352,
      0.1610402101428341,
      -0.029440825696239355,
      0.4173717262256226,
      -0.8540823849160639,
      -0.310393495298359,
      0.34393963694257507,
      0.0,
      0.0,
      0.0,
      1.0
    ],
    "view_matrix": [
      0.5908580631610378,
      -0.7516467969395657,
      0.29311063073194443,
      -0.16635468727352282,
      0.538660072411494,
      0.6380110951303555,
      0.5502610006898622,
      -0.30739606834073546,
      -0.6006097531569322,
      -0.16723915552601862,
      0.7818561180113085,
      0.06050834517472415,
      0.0,
      0.0,
      0.0,
      1.0
    ],
    "camera_intrinsics": {
      "fx": 493.4872066055285,
      "fy": 493.4872066055285,
      "cx": 256.0,
      "cy": 256.0,
      "image_width": 512,
      "image_height": 512,
      "model": "SIMPLE_RADIAL",
      "dist": [
        -0.012402468009467866,
        0.0,
        0.0,
        0.0
      ]
    },
    "visibility": [
      1.0,
      1.0,
      1.0,
      1.0,
      1.0,
      1.0,
      1.0,
      1.0,
      1.0
    ],
    "keypoints_2d_visibility": [
      1.0,
      1.0,
      1.0,
      1.0,
      1.0,
      1.0,
      1.0,
      1.0,
      1.0
    ],
    "pose_6dof": {
      "translation": [
        0.051669300718739965,
        -0.029440825696239355,
        0.34393963694257507
      ],
      "rotation": [
        0.286516564780678,
        -0.20046528206315484,
        0.9368681490976303,
        -0.8623857027187566,
        -0.4799551546378352,
        0.1610402101428341,
        0.4173717262256226,
        -0.8540823849160639,
        -0.310393495298359
      ]
    },
    "pose_9dof": {
      "translation": [
        0.051669300718739965,
        -0.029440825696239355,
        0.34393963694257507
      ],
      "rotation": [
        0.286516564780678,
        -0.20046528206315484,
        0.9368681490976303,
        -0.8623857027187566,
        -0.4799551546378352,
        0.1610402101428341,
        0.4173717262256226,
        -0.8540823849160639,
        -0.310393495298359
      ],
      "scale": [
        0.02485739026884083,
        0.07216050540416899,
        0.024106791165177114
      ]
    }
  },
  {
    "frame_id": 3,
    "image": "frame_000003.png",
    "keypoints_2d": [
      [
        0.4585538757759251,
        0.15199856823971114,
        0.3031417709142621
      ],
      [
        0.43587062399701587,
        0.27863867925101726,
        0.30630308437016907
      ],
      [
        0.5091332111146597,
        0.2712662639056366,
        0.3137420064153206
      ],
      [
        0.5086689569395693,
        0.025274957685868016,
        0.2799409363018677
      ],
      [
        0.42649465307475126,
        0.02683551967877268,
        0.2725020142567163
      ],
      [
        0.4154904829392857,
        0.2610667936383636,
        0.3263426055266564
      ],
      [
        0.48479825342683375,
        0.25452043885742215,
        0.3337815275718078
      ],
      [
        0.48168119848862384,
        0.023137084768360516,
        0.299980457458355
      ],
      [
        0.40445783611265906,
        0.024560022195738274,
        0.2925415354132036
      ]
    ],
    "keypoints_3d": [
      [
        -0.013050906822183628,
        -0.10958163989799183,
        0.3031417709142621
      ],
      [
        -0.020385789469783172,
        -0.07036752207493671,
        0.30630308437016907
      ],
      [
        0.0029737970758609567,
        -0.07447629393525992,
        0.3137420064153206
      ],
      [
        0.002524202993554242,
        -0.13822912967243872,
        0.2799409363018677
      ],
      [
        -0.020835383552089887,
        -0.1341203578121155,
        0.2725020142567163
      ],
      [
        -0.028626016637921525,
        -0.08093415012354496,
        0.3263426055266564
      ],
      [
        -0.0052664300922773966,
        -0.08504292198386817,
        0.3337815275718078
      ],
      [
        -0.005716024174584083,
        -0.14879575772104697,
        0.299980457458355
      ],
      [
        -0.02907561072022824,
        -0.14468698586072376,
        0.2925415354132036
      ]
    ],
    "model_matrix": [
      0.286516564780678,
      -0.20046528206315484,
      0.9368681490976303,
      0.051669300718739965,
      -0.8623857027187566,
      -0.4799551546378352,
      0.1610402101428341,
      -0.029440825696239355,
      0.4173717262256226,
      -0.8540823849160639,
      -0.310393495298359,
      0.34393963694257507,
      0.0,
      0.0,
      0.0,
      1.0
    ],
    "view_matrix": [
      0.5907432262984854,
      -0.7523844953569092,
      0.29144469754824065,
      -0.165964400477295,
      0.5404024378916839,
      0.6371689858072455,
      0.5495278779516932,
      -0.3077494937528858,
      -0.5991557774929498,
      -0.1671324464964698,
      0.7829936778958841,
      0.05987665242958515,
      0.0,
      0.0,
      0.0,
      1.0
    ],
    "camera_intrinsics": {
      "fx": 493.6830010054814,
      "fy": 493.6830010054814,
      "cx": 256.0,
      "cy": 256.0,
      "image_width": 512,
      "image_height": 512,
      "model": "SIMPLE_RADIAL",
      "dist": [
        -0.011964968764453684,
        0.0,
        0.0,
        0.0
      ]
    },
    "visibility": [
      1.0,
      1.0,
      1.0,
      1.0,
      1.0,
      1.0,
      1.0,
      1.0,
      1.0
    ],
    "keypoints_2d_visibility": [
      1.0,
      1.0,
      1.0,
      1.0,
      1.0,
      1.0,
      1.0,
      1.0,
      1.0
    ],
    "pose_6dof": {
      "translation": [
        0.051669300718739965,
        -0.029440825696239355,
        0.34393963694257507
      ],
      "rotation": [
        0.286516564780678,
        -0.20046528206315484,
        0.9368681490976303,
        -0.8623857027187566,
        -0.4799551546378352,
        0.1610402101428341,
        0.4173717262256226,
        -0.8540823849160639,
        -0.310393495298359
      ]
    },
    "pose_9dof": {
      "translation": [
        0.051669300718739965,
        -0.029440825696239355,
        0.34393963694257507
      ],
      "rotation": [
        0.286516564780678,
        -0.20046528206315484,
        0.9368681490976303,
        -0.8623857027187566,
        -0.4799551546378352,
        0.1610402101428341,
        0.4173717262256226,
        -0.8540823849160639,
        -0.310393495298359
      ],
      "scale": [
        0.02485739026884083,
        0.07216050540416899,
        0.024106791165177114
      ]
    }
  },
  {
    "frame_id": 4,
    "image": "frame_000004.png",
    "keypoints_2d": [
      [
        0.4594235519788336,
        0.1538942662557075,
        0.3034562102714746
      ],
      [
        0.4367144149074559,
        0.28034088891280035,
        0.30657270152036153
      ],
      [
        0.5099134722782345,
        0.27297864557911833,
        0.31399524611532575
      ],
      [
        0.5095055729753565,
        0.027446348237886997,
        0.2802786213421931
      ],
      [
        0.42744265206118426,
        0.02902724309360838,
        0.27285607674722895
      ],
      [
        0.41637306141095093,
        0.26276776110452205,
        0.32663379920075614
      ],
      [
        0.4856176133194113,
        0.2562297768047789,
        0.3340563437957203
      ],
      [
        0.4825688010959754,
        0.025280730883269542,
        0.3003397190225877
      ],
      [
        0.4054518040169321,
        0.026722633259875672,
        0.29291717442762355
      ]
    ],
    "keypoints_3d": [
      [
        -0.012791763863146038,
        -0.10911016201882495,
        0.3034562102714746
      ],
      [
        -0.02013715458341589,
        -0.06989442333748438,
        0.30657270152036153
      ],
      [
        0.003230763157339056,
        -0.07398540160368686,
        0.31399524611532575
      ],
      [
        0.0027715479783822217,
        -0.13778286922985755,
        0.2802786213421931
      ],
      [
        -0.020596369762372724,
        -0.13369189096365508,
        0.27285607674722895
      ],
      [
        -0.028355075704674326,
        -0.08043745480779235,
        0.32663379920075614
      ],
      [
        -0.004987157963919381,
        -0.08452843307399482,
        0.3340563437957203
      ],
      [
        -0.005446373142876215,
        -0.14832590070016552,
        0.3003397190225877
      ],
      [
        -0.02881429088363116,
        -0.14423492243396305,
        0.29291717442762355
      ]
    ],
    "model_matrix": [
      0.286516564780678,
      -0.20046528206315484,
      0.9368681490976303,
      0.051669300718739965,
      -0.8623857027187566,
      -0.4799551546378352,
      0.1610402101428341,
      -0.029440825696239355,
      0.4173717262256226,
      -0.8540823849160639,
      -0.310393495298359,
      0.34393963694257507,
      0.0,
      0.0,
      0.0,
      1.0
    ],
    "view_matrix": [
      0.5899990975784282,
      -0.7527585510068322,
      0.29198566530351344,
      -0.16586388166818355,
      0.5398144840876675,
      0.6366908912517841,
      0.5506587253155757,
      -0.30765065544205533,
      -0.6004176776426609,
      -0.1672700597330668,
      0.7819970201292907,
      0.060595031948196154,
      0.0,
      0.0,
      0.0,
      1.0
    ],
    "camera_intrinsics": {
      "fx": 493.64128375417175,
      "fy": 493.64128375417175,
      "cx": 256.0,
      "cy": 256.0,
      "image_width": 512,
      "image_height": 512,
      "model": "SIMPLE_RADIAL",
      "dist": [
        -0.012321576292935581,
        0.0,
        0.0,
        0.0
      ]
    },
    "visibility": [
      1.0,
      1.0,
      1.0,
      1.0,
      1.0,
      1.0,
      1.0,
      1.0,
      1.0
    ],
    "keypoints_2d_visibility": [
      1.0,
      1.0,
      1.0,
      1.0,
      1.0,
      1.0,
      1.0,
      1.0,
      1.0
    ],
    "pose_6dof": {
      "translation": [
        0.051669300718739965,
        -0.029440825696239355,
        0.34393963694257507
      ],
      "rotation": [
        0.286516564780678,
        -0.20046528206315484,
        0.9368681490976303,
        -0.8623857027187566,
        -0.4799551546378352,
        0.1610402101428341,
        0.4173717262256226,
        -0.8540823849160639,
        -0.310393495298359
      ]
    },
    "pose_9dof": {
      "translation": [
        0.051669300718739965,
        -0.029440825696239355,
        0.34393963694257507
      ],
      "rotation": [
        0.286516564780678,
        -0.20046528206315484,
        0.9368681490976303,
        -0.8623857027187566,
        -0.4799551546378352,
        0.1610402101428341,
        0.4173717262256226,
        -0.8540823849160639,
        -0.310393495298359
      ],
      "scale": [
        0.02485739026884083,
        0.07216050540416899,
        0.024106791165177114
      ]
    }
  },
  {
    "frame_id": 5,
    "image": "frame_000005.png",
    "keypoints_2d": [
      [
        0.45957752725024015,
        0.1542649352553177,
        0.30364338015366704
      ],
      [
        0.43669050442216223,
        0.28064287928521453,
        0.3067443917208541
      ],
      [
        0.5098787953602916,
        0.2733925904713812,
        0.31417943578379537
      ],
      [
        0.5098371834540788,
        0.027945168576355595,
        0.28048202186314614
      ],
      [
        0.42779831841821564,
        0.02939597242241332,
        0.2730469778002048
      ],
      [
        0.416369285798439,
        0.26303184307086525,
        0.32680473844418795
      ],
      [
        0.4856068420013857,
        0.2566005016914784,
        0.33423978250712927
      ],
      [
        0.4829029520860363,
        0.025713632986827772,
        0.30054236858648004
      ],
      [
        0.4058035172414134,
        0.027031536720290184,
        0.2931073245235387
      ]
    ],
    "keypoints_3d": [
      [
        -0.012746576799383125,
        -0.10902199334240337,
        0.30364338015366704
      ],
      [
        -0.020149836366933377,
        -0.06981591067789,
        0.3067443917208541
      ],
      [
        0.0032203572809549885,
        -0.07387103331719233,
        0.31417943578379537
      ],
      [
        0.002869109250674573,
        -0.1376793357555644,
        0.28048202186314614
      ],
      [
        -0.020501084397213792,
        -0.13362421311626207,
        0.2730469778002048
      ],
      [
        -0.028362262849440822,
        -0.0803646509292423,
        0.32680473844418795
      ],
      [
        -0.004992069201552457,
        -0.08441977356854463,
        0.33423978250712927
      ],
      [
        -0.0053433172318328725,
        -0.1482280760069167,
        0.30054236858648004
      ],
      [
        -0.028713510879721238,
        -0.14417295336761438,
        0.2931073245235387
      ]
    ],
    "model_matrix": [
      0.286516564780678,
      -0.20046528206315484,
      0.9368681490976303,
      0.051669300718739965,
      -0.8623857027187566,
      -0.4799551546378352,
      0.1610402101428341,
      -0.029440825696239355,
      0.4173717262256226,
      -0.8540823849160639,
      -0.310393495298359,
      0.34393963694257507,
      0.0,
      0.0,
      0.0,
      1.0
    ],
    "view_matrix": [
      0.5895118533064297,
      -0.7535923284529104,
      0.29081674179479333,
      -0.16541602700286387,
      0.5404797322574116,
      0.6355571410316606,
      0.5513154990589496,
      -0.307856128738832,
      -0.6002977876272536,
      -0.167826466865578,
      0.7819698480051784,
      0.06076897168222707,
      0.0,
      0.0,
      0.0,
      1.0
    ],
    "camera_intrinsics": {
      "fx": 493.776419087371,
      "fy": 493.776419087371,
      "cx": 256.0,
      "cy": 256.0,
      "image_width": 512,
      "image_height": 512,
      "model": "SIMPLE_RADIAL",
      "dist": [
        -0.011748394761005837,
        0.0,
        0.0,
        0.0
      ]
    },
    "visibility": [
      1.0,
      1.0,
      1.0,
      1.0,
      1.0,
      1.0,
      1.0,
      1.0,
      1.0
    ],
    "keypoints_2d_visibility": [
      1.0,
      1.0,
      1.0,
      1.0,
      1.0,
      1.0,
      1.0,
      1.0,
      1.0
    ],
    "pose_6dof": {
      "translation": [
        0.051669300718739965,
        -0.029440825696239355,
        0.34393963694257507
      ],
      "rotation": [
        0.286516564780678,
        -0.20046528206315484,
        0.9368681490976303,
        -0.8623857027187566,
        -0.4799551546378352,
        0.1610402101428341,
        0.4173717262256226,
        -0.8540823849160639,
        -0.310393495298359
      ]
    },
    "pose_9dof": {
      "translation": [
        0.051669300718739965,
        -0.029440825696239355,
        0.34393963694257507
      ],
      "rotation": [
        0.286516564780678,
        -0.20046528206315484,
        0.9368681490976303,
        -0.8623857027187566,
        -0.4799551546378352,
        0.1610402101428341,
        0.4173717262256226,
        -0.8540823849160639,
        -0.310393495298359
      ],
      "scale": [
        0.02485739026884083,
        0.07216050540416899,
        0.024106791165177114
      ]
    }
  },
  {
    "frame_id": 6,
    "image": "frame_000006.png",
    "keypoints_2d": [
      [
        0.46039320696731667,
        0.15461867093577314,
        0.3036994620592816
      ],
      [
        0.4371787588709388,
        0.2808694815262508,
        0.3068073904448399
      ],
      [
        0.5103530371869669,
        0.27380700558013377,
        0.3142434757190328
      ],
      [
        0.5109624574642052,
        0.028550097041410427,
        0.2805338414933774
      ],
      [
        0.4289604407700695,
        0.02979576802426359,
        0.2730977562191844
      ],
      [
        0.41691640569545757,
        0.2631791606601672,
        0.3268650826251858
      ],
      [
        0.4861405649330672,
        0.25692573155627874,
        0.3343011678993788
      ],
      [
        0.4840517604814734,
        0.02620351820791411,
        0.3005915336737233
      ],
      [
        0.40698581896019853,
        0.027328090210793188,
        0.2931554483995304
      ]
    ],
    "keypoints_3d": [
      [
        -0.012495298176480929,
        -0.1089621845344953,
        0.3036994620592816
      ],
      [
        -0.02000386705031948,
        -0.06977668189030214,
        0.3068073904448399
      ],
      [
        0.0033765387635777966,
        -0.07377056605861143,
        0.3142434757190328
      ],
      [
        0.00319893929383111,
        -0.13757313308366115,
        0.2805338414933774
      ],
      [
        -0.020181466520066166,
        -0.13357924891535186,
        0.2730977562191844
      ],
      [
        -0.028189535646792968,
        -0.08035123598532945,
        0.3268650826251858
      ],
      [
        -0.004809129832895692,
        -0.08434512015363874,
        0.3343011678993788
      ],
      [
        -0.004986729302642379,
        -0.14814768717868848,
        0.3005915336737233
      ],
      [
        -0.028367135116539655,
        -0.1441538030103792,
        0.2931554483995304
      ]
    ],
    "model_matrix": [
      0.286516564780678,
      -0.20046528206315484,
      0.9368681490976303,
      0.051669300718739965,
      -0.8623857027187566,
      -0.4799551546378352,
      0.1610402101428341,
      -0.029440825696239355,
      0.4173717262256226,
      -0.8540823849160639,
      -0.310393495298359,
      0.34393963694257507,
      0.0,
      0.0,
      0.0,
      1.0
    ],
    "view_matrix": [
      0.5881072607782782,
      -0.7552803469953941,
      0.28927745723161247,
      -0.16461244975210687,
      0.5421728687129845,
      0.6335668707320756,
      0.5519434760392574,
      -0.30815838448319866,
      -0.6001486734563388,
      -0.16776357695662797,
      0.7820977892791376,
      0.06077519641843516,
      0.0,
      0.0,
      0.0,
      1.0
    ],
    "camera_intrinsics": {
      "fx": 493.65360753857794,
      "fy": 493.65360753857794,
      "cx": 256.0,
      "cy": 256.0,
      "image_width": 512,
      "image_height": 512,
      "model": "SIMPLE_RADIAL",
      "dist": [
        -0.012089311513964031,
        0.0,
        0.0,
        0.0
      ]
    },
    "visibility": [
      1.0,
      1.0,
      1.0,
      1.0,
      1.0,
      1.0,
      1.0,
      1.0,
      1.0
    ],
    "keypoints_2d_visibility": [
      1.0,
      1.0,
      1.0,
      1.0,
      1.0,
      1.0,
      1.0,
      1.0,
      1.0
    ],
    "pose_6dof": {
      "translation": [
        0.051669300718739965,
        -0.029440825696239355,
        0.34393963694257507
      ],
      "rotation": [
        0.286516564780678,
        -0.20046528206315484,
        0.9368681490976303,
        -0.8623857027187566,
        -0.4799551546378352,
        0.1610402101428341,
        0.4173717262256226,
        -0.8540823849160639,
        -0.310393495298359
      ]
    },
    "pose_9dof": {
      "translation": [
        0.051669300718739965,
        -0.029440825696239355,
        0.34393963694257507
      ],
      "rotation": [
        0.286516564780678,
        -0.20046528206315484,
        0.9368681490976303,
        -0.8623857027187566,
        -0.4799551546378352,
        0.1610402101428341,
        0.4173717262256226,
        -0.8540823849160639,
        -0.310393495298359
      ],
      "scale": [
        0.02485739026884083,
        0.07216050540416899,
        0.024106791165177114
      ]
    }
  },
  {
    "frame_id": 7,
    "image": "frame_000007.png",
    "keypoints_2d": [
      [
        0.45963352092239507,
        0.15392264552069163,
        0.30338657445063333
      ],
      [
        0.43596059676021176,
        0.280249558519164,
        0.3064928692302045
      ],
      [
        0.5092042142847208,
        0.27347684323335175,
        0.31398903549752505
      ],
      [
        0.5107465313647827,
        0.02782893547442261,
        0.28024928957094014
      ],
      [
        0.42864307337128366,
        0.02868117715734081,
        0.27275312330361967
      ],
      [
        0.4157004183223762,
        0.26244966588329177,
        0.3265238593303265
      ],
      [
        0.4849973724056258,
        0.25647559092047634,
        0.33402002559764704
      ],
      [
        0.483765445877603,
        0.025357096111763844,
        0.3002802796710622
      ],
      [
        0.4065953834283431,
        0.0261077172839021,
        0.29278411340374166
      ]
    ],
    "keypoints_3d": [
      [
        -0.012722184417467614,
        -0.10907218134954355,
        0.30338657445063333
      ],
      [
        -0.020374350202331026,
        -0.0699143375069061,
        0.3064928692302045
      ],
      [
        0.0029999402140276354,
        -0.0738309546444205,
        0.31398903549752505
      ],
      [
        0.0031321552409595,
        -0.13761771349123175,
        0.28024928957094014
      ],
      [
        -0.02024213517539919,
        -0.13370109635371735,
        0.27275312330361967
      ],
      [
        -0.028576524075894755,
        -0.08052664920785538,
        0.3265238593303265
      ],
      [
        -0.005202233659536065,
        -0.08444326634536975,
        0.33402002559764704
      ],
      [
        -0.0050700186326042285,
        -0.148230025192181,
        0.3002802796710622
      ],
      [
        -0.02844430904896289,
        -0.1443134080546666,
        0.29278411340374166
      ]
    ],
    "model_matrix": [
      0.286516564780678,
      -0.20046528206315484,
      0.9368681490976303,
      0.051669300718739965,
      -0.8623857027187566,
      -0.4799551546378352,
      0.1610402101428341,
      -0.029440825696239355,
      0.4173717262256226,
      -0.8540823849160639,
      -0.310393495298359,
      0.34393963694257507,
      0.0,
      0.0,
      0.0,
      1.0
    ],
    "view_matrix": [
      0.587817541554656,
      -0.7570185668753786,
      0.2852953333768151,
      -0.16350593079903322,
      0.544486947732538,
      0.6310333078612871,
      0.5525675778749113,
      -0.3086771916846345,
      -0.5983347738428249,
      -0.16946932989656233,
      0.7831191765209595,
      0.059967071553067165,
      0.0,
      0.0,
      0.0,
      1.0
    ],
    "camera_intrinsics": {
      "fx": 493.5172067777551,
      "fy": 493.5172067777551,
      "cx": 256.0,
      "cy": 256.0,
      "image_width": 512,
      "image_height": 512,
      "model": "SIMPLE_RADIAL",
      "dist": [
        -0.010130849761786803,
        0.0,
        0.0,
        0.0
      ]
    },
    "visibility": [
      1.0,
      1.0,
      1.0,
      1.0,
      1.0,
      1.0,
      1.0,
      1.0,
      1.0
    ],
    "keypoints_2d_visibility": [
      1.0,
      1.0,
      1.0,
      1.0,
      1.0,
      1.0,
      1.0,
      1.0,
      1.0
    ],
    "pose_6dof": {
      "translation": [
        0.051669300718739965,
        -0.029440825696239355,
        0.34393963694257507
      ],
      "rotation": [
        0.286516564780678,
        -0.20046528206315484,
        0.9368681490976303,
        -0.8623857027187566,
        -0.4799551546378352,
        0.1610402101428341,
        0.4173717262256226,
        -0.8540823849160639,
        -0.310393495298359
      ]
    },
    "pose_9dof": {
      "translation": [
        0.051669300718739965,
        -0.029440825696239355,
        0.34393963694257507
      ],
      "rotation": [
        0.286516564780678,
        -0.20046528206315484,
        0.9368681490976303,
        -0.8623857027187566,
        -0.4799551546378352,
        0.1610402101428341,
        0.4173717262256226,
        -0.8540823849160639,
        -0.310393495298359
      ],
      "scale": [
        0.02485739026884083,
        0.07216050540416899,
        0.024106791165177114
      ]
    }
  },
  {
    "frame_id": 8,
    "image": "frame_000008.png",
    "keypoints_2d": [
      [
        0.4556498105424108,
        0.15663606992382578,
        0.30372293463026667
      ],
      [
        0.4315021779938346,
        0.2825403463670171,
        0.30676563508761634
      ],
      [
        0.5046257512102444,
        0.2761233631155856,
        0.3144058288329425
      ],
      [
        0.5071918834319429,
        0.03138746910916651,
        0.28069503623040704
      ],
      [
        0.4252754345940851,
        0.031745620542024566,
        0.2730548424850809
      ],
      [
        0.411308041472601,
        0.2645410103434773,
        0.3267508330301263
      ],
      [
        0.480512842347533,
        0.2589113925924277,
        0.33439102677545246
      ],
      [
        0.4802551967042659,
        0.028569428040194078,
        0.300680234172917
      ],
      [
        0.4032313133132037,
        0.0288504726267082,
        0.29304004042759085
      ]
    ],
    "keypoints_3d": [
      [
        -0.014006486337768492,
        -0.10843972155053505,
        0.30372293463026667
      ],
      [
        -0.021832412110922683,
        -0.06931123700818495,
        0.30676563508761634
      ],
      [
        0.0015110609366664751,
        -0.0731321736195173,
        0.3144058288329425
      ],
      [
        0.0021015153325588953,
        -0.1369316435695123,
        0.28069503623040704
      ],
      [
        -0.02124195771503029,
        -0.13311070695817995,
        0.2730548424850809
      ],
      [
        -0.03011448800809588,
        -0.07994779953155784,
        0.3267508330301263
      ],
      [
        -0.006771014960506722,
        -0.08376873614289018,
        0.33439102677545246
      ],
      [
        -0.006180560564614301,
        -0.14756820609288515,
        0.300680234172917
      ],
      [
        -0.029524033612203487,
        -0.14374726948155284,
        0.29304004042759085
      ]
    ],
    "model_matrix": [
      0.286516564780678,
      -0.20046528206315484,
      0.9368681490976303,
      0.051669300718739965,
      -0.8623857027187566,
      -0.4799551546378352,
      0.1610402101428341,
      -0.029440825696239355,
      0.4173717262256226,
      -0.8540823849160639,
      -0.310393495298359,
      0.34393963694257507,
      0.0,
      0.0,
      0.0,
      1.0
    ],
    "view_matrix": [
      0.5892945692450418,
      -0.7584634907696532,
      0.2783254279217282,
      -0.16251186270800755,
      0.5465675787788489,
      0.6279603782449892,
      0.5540123150095466,
      -0.30873960858761673,
      -0.5949754553644443,
      -0.1743527932782332,
      0.7846051943429573,
      0.05947498447162919,
      0.0,
      0.0,
      0.0,
      1.0
    ],
    "camera_intrinsics": {
      "fx": 493.07109822013143,
      "fy": 493.07109822013143,
      "cx": 256.0,
      "cy": 256.0,
      "image_width": 512,
      "image_height": 512,
      "model": "SIMPLE_RADIAL",
      "dist": [
        -0.010576777822768578,
        0.0,
        0.0,
        0.0
      ]
    },
    "visibility": [
      1.0,
      1.0,
      1.0,
      1.0,
      1.0,
      1.0,
      1.0,
      1.0,
      1.0
    ],
    "keypoints_2d_visibility": [
      1.0,
      1.0,
      1.0,
      1.0,
      1.0,
      1.0,
      1.0,
      1.0,
      1.0
    ],
    "pose_6dof": {
      "translation": [
        0.051669300718739965,
        -0.029440825696239355,
        0.34393963694257507
      ],
      "rotation": [
        0.286516564780678,
        -0.20046528206315484,
        0.9368681490976303,
        -0.8623857027187566,
        -0.4799551546378352,
        0.1610402101428341,
        0.4173717262256226,
        -0.8540823849160639,
        -0.310393495298359
      ]
    },
    "pose_9dof": {
      "translation": [
        0.051669300718739965,
        -0.029440825696239355,
        0.34393963694257507
      ],
      "rotation": [
        0.286516564780678,
        -0.20046528206315484,
        0.9368681490976303,
        -0.8623857027187566,
        -0.4799551546378352,
        0.1610402101428341,
        0.4173717262256226,
        -0.8540823849160639,
        -0.310393495298359
      ],
      "scale": [
        0.02485739026884083,
        0.07216050540416899,
        0.024106791165177114
      ]
    }
  },
  {
    "frame_id": 9,
    "image": "frame_000009.png",
    "keypoints_2d": [
      [
        0.45491597937481776,
        0.16145874276972183,
        0.30455006091625003
      ],
      [
        0.4307093315091114,
        0.2868690449028629,
        0.3074708371974312
      ],
      [
        0.503652840347984,
        0.2805112025806161,
        0.3151579745596429
      ],
      [
        0.5064272350190071,
        0.03702361167550522,
        0.2816272219764426
      ],
      [
        0.42481008960283934,
        0.03732439030616275,
        0.2739400846142308
      ],
      [
        0.4105464483053787,
        0.2688090766742349,
        0.3274728998560575
      ],
      [
        0.4795882645558631,
        0.2632367945278856,
        0.3351600372182692
      ],
      [
        0.4795581489136196,
        0.03403813444198911,
        0.30162928463506883
      ],
      [
        0.40280147415329537,
        0.03426310199136279,
        0.2939421472728571
      ]
    ],
    "keypoints_3d": [
      [
        -0.01427939288837865,
        -0.10722565454192448,
        0.30455006091625003
      ],
      [
        -0.022138077455199523,
        -0.06809444467492054,
        0.3074708371974312
      ],
