videos=44
reproj_px_mean=85.05917172555176
iou3d_mean=0.02261343858681372
jitter_px_mean=5.40014109286395
center_jitter_px_mean=4.6649773933670735
jitter_3d_mean=0.016242298893771615
cls_tp=23322 cls_fp=5 cls_tn=7301 cls_fn=5589
cls_acc=0.845542148714692 cls_prec=0.9997856561066575 cls_rec=0.8066825775656324 cls_f1=0.8929132049465905
