[
  {
    "frame_id": 0,
    "image": "frame_000000.png",
    "keypoints_2d": [
      [
        0.4845313524308976,
        0.3734280349566945,
        0.08948068807992332
      ],
      [
        0.45648542241813544,
        0.4956038663883791,
        0.09723812725962605
      ],
      [
        0.5623347685296962,
        0.4837298989941427,
        0.09566974047996853
      ],
      [
        0.5192133040853507,
        0.30223440491321774,
        0.07679335872635691
      ],
      [
        0.3880991575968486,
        0.3205499936268428,
        0.07836174550601442
      ],
      [
        0.4585480266080677,
        0.42661248785709865,
        0.10216801743348974
      ],
      [
        0.5593163302853941,
        0.4142032403116897,
        0.10059963065383223
      ],
      [
        0.5181153744171713,
        0.22618073970199903,
        0.0817232489002206
      ],
      [
        0.39432311724511515,
        0.24497860280169576,
        0.08329163567987811
      ]
    ],
    "keypoints_3d": [
      [
        -0.0013615744021164208,
        -0.01114106109526801,
        0.08948068807992332
      ],
      [
        -0.004169425334825883,
        -0.0004212232284936813,
        0.09723812725962605
      ],
      [
        0.005874801021006326,
        -0.00153339152860655,
        0.09566974047996853
      ],
      [
        0.0014474140704498085,
        -0.014898463257953699,
        0.07679335872635691
      ],
      [
        -0.008596812285382404,
        -0.01378629495784083,
        0.07836174550601442
      ],
      [
        -0.004170562874682648,
        -0.007383658932582321,
        0.10216801743348974
      ],
      [
        0.005873663481149559,
        -0.00849582723269519,
        0.10059963065383223
      ],
      [
        0.0014462765305930433,
        -0.02186089896204234,
        0.0817232489002206
      ],
      [
        -0.008597949825239166,
        -0.02074873066192947,
        0.08329163567987811
      ]
    ],
    "model_matrix": [
      0.833540753130893,
      -0.1564074462175033,
      -0.5298551911944457,
      0.014402559869495126,
      0.24445934148621015,
      -0.7556596420548309,
      0.6076332246739751,
      0.0023721052738550786,
      -0.4954285450275471,
      -0.6360151068451784,
      -0.5916378458437257,
      0.08354586921049835,
      0.0,
      0.0,
      0.0,
      1.0
    ],
    "view_matrix": [
      0.8480118234932733,
      0.38225198047885445,
      -0.36709586028121727,
      0.016187485331916492,
      -0.43430942418805285,
      0.8981931842802106,
      -0.06800241006036314,
      -0.0013351819439836223,
      0.30372894375916076,
      0.21710003945777925,
      0.9276940775872051,
      0.0070862215613270016,
      0.0,
      0.0,
      0.0,
      1.0
    ],
    "camera_intrinsics": {
      "fx": 519.4757606047859,
      "fy": 519.4757606047859,
      "cx": 256.0,
      "cy": 256.0,
      "image_width": 512,
      "image_height": 512,
      "model": "SIMPLE_RADIAL",
      "dist": [
        0.12377668170181483,
        0.0,
        0.0,
        0.0
      ]
    },
    "visibility": [
      1.0,
      1.0,
      1.0,
      1.0,
      1.0,
      1.0,
      1.0,
      1.0,
      1.0
    ],
    "keypoints_2d_visibility": [
      1.0,
      1.0,
      1.0,
      1.0,
      1.0,
      1.0,
      1.0,
      1.0,
      1.0
    ],
    "pose_6dof": {
      "translation": [
        0.014402559869495126,
        0.0023721052738550786,
        0.08354586921049835
      ],
      "rotation": [
        0.833540753130893,
        -0.1564074462175033,
        -0.5298551911944457,
        0.24445934148621015,
        -0.7556596420548309,
        0.6076332246739751,
        -0.4954285450275471,
        -0.6360151068451784,
        -0.5916378458437257
      ]
    },
    "pose_9dof": {
      "translation": [
        0.014402559869495126,
        0.0023721052738550786,
        0.08354586921049835
      ],
      "rotation": [
        0.833540753130893,
        -0.1564074462175033,
        -0.5298551911944457,
        0.24445934148621015,
        -0.7556596420548309,
        0.6076332246739751,
        -0.4954285450275471,
        -0.6360151068451784,
        -0.5916378458437257
      ],
      "scale": [
        0.01022659466810844,
        0.02354877248711158,
        0.008531080198548629
      ]
    }
  },
  {
    "frame_id": 1,
    "image": "frame_000001.png",
    "keypoints_2d": [
      [
        0.484000544338862,
        0.37371601347191996,
        0.08964382288023277
      ],
      [
        0.4561303010579528,
        0.4958276596782054,
        0.09739905563156294
      ],
      [
        0.5618972205240725,
        0.4838401207960263,
        0.09583205059230382
      ],
      [
        0.5185197181853619,
        0.30261134133066636,
        0.07695748281761822
      ],
      [
        0.38757712353074725,
        0.3210448037757009,
        0.07852448785687735
      ],
      [
        0.4581225225803162,
        0.42687018294583345,
        0.10233016294284733
      ],
      [
        0.5588166601131761,
        0.41435672605049434,
        0.10076315790358821
      ],
      [
        0.5173543900369517,
        0.22663845633245328,
        0.08188859012890261
      ],
      [
        0.3937210473350239,
        0.24554027545955287,
        0.08345559516816173
      ]
    ],
    "keypoints_3d": [
      [
        -0.0014093997980401708,
        -0.011124417535072836,
        0.08964382288023277
      ],
      [
        -0.004205874815247441,
        -0.0004000105198638127,
        0.09739905563156294
      ],
      [
        0.005837254929435475,
        -0.0015239672111899063,
        0.09583205059230382
      ],
      [
        0.0013967763656620377,
        -0.014887257490612218,
        0.07695748281761822
      ],
      [
        -0.008646353379020873,
        -0.013763300799286124,
        0.07852448785687735
      ],
      [
        -0.004215575961742383,
        -0.007361577579533454,
        0.10233016294284733
      ],
      [
        0.005827553782940529,
        -0.008485534270859548,
        0.10076315790358821
      ],
      [
        0.0013870752191670957,
        -0.02184882455028186,
        0.08188859012890261
      ],
      [
        -0.008656054525515818,
        -0.02072486785895577,
        0.08345559516816173
      ]
    ],
    "model_matrix": [
      0.833540753130893,
      -0.1564074462175033,
      -0.5298551911944457,
      0.014402559869495126,
      0.24445934148621015,
      -0.7556596420548309,
      0.6076332246739751,
      0.0023721052738550786,
      -0.4954285450275471,
      -0.6360151068451784,
      -0.5916378458437257,
      0.08354586921049835,
      0.0,
      0.0,
      0.0,
      1.0
    ],
    "view_matrix": [
      0.8474775190052533,
      0.38325581522020247,
      -0.36728304464077655,
      0.01616061256670795,
      -0.4352281442113274,
      0.8977923562279725,
      -0.06741919300161762,
      -0.0013530810334245942,
      0.30390511227530326,
      0.2169881683376385,
      0.9276625558544508,
      0.007249717964671655,
      0.0,
      0.0,
      0.0,
      1.0
    ],
    "camera_intrinsics": {
      "fx": 520.0359574335696,
      "fy": 520.0359574335696,
      "cx": 256.0,
      "cy": 256.0,
      "image_width": 512,
      "image_height": 512,
      "model": "SIMPLE_RADIAL",
      "dist": [
        0.12195757556047483,
        0.0,
        0.0,
        0.0
      ]
    },
    "visibility": [
      1.0,
      1.0,
      1.0,
      1.0,
      1.0,
      1.0,
      1.0,
      1.0,
      1.0
    ],
    "keypoints_2d_visibility": [
      1.0,
      1.0,
      1.0,
      1.0,
      1.0,
      1.0,
      1.0,
      1.0,
      1.0
    ],
    "pose_6dof": {
      "translation": [
        0.014402559869495126,
        0.0023721052738550786,
        0.08354586921049835
      ],
      "rotation": [
        0.833540753130893,
        -0.1564074462175033,
        -0.5298551911944457,
        0.24445934148621015,
        -0.7556596420548309,
        0.6076332246739751,
        -0.4954285450275471,
        -0.6360151068451784,
        -0.5916378458437257
      ]
    },
    "pose_9dof": {
      "translation": [
        0.014402559869495126,
        0.0023721052738550786,
        0.08354586921049835
      ],
      "rotation": [
        0.833540753130893,
        -0.1564074462175033,
        -0.5298551911944457,
        0.24445934148621015,
        -0.7556596420548309,
        0.6076332246739751,
        -0.4954285450275471,
        -0.6360151068451784,
        -0.5916378458437257
      ],
      "scale": [
        0.01022659466810844,
        0.02354877248711158,
        0.008531080198548629
      ]
    }
  },
  {
    "frame_id": 2,
    "image": "frame_000002.png",
    "keypoints_2d": [
      [
        0.48272602662076175,
        0.37536943676698276,
        0.08959483064596103
      ],
      [
        0.455078618465666,
        0.49753634172952416,
        0.09733694786094964
      ],
      [
        0.5608821851815664,
        0.48536804884256346,
        0.09577775341997107
      ],
      [
        0.5170717167586081,
        0.3042916867511689,
        0.07691430462962284
      ],
      [
        0.386102463640292,
        0.3229261426060755,
        0.07847349907060142
      ],
      [
        0.45697420879431777,
        0.4285135734300395,
        0.10227535666229921
      ],
      [
        0.5576873057152212,
        0.4158363923853849,
        0.10071616222132064
      ],
      [
        0.5157921234282612,
        0.22831600286431714,
        0.08185271343097242
      ],
      [
        0.3921640578804717,
        0.24739254880927697,
        0.08341190787195099
      ]
    ],
    "keypoints_3d": [
      [
        -0.0015209346467149366,
        -0.010973441807460503,
        0.08959483064596103
      ],
      [
        -0.004303851353913146,
        -0.00023603946763886986,
        0.09733694786094964
      ],
      [
        0.005738337008249791,
        -0.0013791073132349285,
        0.09577775341997107
      ],
      [
        0.0012870405088186467,
        -0.014754493096706615,
        0.07691430462962284
      ],
      [
        -0.008755147853344292,
        -0.013611425251110558,
        0.07847349907060142
      ],
      [
        -0.0043289098022485165,
        -0.007192390518214388,
        0.10227535666229921
      ],
      [
        0.005713278559914419,
        -0.008335458363810446,
        0.10071616222132064
      ],
      [
        0.001261982060483273,
        -0.021710844147282138,
        0.08185271343097242
      ],
      [
        -0.008780206301679663,
        -0.020567776301686075,
        0.08341190787195099
      ]
    ],
    "model_matrix": [
      0.833540753130893,
      -0.1564074462175033,
      -0.5298551911944457,
      0.014402559869495126,
      0.24445934148621015,
      -0.7556596420548309,
      0.6076332246739751,
      0.0023721052738550786,
      -0.4954285450275471,
      -0.6360151068451784,
      -0.5916378458437257,
      0.08354586921049835,
      0.0,
      0.0,
      0.0,
      1.0
    ],
    "view_matrix": [
      0.846518817048267,
      0.384674286797901,
      -0.368010306186836,
      0.016120280414464318,
      -0.43638154361385056,
      0.897352137583382,
      -0.06580493573986874,
      -0.001319313682957667,
      0.30492136818595644,
      0.21629802183806818,
      0.9274902290442434,
      0.00720212333710241,
      0.0,
      0.0,
      0.0,
      1.0
    ],
    "camera_intrinsics": {
      "fx": 520.0459960902427,
      "fy": 520.0459960902427,
      "cx": 256.0,
      "cy": 256.0,
      "image_width": 512,
      "image_height": 512,
      "model": "SIMPLE_RADIAL",
      "dist": [
        0.11951415624981945,
        0.0,
        0.0,
        0.0
      ]
    },
    "visibility": [
      1.0,
      1.0,
      1.0,
      1.0,
      1.0,
      1.0,
      1.0,
      1.0,
      1.0
    ],
    "keypoints_2d_visibility": [
      1.0,
      1.0,
      1.0,
      1.0,
      1.0,
      1.0,
      1.0,
      1.0,
      1.0
    ],
    "pose_6dof": {
      "translation": [
        0.014402559869495126,
        0.0023721052738550786,
        0.08354586921049835
      ],
      "rotation": [
        0.833540753130893,
        -0.1564074462175033,
        -0.5298551911944457,
        0.24445934148621015,
        -0.7556596420548309,
        0.6076332246739751,
        -0.4954285450275471,
        -0.6360151068451784,
        -0.5916378458437257
      ]
    },
    "pose_9dof": {
      "translation": [
        0.014402559869495126,
        0.0023721052738550786,
        0.08354586921049835
      ],
      "rotation": [
        0.833540753130893,
        -0.1564074462175033,
        -0.5298551911944457,
        0.24445934148621015,
        -0.7556596420548309,
        0.6076332246739751,
        -0.4954285450275471,
        -0.6360151068451784,
        -0.5916378458437257
      ],
      "scale": [
        0.01022659466810844,
        0.02354877248711158,
        0.008531080198548629
      ]
    }
  },
  {
    "frame_id": 3,
    "image": "frame_000003.png",
    "keypoints_2d": [
      [
        0.48112011670867816,
        0.37775940988223344,
        0.08948947718146268
      ],
      [
        0.4536402973781458,
        0.49995533967014627,
        0.09720964231087842
      ],
      [
        0.5594760743827168,
        0.4876312015925553,
        0.09566652829790759
      ],
      [
        0.5153703090684026,
        0.30672276479655225,
        0.07681928271064588
      ],
      [
        0.3843500806162904,
        0.3255089651409793,
        0.07836239672361671
      ],
      [
        0.45543876712898723,
        0.4308742638020843,
        0.10215967165227946
      ],
      [
        0.5561594074715762,
        0.4180634934533462,
        0.10061655763930863
      ],
      [
        0.5139628007917816,
        0.2307486690163239,
        0.08176931205204693
      ],
      [
        0.39032186525177803,
        0.24994586826122872,
        0.08331242606501775
      ]
    ],
    "keypoints_3d": [
      [
        -0.0016616986731576924,
        -0.010758913244875448,
        0.08948947718146268
      ],
      [
        -0.004439044255726502,
        -4.276325547501823e-06,
        0.09720964231087842
      ],
      [
        0.005603564366698724,
        -0.0011653317528800841,
        0.09566652829790759
      ],
      [
        0.0011583205452920936,
        -0.014565549168665724,
        0.07681928271064588
      ],
      [
        -0.008884288077133134,
        -0.01340449374133314,
        0.07836239672361671
      ],
      [
        -0.004481717891607475,
        -0.006952277321085172,
        0.10215967165227946
      ],
      [
        0.005560890730817747,
        -0.008113332748417756,
        0.10061655763930863
      ],
      [
        0.0011156469094111207,
        -0.021513550164203397,
        0.08176931205204693
      ],
      [
        -0.008926961713014107,
        -0.020352494736870813,
        0.08331242606501775
      ]
    ],
    "model_matrix": [
      0.833540753130893,
      -0.1564074462175033,
      -0.5298551911944457,
      0.014402559869495126,
      0.24445934148621015,
      -0.7556596420548309,
      0.6076332246739751,
      0.0023721052738550786,
      -0.4954285450275471,
      -0.6360151068451784,
      -0.5916378458437257,
      0.08354586921049835,
      0.0,
      0.0,
      0.0,
      1.0
    ],
    "view_matrix": [
      0.8454188120463367,
      0.38574476390219886,
      -0.3694157676117761,
      0.016110240487922405,
      -0.43716412048586933,
      0.8971242434056296,
      -0.06368377857581188,
      -0.0012701873401431596,
      0.3068461568896981,
      0.21533478357179914,
      0.92707948256129,
      0.007105649062577175,
      0.0,
      0.0,
      0.0,
      1.0
    ],
    "camera_intrinsics": {
      "fx": 519.6636909557153,
      "fy": 519.6636909557153,
      "cx": 256.0,
      "cy": 256.0,
      "image_width": 512,
      "image_height": 512,
      "model": "SIMPLE_RADIAL",
      "dist": [
        0.11937994750466455,
        0.0,
        0.0,
        0.0
      ]
    },
    "visibility": [
      1.0,
      1.0,
      1.0,
      1.0,
      1.0,
      1.0,
      1.0,
      1.0,
      1.0
    ],
    "keypoints_2d_visibility": [
      1.0,
      1.0,
      1.0,
      1.0,
      1.0,
      1.0,
      1.0,
      1.0,
      1.0
    ],
    "pose_6dof": {
      "translation": [
        0.014402559869495126,
        0.0023721052738550786,
        0.08354586921049835
      ],
      "rotation": [
        0.833540753130893,
        -0.1564074462175033,
        -0.5298551911944457,
        0.24445934148621015,
        -0.7556596420548309,
        0.6076332246739751,
        -0.4954285450275471,
        -0.6360151068451784,
        -0.5916378458437257
      ]
    },
    "pose_9dof": {
      "translation": [
        0.014402559869495126,
        0.0023721052738550786,
        0.08354586921049835
      ],
      "rotation": [
        0.833540753130893,
        -0.1564074462175033,
        -0.5298551911944457,
        0.24445934148621015,
        -0.7556596420548309,
        0.6076332246739751,
        -0.4954285450275471,
        -0.6360151068451784,
        -0.5916378458437257
      ],
      "scale": [
        0.01022659466810844,
        0.02354877248711158,
        0.008531080198548629
      ]
    }
  },
  {
    "frame_id": 4,
    "image": "frame_000004.png",
    "keypoints_2d": [
      [
        0.47888013882736913,
        0.37747025049132343,
        0.08957072302655343
      ],
      [
        0.45161215730346205,
        0.49965983497529587,
        0.09729771121376535
      ],
      [
        0.5574227891506957,
        0.48722668845468514,
        0.09576494336486147
      ],
      [
        0.5128907142680041,
        0.306526865621556,
        0.07690021370884619
      ],
      [
        0.38189426648887015,
        0.32540641498077527,
        0.07843298155775007
      ],
      [
        0.45336888419995847,
        0.43053161593270717,
        0.10224123234426069
      ],
      [
        0.5540764246652465,
        0.4176262578337777,
        0.10070846449535681
      ],
      [
        0.5114573324139614,
        0.2304758104739506,
        0.08184373483934153
      ],
      [
        0.3878249734934447,
        0.24974964114702397,
        0.08337650268824541
      ]
    ],
    "keypoints_3d": [
      [
        -0.0018586411171429805,
        -0.01078315944638796,
        0.08957072302655343
      ],
      [
        -0.004632670748790157,
        -3.25675308484256e-05,
        0.09729771121376535
      ],
      [
        0.0054103753521785435,
        -0.001203501449034576,
        0.09576494336486147
      ],
      [
        0.0009715160815436316,
        -0.014581213848005878,
        0.07690021370884619
      ],
      [
        -0.00907153001942507,
        -0.013410279929819729,
        0.07843298155775007
      ],
      [
        -0.004688798315829589,
        -0.006985105044770042,
        0.10224123234426069
      ],
      [
        0.005354247785139111,
        -0.008156038962956191,
        0.10070846449535681
      ],
      [
        0.000915388514504201,
        -0.02153375136192749,
        0.08184373483934153
      ],
      [
        -0.009127657586464503,
        -0.02036281744374134,
        0.08337650268824541
      ]
    ],
    "model_matrix": [
      0.833540753130893,
      -0.1564074462175033,
      -0.5298551911944457,
      0.014402559869495126,
      0.24445934148621015,
      -0.7556596420548309,
      0.6076332246739751,
      0.0023721052738550786,
      -0.4954285450275471,
      -0.6360151068451784,
      -0.5916378458437257,
      0.08354586921049835,
      0.0,
      0.0,
      0.0,
      1.0
    ],
    "view_matrix": [
      0.844576456867185,
      0.3865086141701125,
      -0.3705424397798062,
      0.016017746987180632,
      -0.438400520992542,
      0.8964890560683221,
      -0.06412765037950889,
      -0.001238035822445032,
      0.3074013527932821,
      0.21660670239405783,
      0.9265991284146733,
      0.007216013144789041,
      0.0,
      0.0,
      0.0,
      1.0
    ],
    "camera_intrinsics": {
      "fx": 520.1877597608711,
      "fy": 520.1877597608711,
      "cx": 256.0,
      "cy": 256.0,
      "image_width": 512,
      "image_height": 512,
      "model": "SIMPLE_RADIAL",
      "dist": [
        0.1191306921303342,
        0.0,
        0.0,
        0.0
      ]
    },
    "visibility": [
      1.0,
      1.0,
      1.0,
      1.0,
      1.0,
      1.0,
      1.0,
      1.0,
      1.0
    ],
    "keypoints_2d_visibility": [
      1.0,
      1.0,
      1.0,
      1.0,
      1.0,
      1.0,
      1.0,
      1.0,
      1.0
    ],
    "pose_6dof": {
      "translation": [
        0.014402559869495126,
        0.0023721052738550786,
        0.08354586921049835
      ],
      "rotation": [
        0.833540753130893,
        -0.1564074462175033,
        -0.5298551911944457,
        0.24445934148621015,
        -0.7556596420548309,
        0.6076332246739751,
        -0.4954285450275471,
        -0.6360151068451784,
        -0.5916378458437257
      ]
    },
    "pose_9dof": {
      "translation": [
        0.014402559869495126,
        0.0023721052738550786,
        0.08354586921049835
      ],
      "rotation": [
        0.833540753130893,
        -0.1564074462175033,
        -0.5298551911944457,
        0.24445934148621015,
        -0.7556596420548309,
        0.6076332246739751,
        -0.4954285450275471,
        -0.6360151068451784,
        -0.5916378458437257
      ],
      "scale": [
        0.01022659466810844,
        0.02354877248711158,
        0.008531080198548629
      ]
    }
  },
  {
    "frame_id": 5,
    "image": "frame_000005.png",
    "keypoints_2d": [
      [
        0.4765371846348714,
        0.37756287227077834,
        0.08917847235985918
      ],
      [
        0.4496382425927963,
        0.5000678441773608,
        0.09690621812726888
      ],
      [
        0.5556098910574624,
        0.48729182425688083,
        0.09538797239885712
      ],
      [
        0.5103476264906351,
        0.30632925744139966,
        0.0765104813644551
      ],
      [
        0.3789851533878719,
        0.32563059839987707,
        0.07802872709286686
      ],
      [
        0.4512055337823316,
        0.4307708131702225,
        0.10184646335526325
      ],
      [
        0.5520480544881712,
        0.41754699656995853,
        0.10032821762685148
      ],
      [
        0.5086892054458673,
        0.23003272966592542,
        0.08145072659244947
      ],
      [
        0.3847379717704362,
        0.24969688825130543,
        0.08296897232086124
      ]
    ],
    "keypoints_3d": [
      [
        -0.00205988829829392,
        -0.010749213287548704,
        0.08917847235985918
      ],
      [
        -0.004811936692147408,
        6.482337058888107e-06,
        0.09690621812726888
      ],
      [
        0.005229694008925279,
        -0.0011951088068035607,
        0.09538797239885712
      ],
      [
        0.0007774095045820599,
        -0.014550339264833526,
        0.0765104813644551
      ],
      [
        -0.009264221196490632,
        -0.013348748120971077,
        0.07802872709286686
      ],
      [
        -0.0048971861011699,
        -0.006948087310263883,
        0.10184646335526325
      ],
      [
        0.005144444599902785,
        -0.00814967845412633,
        0.10032821762685148
      ],
      [
        0.0006921600955595644,
        -0.021504908912156295,
        0.08145072659244947
      ],
      [
        -0.009349470605513124,
        -0.020303317768293846,
        0.08296897232086124
      ]
    ],
    "model_matrix": [
      0.833540753130893,
      -0.1564074462175033,
      -0.5298551911944457,
      0.014402559869495126,
      0.24445934148621015,
      -0.7556596420548309,
      0.6076332246739751,
      0.0023721052738550786,
      -0.4954285450275471,
      -0.6360151068451784,
      -0.5916378458437257,
      0.08354586921049835,
      0.0,
      0.0,
      0.0,
      1.0
    ],
    "view_matrix": [
      0.8427415372520372,
      0.3889798113604003,
      -0.3721309013560964,
      0.01596977480885339,
      -0.44117483967210935,
      0.8951795317172511,
      -0.06339058948118242,
      -0.0012226044365185869,
      0.308466306475054,
      0.2175966735694978,
      0.9260130805885668,
      0.006855037978119575,
      0.0,
      0.0,
      0.0,
      1.0
    ],
    "camera_intrinsics": {
      "fx": 519.1256820010684,
      "fy": 519.1256820010684,
      "cx": 256.0,
      "cy": 256.0,
      "image_width": 512,
      "image_height": 512,
      "model": "SIMPLE_RADIAL",
      "dist": [
        0.12147799620719206,
        0.0,
        0.0,
        0.0
      ]
    },
    "visibility": [
      1.0,
      1.0,
      1.0,
      1.0,
      1.0,
      1.0,
      1.0,
      1.0,
      1.0
    ],
    "keypoints_2d_visibility": [
      1.0,
      1.0,
      1.0,
      1.0,
      1.0,
      1.0,
      1.0,
      1.0,
      1.0
    ],
    "pose_6dof": {
      "translation": [
        0.014402559869495126,
        0.0023721052738550786,
        0.08354586921049835
      ],
      "rotation": [
        0.833540753130893,
        -0.1564074462175033,
        -0.5298551911944457,
        0.24445934148621015,
        -0.7556596420548309,
        0.6076332246739751,
        -0.4954285450275471,
        -0.6360151068451784,
        -0.5916378458437257
      ]
    },
    "pose_9dof": {
      "translation": [
        0.014402559869495126,
        0.0023721052738550786,
        0.08354586921049835
      ],
      "rotation": [
        0.833540753130893,
        -0.1564074462175033,
        -0.5298551911944457,
        0.24445934148621015,
        -0.7556596420548309,
        0.6076332246739751,
        -0.4954285450275471,
        -0.6360151068451784,
        -0.5916378458437257
      ],
      "scale": [
        0.01022659466810844,
        0.02354877248711158,
        0.008531080198548629
      ]
    }
  },
  {
    "frame_id": 6,
    "image": "frame_000006.png",
    "keypoints_2d": [
      [
        0.4746370069098525,
        0.37783941259037745,
        0.08928296272853643
      ],
      [
        0.44798108339517706,
        0.5003988354004659,
        0.09700688226882179
      ],
      [
        0.5539531869091342,
        0.4874245783668329,
        0.09550202755553219
      ],
      [
        0.5082608917467651,
        0.3066329197897226,
        0.07661881598243594
      ],
      [
        0.376930661830773,
        0.32613324263763277,
        0.07812367069572555
      ],
      [
        0.4494299622991748,
        0.43105991318205605,
        0.10194710947463691
      ],
      [
        0.5502745720608321,
        0.41766008149586176,
        0.10044225476134731
      ],
      [
        0.5064743176177521,
        0.23034030339695538,
        0.08155904318825107
      ],
      [
        0.38255926395482376,
        0.2501725358183433,
        0.08306389790154067
      ]
    ],
    "keypoints_3d": [
      [
        -0.0022262876205009496,
        -0.010722890728886925,
        0.08928296272853643
      ],
      [
        -0.004968386206116095,
        3.809322514806003e-05,
        0.09700688226882179
      ],
      [
        0.005072979225715722,
        -0.0011824112041261597,
        0.09550202755553219
      ],
      [
        0.0006207216385531282,
        -0.014529561038898816,
        0.07661881598243594
      ],
      [
        -0.009420643793278685,
        -0.013309056609624595,
        0.07812367069572555
      ],
      [
        -0.005073296879555031,
        -0.006916220418875033,
        0.10194710947463691
      ],
      [
        0.004968068552276782,
        -0.008136724848149254,
        0.10044225476134731
      ],
      [
        0.0005158109651141937,
        -0.02148387468292191,
        0.08155904318825107
      ],
      [
        -0.009525554466717621,
        -0.02026337025364769,
        0.08306389790154067
      ]
    ],
    "model_matrix": [
      0.833540753130893,
      -0.1564074462175033,
      -0.5298551911944457,
      0.014402559869495126,
      0.24445934148621015,
      -0.7556596420548309,
      0.6076332246739751,
      0.0023721052738550786,
      -0.4954285450275471,
      -0.6360151068451784,
      -0.5916378458437257,
      0.08354586921049835,
      0.0,
      0.0,
      0.0,
      1.0
    ],
    "view_matrix": [
      0.8414985995024828,
      0.39037299631952427,
      -0.3734823031682716,
      0.015930876229660197,
      -0.4427541782125831,
      0.89444988909932,
      -0.06267482401662078,
      -0.001231603818759068,
      0.309594645804252,
      0.2181016268502619,
      0.9255176041840636,
      0.00698347457660212,
      0.0,
      0.0,
      0.0,
      1.0
    ],
    "camera_intrinsics": {
      "fx": 519.856326788507,
      "fy": 519.856326788507,
      "cx": 256.0,
      "cy": 256.0,
      "image_width": 512,
      "image_height": 512,
      "model": "SIMPLE_RADIAL",
      "dist": [
        0.11862675897324625,
        0.0,
        0.0,
        0.0
      ]
    },
    "visibility": [
      1.0,
      1.0,
      1.0,
      1.0,
      1.0,
      1.0,
      1.0,
      1.0,
      1.0
    ],
    "keypoints_2d_visibility": [
      1.0,
      1.0,
      1.0,
      1.0,
      1.0,
      1.0,
      1.0,
      1.0,
      1.0
    ],
    "pose_6dof": {
      "translation": [
        0.014402559869495126,
        0.0023721052738550786,
        0.08354586921049835
      ],
      "rotation": [
        0.833540753130893,
        -0.1564074462175033,
        -0.5298551911944457,
        0.24445934148621015,
        -0.7556596420548309,
        0.6076332246739751,
        -0.4954285450275471,
        -0.6360151068451784,
        -0.5916378458437257
      ]
    },
    "pose_9dof": {
      "translation": [
        0.014402559869495126,
        0.0023721052738550786,
        0.08354586921049835
      ],
      "rotation": [
        0.833540753130893,
        -0.1564074462175033,
        -0.5298551911944457,
        0.24445934148621015,
        -0.7556596420548309,
        0.6076332246739751,
        -0.4954285450275471,
        -0.6360151068451784,
        -0.5916378458437257
      ],
      "scale": [
        0.01022659466810844,
        0.02354877248711158,
        0.008531080198548629
      ]
    }
  },
  {
    "frame_id": 7,
    "image": "frame_000007.png",
    "keypoints_2d": [
      [
        0.472235726830463,
        0.37759843926876446,
        0.08908913306222431
      ],
      [
        0.4458266771726731,
        0.5003556493169374,
        0.09681395122820155
      ],
      [
        0.5518922149079053,
        0.4871668301085468,
        0.09532518181494262
      ],
      [
        0.5056947925268035,
        0.3062286534090882,
        0.0764278058080236
      ],
      [
        0.37415000277625765,
        0.32597033594636204,
        0.07791657522128252
      ],
      [
        0.44716363832584743,
        0.43091164494446466,
        0.10175046031642503
      ],
      [
        0.5480898961298502,
        0.4173192724543259,
        0.1002616909031661
      ],
      [
        0.5037781704560735,
        0.22980104990644085,
        0.08136431489624706
      ],
      [
        0.3796765694052332,
        0.24984590557626624,
        0.082853084309506
      ]
    ],
    "keypoints_3d": [
      [
        -0.002433531332644255,
        -0.010728465009155704,
        0.08908913306222431
      ],
      [
        -0.0051675675869699185,
        3.392521976899529e-05,
        0.09681395122820155
      ],
      [
        0.00487389820935389,
        -0.001205336173553074,
        0.09532518181494262
      ],
      [
        0.0004271509529323661,
        -0.014534263532469208,
        0.0764278058080236
      ],
      [
        -0.009614314843391442,
        -0.01329500213914714,
        0.07791657522128252
      ],
      [
        -0.005294213618220873,
        -0.006922666485842199,
        0.10175046031642503
      ],
      [
        0.004747252178102934,
        -0.008161927879164267,
        0.1002616909031661
      ],
      [
        0.00030050492168141353,
        -0.021490855238080402,
        0.08136431489624706
      ],
      [
        -0.009740960874642397,
        -0.020251593844758334,
        0.082853084309506
      ]
    ],
    "model_matrix": [
      0.833540753130893,
      -0.1564074462175033,
      -0.5298551911944457,
      0.014402559869495126,
      0.24445934148621015,
      -0.7556596420548309,
      0.6076332246739751,
      0.0023721052738550786,
      -0.4954285450275471,
      -0.6360151068451784,
      -0.5916378458437257,
      0.08354586921049835,
      0.0,
      0.0,
      0.0,
      1.0
    ],
    "view_matrix": [
      0.8401202240437264,
      0.39174669252606326,
      -0.3751433566619688,
      0.01587900025850414,
      -0.44454552385936524,
      0.8935790308571991,
      -0.06241628656778134,
      -0.0012309121045609495,
      0.31076886325583136,
      0.21920548466495746,
      0.9248630542536984,
      0.006824799649074025,
      0.0,
      0.0,
      0.0,
      1.0
    ],
    "camera_intrinsics": {
      "fx": 519.4703243092924,
      "fy": 519.4703243092924,
      "cx": 256.0,
      "cy": 256.0,
      "image_width": 512,
      "image_height": 512,
      "model": "SIMPLE_RADIAL",
      "dist": [
        0.11839413870565668,
        0.0,
        0.0,
        0.0
      ]
    },
    "visibility": [
      1.0,
      1.0,
      1.0,
      1.0,
      1.0,
      1.0,
      1.0,
      1.0,
      1.0
    ],
    "keypoints_2d_visibility": [
      1.0,
      1.0,
      1.0,
      1.0,
      1.0,
      1.0,
      1.0,
      1.0,
      1.0
    ],
    "pose_6dof": {
      "translation": [
        0.014402559869495126,
        0.0023721052738550786,
        0.08354586921049835
      ],
      "rotation": [
        0.833540753130893,
        -0.1564074462175033,
        -0.5298551911944457,
        0.24445934148621015,
        -0.7556596420548309,
        0.6076332246739751,
        -0.4954285450275471,
        -0.6360151068451784,
        -0.5916378458437257
      ]
    },
    "pose_9dof": {
      "translation": [
        0.014402559869495126,
        0.0023721052738550786,
        0.08354586921049835
      ],
      "rotation": [
        0.833540753130893,
        -0.1564074462175033,
        -0.5298551911944457,
        0.24445934148621015,
        -0.7556596420548309,
        0.6076332246739751,
        -0.4954285450275471,
        -0.6360151068451784,
        -0.5916378458437257
      ],
      "scale": [
        0.01022659466810844,
        0.02354877248711158,
        0.008531080198548629
      ]
    }
  },
  {
    "frame_id": 8,
    "image": "frame_000008.png",
    "keypoints_2d": [
      [
        0.4704245497160404,
        0.3773399949334371,
        0.0890574412697733
      ],
      [
        0.4442418184378608,
        0.5002272060367939,
        0.09678433138175996
      ],
      [
        0.5503611878458142,
        0.4868366116730245,
        0.09530816970242596
      ],
      [
        0.5037403359760515,
        0.30590247213220906,
        0.07639789256359333
      ],
      [
        0.37209839069673456,
        0.3258657528171579,
        0.07787405424292733
      ],
      [
        0.4454583744429401,
        0.43070572699776977,
        0.10171698997595327
      ],
      [
        0.5464361412138079,
        0.4169310305466018,
        0.10024082829661927
      ],
      [
        0.5016886790180984,
        0.229396254876074,
        0.08133055115778665
      ],
      [
        0.37750231915588445,
        0.24963622129981544,
        0.08280671283712064
      ]
    ],
    "keypoints_3d": [
      [
        -0.002590018810687659,
        -0.010741737400148483,
        0.0890574412697733
      ],
      [
        -0.005314238502310456,
        2.16547067149644e-05,
        0.09678433138175996
      ],
      [
        0.00472686365596252,
        -0.0012355058435595165,
        0.09530816970242596
      ],
      [
        0.0002803107933619202,
        -0.014546188463969212,
        0.07639789256359333
      ],
      [
        -0.009760791364911058,
        -0.013289027913694731,
        0.07787405424292733
      ],
      [
        -0.005460348414737234,
        -0.006937286336327756,
        0.10171698997595327
      ],
      [
        0.004580753743535743,
        -0.008194446886602237,
        0.10024082829661927
      ],
      [
        0.0001342008809351418,
        -0.02150512950701193,
        0.08133055115778665
      ],
      [
        -0.009906901277337832,
        -0.020247968956737448,
        0.08280671283712064
      ]
    ],
    "model_matrix": [
      0.833540753130893,
      -0.1564074462175033,
      -0.5298551911944457,
      0.014402559869495126,
      0.24445934148621015,
      -0.7556596420548309,
      0.6076332246739751,
      0.0023721052738550786,
      -0.4954285450275471,
      -0.6360151068451784,
      -0.5916378458437257,
      0.08354586921049835,
      0.0,
      0.0,
      0.0,
      1.0
    ],
    "view_matrix": [
      0.838880415413343,
      0.3931180930860368,
      -0.3764808275654089,
      0.015848856261157323,
      -0.4462715268031238,
      0.8927330401643012,
      -0.062204850002334514,
      -0.0012349835074802033,
      0.31164302174241887,
      0.22019510414040172,
      0.9243336752016839,
      0.006822397688150092,
      0.0,
      0.0,
      0.0,
      1.0
    ],
    "camera_intrinsics": {
      "fx": 519.7445731787838,
      "fy": 519.7445731787838,
      "cx": 256.0,
      "cy": 256.0,
      "image_width": 512,
      "image_height": 512,
      "model": "SIMPLE_RADIAL",
      "dist": [
        0.11657381326771402,
        0.0,
        0.0,
        0.0
      ]
    },
    "visibility": [
      1.0,
      1.0,
      1.0,
      1.0,
      1.0,
      1.0,
      1.0,
      1.0,
      1.0
    ],
    "keypoints_2d_visibility": [
      1.0,
      1.0,
      1.0,
      1.0,
      1.0,
      1.0,
      1.0,
      1.0,
      1.0
    ],
    "pose_6dof": {
      "translation": [
        0.014402559869495126,
        0.0023721052738550786,
        0.08354586921049835
      ],
      "rotation": [
        0.833540753130893,
        -0.1564074462175033,
        -0.5298551911944457,
        0.24445934148621015,
        -0.7556596420548309,
        0.6076332246739751,
        -0.4954285450275471,
        -0.6360151068451784,
        -0.5916378458437257
      ]
    },
    "pose_9dof": {
      "translation": [
        0.014402559869495126,
        0.0023721052738550786,
        0.08354586921049835
      ],
      "rotation": [
        0.833540753130893,
        -0.1564074462175033,
        -0.5298551911944457,
        0.24445934148621015,
        -0.7556596420548309,
        0.6076332246739751,
        -0.4954285450275471,
        -0.6360151068451784,
        -0.5916378458437257
      ],
      "scale": [
        0.01022659466810844,
        0.02354877248711158,
        0.008531080198548629
      ]
    }
  },
  {
    "frame_id": 9,
    "image": "frame_000009.png",
    "keypoints_2d": [
      [
        0.46960283132143504,
        0.37636763697415265,
        0.08891912245680737
      ],
      [
        0.4436045308765535,
        0.49945331040365826,
        0.09665296089882139
      ],
      [
        0.5498025593894084,
        0.48588934891048924,
        0.09517963712460195
      ],
      [
        0.5028149648094269,
        0.30470768489023986,
        0.07625783710914767
      ],
      [
        0.3709998168384471,
        0.32489512213681293,
        0.07773116088336711
      ],
      [
        0.44472711601653525,
        0.4298668009708516,
        0.10158040780446707
      ],
      [
        0.545779147841518,
        0.41592708925785216,
        0.10010708403024764
      ],
      [
        0.5006584884062353,
        0.2280825811035302,
        0.08118528401479337
      ],
      [
        0.3763080220080482,
        0.24853661317115833,
        0.0826586077890128
      ]
    ],
