videos=44
reproj_px_mean=130.63128856597294
iou3d_mean=0.005446496734209001
jitter_px_mean=7.280299468473955
center_jitter_px_mean=6.297127116810191
jitter_3d_mean=0.016833689024982352
cls_tp=23645 cls_fp=6134 cls_tn=1172 cls_fn=5266
cls_acc=0.6852306927685894 cls_prec=0.7940159172571275 cls_rec=0.8178547957524818 cls_f1=0.8057590730959278
