[
  {
    "frame_id": 0,
    "image": "frame_000000.png",
    "keypoints_2d": [
      [
        0.4263441872776332,
        0.16066755901435525,
        0.23134648460121426
      ],
      [
        0.3896206992502693,
        0.2719176258463222,
        0.23402156147277786
      ],
      [
        0.4598685366328058,
        0.27235554670471096,
        0.2376039064733954
      ],
      [
        0.48131916161507365,
        0.0638942910747074,
        0.21935177001036243
      ],
      [
        0.40511012155497733,
        0.0598804183269277,
        0.21576942500974491
      ],
      [
        0.37693466582535384,
        0.24728540110907277,
        0.24334119919206607
      ],
      [
        0.44476154650833305,
        0.24809155867155758,
        0.24692354419268359
      ],
      [
        0.46404849746204757,
        0.045863733582852506,
        0.22867140772965064
      ],
      [
        0.39065811782249193,
        0.04167746814598,
        0.22508906272903312
      ]
    ],
    "keypoints_3d": [
      [
        -0.012596123724214377,
        -0.058030361112246326,
        0.23134648460121426
      ],
      [
        -0.019134387498771502,
        -0.039538359991893285,
        0.23402156147277786
      ],
      [
        -0.007066160239594339,
        -0.04008256987594326,
        0.2376039064733954
      ],
      [
        -0.003021309217939458,
        -0.07053271224889392,
        0.21935177001036243
      ],
      [
        -0.015089536477116618,
        -0.06998850236484393,
        0.21576942500974491
      ],
      [
        -0.022170938230489292,
        -0.045528009975598735,
        0.24334119919206607
      ],
      [
        -0.010102710971312136,
        -0.046072219859648725,
        0.24692354419268359
      ],
      [
        -0.0060578599496572474,
        -0.07652236223259938,
        0.22867140772965064
      ],
      [
        -0.018126087208834404,
        -0.07597815234854939,
        0.22508906272903312
      ]
    ],
    "model_matrix": [
      0.9464257998375407,
      0.1483814088271535,
      0.2868120689865408,
      0.028649189318549515,
      -0.031695032329202316,
      -0.8412069014837825,
      0.5397836361188659,
      -0.05310734283760891,
      0.32136214824948184,
      -0.519955677351948,
      -0.7914369610158191,
      0.18832927109791261,
      0.0,
      0.0,
      0.0,
      1.0
    ],
    "view_matrix": [
      0.999064606856973,
      0.017106488737617487,
      0.03971497663088582,
      -0.04778952722595105,
      -0.01777542063338648,
      0.9997049938809099,
      0.016551725918343592,
      -0.0075466083524144655,
      -0.03942011855674992,
      -0.017242193962473423,
      0.9990739517174553,
      0.04340528283480912,
      0.0,
      0.0,
      0.0,
      1.0
    ],
    "camera_intrinsics": {
      "fx": 689.5369651880555,
      "fy": 689.5369651880555,
      "cx": 256.0,
      "cy": 256.0,
      "image_width": 512,
      "image_height": 512,
      "model": "SIMPLE_RADIAL",
      "dist": [
        0.06814326968605686,
        0.0,
        0.0,
        0.0
      ]
    },
    "visibility": [
      1.0,
      1.0,
      1.0,
      1.0,
      1.0,
      1.0,
      1.0,
      1.0,
      1.0
    ],
    "keypoints_2d_visibility": [
      1.0,
      1.0,
      1.0,
      1.0,
      1.0,
      1.0,
      1.0,
      1.0,
      1.0
    ],
    "pose_6dof": {
      "translation": [
        0.028649189318549515,
        -0.05310734283760891,
        0.18832927109791261
      ],
      "rotation": [
        0.9464257998375407,
        0.1483814088271535,
        0.2868120689865408,
        -0.031695032329202316,
        -0.8412069014837825,
        0.5397836361188659,
        0.32136214824948184,
        -0.519955677351948,
        -0.7914369610158191
      ]
    },
    "pose_9dof": {
      "translation": [
        0.028649189318549515,
        -0.05310734283760891,
        0.18832927109791261
      ],
      "rotation": [
        0.9464257998375407,
        0.1483814088271535,
        0.2868120689865408,
        -0.031695032329202316,
        -0.8412069014837825,
        0.5397836361188659,
        0.32136214824948184,
        -0.519955677351948,
        -0.7914369610158191
      ],
      "scale": [
        0.012600455121958641,
        0.0357311135536737,
        0.01148704463699772
      ]
    }
  },
  {
    "frame_id": 1,
    "image": "frame_000001.png",
    "keypoints_2d": [
      [
        0.43033191544864546,
        0.15214226748659798,
        0.23045573757238716
      ],
      [
        0.39335297410723247,
        0.2638802933238211,
        0.23324728597281563
      ],
      [
        0.4637882777591574,
        0.26441743713138344,
        0.23679514389385492
      ],
      [
        0.4856659957273505,
        0.054778557457895394,
        0.21836900719872004
      ],
      [
        0.4091558045073499,
        0.050657286951171665,
        0.21482114927768078
      ],
      [
        0.3806726764291528,
        0.23915332777381915,
        0.24254246794605427
      ],
      [
        0.44867779755623727,
        0.24005480395969359,
        0.24609032586709353
      ],
      [
        0.4683533263639358,
        0.03666285445980039,
        0.22766418917195866
      ],
      [
        0.3946793293299613,
        0.03237242239492033,
        0.22411633125091937
      ]
    ],
    "keypoints_3d": [
      [
        -0.011873280357090524,
        -0.05928413862834214,
        0.23045573757238716
      ],
      [
        -0.01843609618324104,
        -0.04081806863904304,
        0.23324728597281563
      ],
      [
        -0.006357615857775389,
        -0.04136073472417459,
        0.23679514389385492
      ],
      [
        -0.0023085695777212978,
        -0.07170534193039343,
        0.21836900719872004
      ],
      [
        -0.014387049903186941,
        -0.07116267584526188,
        0.21482114927768078
      ],
      [
        -0.021437991136459753,
        -0.04686293532629082,
        0.24254246794605427
      ],
      [
        -0.009359510810994114,
        -0.04740560141142239,
        0.24609032586709353
      ],
      [
        -0.005310464530940022,
        -0.07775020861764123,
        0.22766418917195866
      ],
      [
        -0.01738894485640566,
        -0.07720754253250967,
        0.22411633125091937
      ]
    ],
    "model_matrix": [
      0.9464257998375407,
      0.1483814088271535,
      0.2868120689865408,
      0.028649189318549515,
      -0.031695032329202316,
      -0.8412069014837825,
      0.5397836361188659,
      -0.05310734283760891,
      0.32136214824948184,
      -0.519955677351948,
      -0.7914369610158191,
      0.18832927109791261,
      0.0,
      0.0,
      0.0,
      1.0
    ],
    "view_matrix": [
      0.9989868448274549,
      0.015353433204057193,
      0.04230314350654089,
      -0.04764498374212778,
      -0.015842539255652283,
      0.9998111963271145,
      0.01125102879195531,
      -0.007851844797186997,
      -0.04212241459863803,
      -0.011909818965578155,
      0.9990414698102315,
      0.04288125995789099,
      0.0,
      0.0,
      0.0,
      1.0
    ],
    "camera_intrinsics": {
      "fx": 689.0690068596582,
      "fy": 689.0690068596582,
      "cx": 256.0,
      "cy": 256.0,
      "image_width": 512,
      "image_height": 512,
      "model": "SIMPLE_RADIAL",
      "dist": [
        0.0690066938618443,
        0.0,
        0.0,
        0.0
      ]
    },
    "visibility": [
      1.0,
      1.0,
      1.0,
      1.0,
      1.0,
      1.0,
      1.0,
      1.0,
      1.0
    ],
    "keypoints_2d_visibility": [
      1.0,
      1.0,
      1.0,
      1.0,
      1.0,
      1.0,
      1.0,
      1.0,
      1.0
    ],
    "pose_6dof": {
      "translation": [
        0.028649189318549515,
        -0.05310734283760891,
        0.18832927109791261
      ],
      "rotation": [
        0.9464257998375407,
        0.1483814088271535,
        0.2868120689865408,
        -0.031695032329202316,
        -0.8412069014837825,
        0.5397836361188659,
        0.32136214824948184,
        -0.519955677351948,
        -0.7914369610158191
      ]
    },
    "pose_9dof": {
      "translation": [
        0.028649189318549515,
        -0.05310734283760891,
        0.18832927109791261
      ],
      "rotation": [
        0.9464257998375407,
        0.1483814088271535,
        0.2868120689865408,
        -0.031695032329202316,
        -0.8412069014837825,
        0.5397836361188659,
        0.32136214824948184,
        -0.519955677351948,
        -0.7914369610158191
      ],
      "scale": [
        0.012600455121958641,
        0.0357311135536737,
        0.01148704463699772
      ]
    }
  },
  {
    "frame_id": 2,
    "image": "frame_000002.png",
    "keypoints_2d": [
      [
        0.42918672057349355,
        0.1457485491451787,
        0.23067552507577263
      ],
      [
        0.3923830879348168,
        0.25818567846546514,
        0.2335112831918083
      ],
      [
        0.4631115373049244,
        0.2585533090482498,
        0.23705764567711243
      ],
      [
        0.48449941512628014,
        0.04759867913421195,
        0.21855900562386466
      ],
      [
        0.4076258590772046,
        0.043642948915925905,
        0.21501264313856056
      ],
      [
        0.37956116523858485,
        0.23342279768561247,
        0.24279204452768058
      ],
      [
        0.4478589333684384,
        0.23416223166718153,
        0.24633840701298468
      ],
      [
        0.4670465791111459,
        0.029465621976095646,
        0.22783976695973693
      ],
      [
        0.39301256230014187,
        0.025331651350460227,
        0.2242934044744328
      ]
    ],
    "keypoints_3d": [
      [
        -0.012014933390805345,
        -0.060106065134781575,
        0.23067552507577263
      ],
      [
        -0.018526340618061077,
        -0.04162853589741386,
        0.2335112831918083
      ],
      [
        -0.006449384367253147,
        -0.042213266706755,
        0.23705764567711243
      ],
      [
        -0.0024849143535507975,
        -0.07252491083036462,
        0.21855900562386466
      ],
      [
        -0.01456187060435872,
        -0.07194018002102347,
        0.21501264313856056
      ],
      [
        -0.021544952428059892,
        -0.047687219439198535,
        0.24279204452768058
      ],
      [
        -0.00946799617725197,
        -0.048271950248539676,
        0.24633840701298468
      ],
      [
        -0.005503526163549613,
        -0.07858359437214928,
        0.22783976695973693
      ],
      [
        -0.017580482414357543,
        -0.07799886356280815,
        0.2242934044744328
      ]
    ],
    "model_matrix": [
      0.9464257998375407,
      0.1483814088271535,
      0.2868120689865408,
      0.028649189318549515,
      -0.031695032329202316,
      -0.8412069014837825,
      0.5397836361188659,
      -0.05310734283760891,
      0.32136214824948184,
      -0.519955677351948,
      -0.7914369610158191,
      0.18832927109791261,
      0.0,
      0.0,
      0.0,
      1.0
    ],
    "view_matrix": [
      0.9989385407432355,
      0.018133956424704372,
      0.042343257340005915,
      -0.047645141312059505,
      -0.018520169414017507,
      0.9997902283530306,
      0.008746577311782484,
      -0.008126511401921619,
      -0.04217576487333848,
      -0.009521497475808136,
      0.9990648357054546,
      0.04322501282954428,
      0.0,
      0.0,
      0.0,
      1.0
    ],
    "camera_intrinsics": {
      "fx": 692.6278578336662,
      "fy": 692.6278578336662,
      "cx": 256.0,
      "cy": 256.0,
      "image_width": 512,
      "image_height": 512,
      "model": "SIMPLE_RADIAL",
      "dist": [
        0.07077496604684524,
        0.0,
        0.0,
        0.0
      ]
    },
    "visibility": [
      1.0,
      1.0,
      1.0,
      1.0,
      1.0,
      1.0,
      1.0,
      1.0,
      1.0
    ],
    "keypoints_2d_visibility": [
      1.0,
      1.0,
      1.0,
      1.0,
      1.0,
      1.0,
      1.0,
      1.0,
      1.0
    ],
    "pose_6dof": {
      "translation": [
        0.028649189318549515,
        -0.05310734283760891,
        0.18832927109791261
      ],
      "rotation": [
        0.9464257998375407,
        0.1483814088271535,
        0.2868120689865408,
        -0.031695032329202316,
        -0.8412069014837825,
        0.5397836361188659,
        0.32136214824948184,
        -0.519955677351948,
        -0.7914369610158191
      ]
    },
    "pose_9dof": {
      "translation": [
        0.028649189318549515,
        -0.05310734283760891,
        0.18832927109791261
      ],
      "rotation": [
        0.9464257998375407,
        0.1483814088271535,
        0.2868120689865408,
        -0.031695032329202316,
        -0.8412069014837825,
        0.5397836361188659,
        0.32136214824948184,
        -0.519955677351948,
        -0.7914369610158191
      ],
      "scale": [
        0.012600455121958641,
        0.0357311135536737,
        0.01148704463699772
      ]
    }
  },
  {
    "frame_id": 3,
    "image": "frame_000003.png",
    "keypoints_2d": [
      [
        0.4270662498472418,
        0.1482557616286811,
        0.23080385373995366
      ],
      [
        0.3900667930259263,
        0.26023178216767,
        0.23359444990670752
      ],
      [
        0.46061198983327833,
        0.26080850008983403,
        0.23717643192976284
      ],
      [
        0.48249785397868444,
        0.050636216129625544,
        0.2187325923508191
      ],
      [
        0.40586602340546973,
        0.0464293875589899,
        0.21515061032776384
      ],
      [
        0.37730549100327826,
        0.23550846669120318,
        0.24287511512908821
      ],
      [
        0.44542888502375383,
        0.23645204404727405,
        0.24645709715214353
      ],
      [
        0.46510676761020014,
        0.03251544360113551,
        0.2280132575731998
      ],
      [
        0.39130116807921067,
        0.02813840038847598,
        0.22443127555014447
      ]
    ],
    "keypoints_3d": [
      [
        -0.012409099227946446,
        -0.05984649284681087,
        0.23080385373995366
      ],
      [
        -0.018972934048437976,
        -0.04138064110980723,
        0.23359444990670752
      ],
      [
        -0.006904893036710963,
        -0.04193133177277271,
        0.23717643192976284
      ],
      [
        -0.002814420142790687,
        -0.07225962366130174,
        0.2187325923508191
      ],
      [
        -0.014882461154517697,
        -0.07170893299833626,
        0.21515061032776384
      ],
      [
        -0.02200377831310221,
        -0.04743336203232,
        0.24287511512908821
      ],
      [
        -0.009935737301375203,
        -0.04798405269528549,
        0.24645709715214353
      ],
      [
        -0.00584526440745492,
        -0.07831234458381452,
        0.2280132575731998
      ],
      [
        -0.01791330541918193,
        -0.07776165392084904,
        0.22443127555014447
      ]
    ],
    "model_matrix": [
      0.9464257998375407,
      0.1483814088271535,
      0.2868120689865408,
      0.028649189318549515,
      -0.031695032329202316,
      -0.8412069014837825,
      0.5397836361188659,
      -0.05310734283760891,
      0.32136214824948184,
      -0.519955677351948,
      -0.7914369610158191,
      0.18832927109791261,
      0.0,
      0.0,
      0.0,
      1.0
    ],
    "view_matrix": [
      0.9990975918884992,
      0.015764744584340084,
      0.03943950697957955,
      -0.04762282519220435,
      -0.01618140891627289,
      0.9998163501974561,
      0.010267808107007895,
      -0.008219047731310587,
      -0.03927039454966232,
      -0.010896729143577574,
      0.9991692035916065,
      0.043177414561695424,
      0.0,
      0.0,
      0.0,
      1.0
    ],
    "camera_intrinsics": {
      "fx": 691.1508996803509,
      "fy": 691.1508996803509,
      "cx": 256.0,
      "cy": 256.0,
      "image_width": 512,
      "image_height": 512,
      "model": "SIMPLE_RADIAL",
      "dist": [
        0.0700593585233354,
        0.0,
        0.0,
        0.0
      ]
    },
    "visibility": [
      1.0,
      1.0,
      1.0,
      1.0,
      1.0,
      1.0,
      1.0,
      1.0,
      1.0
    ],
    "keypoints_2d_visibility": [
      1.0,
      1.0,
      1.0,
      1.0,
      1.0,
      1.0,
      1.0,
      1.0,
      1.0
    ],
    "pose_6dof": {
      "translation": [
        0.028649189318549515,
        -0.05310734283760891,
        0.18832927109791261
      ],
      "rotation": [
        0.9464257998375407,
        0.1483814088271535,
        0.2868120689865408,
        -0.031695032329202316,
        -0.8412069014837825,
        0.5397836361188659,
        0.32136214824948184,
        -0.519955677351948,
        -0.7914369610158191
      ]
    },
    "pose_9dof": {
      "translation": [
        0.028649189318549515,
        -0.05310734283760891,
        0.18832927109791261
      ],
      "rotation": [
        0.9464257998375407,
        0.1483814088271535,
        0.2868120689865408,
        -0.031695032329202316,
        -0.8412069014837825,
        0.5397836361188659,
        0.32136214824948184,
        -0.519955677351948,
        -0.7914369610158191
      ],
      "scale": [
        0.012600455121958641,
        0.0357311135536737,
        0.01148704463699772
      ]
    }
  },
  {
    "frame_id": 4,
    "image": "frame_000004.png",
    "keypoints_2d": [
      [
        0.43323648081542926,
        0.13070597778320925,
        0.22968568698155636
      ],
      [
        0.3959101612923739,
        0.24365578631213203,
        0.23269055611525713
      ],
      [
        0.4667445726610381,
        0.24435688393904548,
        0.23623191058316675
      ],
      [
        0.4892911884214239,
        0.03188168958264065,
        0.21745615234439275
      ],
      [
        0.41215152924003473,
        0.0275202688716793,
        0.21391479787648315
      ],
      [
        0.3830448864391834,
        0.21877713208788058,
        0.24191522161871998
      ],
      [
        0.4514567166128183,
        0.21984304970963925,
        0.24545657608662957
      ],
      [
        0.47172076189371576,
        0.013589813619514113,
        0.2266808178478556
      ],
      [
        0.3974207073207162,
        0.009057326182273673,
        0.22313946337994597
      ]
    ],
    "keypoints_3d": [
      [
        -0.011292007010714443,
        -0.06246031873122934,
        0.22968568698155636
      ],
      [
        -0.017881565043446002,
        -0.04403730265589048,
        0.23269055611525713
      ],
      [
        -0.005802252921827823,
        -0.044603426742675714,
        0.23623191058316675
      ],
      [
        -0.0017094778420941176,
        -0.0747270482130658,
        0.21745615234439275
      ],
      [
        -0.0137887899637123,
        -0.07416092412628056,
        0.21391479787648315
      ],
      [
        -0.02087453617933477,
        -0.05019358924939289,
        0.24191522161871998
      ],
      [
        -0.008795224057716586,
        -0.05075971333617814,
        0.24545657608662957
      ],
      [
        -0.004702448977982887,
        -0.08088333480656822,
        0.2266808178478556
      ],
      [
        -0.01678176109960107,
        -0.08031721071978298,
        0.22313946337994597
      ]
    ],
    "model_matrix": [
      0.9464257998375407,
      0.1483814088271535,
      0.2868120689865408,
      0.028649189318549515,
      -0.031695032329202316,
      -0.8412069014837825,
      0.5397836361188659,
      -0.05310734283760891,
      0.32136214824948184,
      -0.519955677351948,
      -0.7914369610158191,
      0.18832927109791261,
      0.0,
      0.0,
      0.0,
      1.0
    ],
    "view_matrix": [
      0.9990081023692786,
      0.013902510952417098,
      0.0423028555744277,
      -0.04714131980649541,
      -0.013904821176131866,
      0.9999032945842204,
      -0.0002396407340770044,
      -0.008914618442200827,
      -0.042302096267120864,
      -0.0003488106070015012,
      0.9991048048040645,
      0.04271840370242148,
      0.0,
      0.0,
      0.0,
      1.0
    ],
    "camera_intrinsics": {
      "fx": 691.3506396626547,
      "fy": 691.3506396626547,
      "cx": 256.0,
      "cy": 256.0,
      "image_width": 512,
      "image_height": 512,
      "model": "SIMPLE_RADIAL",
      "dist": [
        0.07479554483066408,
        0.0,
        0.0,
        0.0
      ]
    },
    "visibility": [
      1.0,
      1.0,
      1.0,
      1.0,
      1.0,
      1.0,
      1.0,
      1.0,
      1.0
    ],
    "keypoints_2d_visibility": [
      1.0,
      1.0,
      1.0,
      1.0,
      1.0,
      1.0,
      1.0,
      1.0,
      1.0
    ],
    "pose_6dof": {
      "translation": [
        0.028649189318549515,
        -0.05310734283760891,
        0.18832927109791261
      ],
      "rotation": [
        0.9464257998375407,
        0.1483814088271535,
        0.2868120689865408,
        -0.031695032329202316,
        -0.8412069014837825,
        0.5397836361188659,
        0.32136214824948184,
        -0.519955677351948,
        -0.7914369610158191
      ]
    },
    "pose_9dof": {
      "translation": [
        0.028649189318549515,
        -0.05310734283760891,
        0.18832927109791261
      ],
      "rotation": [
        0.9464257998375407,
        0.1483814088271535,
        0.2868120689865408,
        -0.031695032329202316,
        -0.8412069014837825,
        0.5397836361188659,
        0.32136214824948184,
        -0.519955677351948,
        -0.7914369610158191
      ],
      "scale": [
        0.012600455121958641,
        0.0357311135536737,
        0.01148704463699772
      ]
    }
  },
  {
    "frame_id": 5,
    "image": "frame_000005.png",
    "keypoints_2d": [
      [
        0.43695737890150654,
        0.13153443245476115,
        0.22913577963400966
      ],
      [
        0.39943739287223445,
        0.24442867265195478,
        0.23213414834549012
      ],
      [
        0.4702290043275018,
        0.245232192308465,
        0.23566463320467168
      ],
      [
        0.49327073682388445,
        0.03270671308937001,
        0.21690573936015148
      ],
      [
        0.4161661307929052,
        0.028237130735212113,
        0.21337525450096992
      ],
      [
        0.38655576828535143,
        0.2195683634774534,
        0.24136581990786785
      ],
      [
        0.4549186064405822,
        0.22073252916261754,
        0.2448963047670494
      ],
      [
        0.47565012029988263,
        0.01445077042234788,
        0.2261374109225292
      ],
      [
        0.40139293312310786,
        0.009814881719513224,
        0.22260692606334764
      ]
    ],
    "keypoints_3d": [
      [
        -0.010663831954857199,
        -0.06232695952338013,
        0.22913577963400966
      ],
      [
        -0.017278520112789766,
        -0.043911891765347835,
        0.23213414834549012
      ],
      [
        -0.0051950724402269055,
        -0.04445727079319814,
        0.23566463320467168
      ],
      [
        -0.0010740990582284657,
        -0.0745875538303753,
        0.21690573936015148
      ],
      [
        -0.013157546730791309,
        -0.07404217480252501,
        0.21337525450096992
      ],
      [
        -0.020253564851485932,
        -0.05006636521638495,
        0.24136581990786785
      ],
      [
        -0.008170117178923082,
        -0.05061174424423526,
        0.2448963047670494
      ],
      [
        -0.0040491437969246286,
        -0.08074202728141243,
        0.2261374109225292
      ],
      [
        -0.016132591469487482,
        -0.08019664825356213,
        0.22260692606334764
      ]
    ],
    "model_matrix": [
      0.9464257998375407,
      0.1483814088271535,
      0.2868120689865408,
      0.028649189318549515,
      -0.031695032329202316,
      -0.8412069014837825,
      0.5397836361188659,
      -0.05310734283760891,
      0.32136214824948184,
      -0.519955677351948,
      -0.7914369610158191,
      0.18832927109791261,
      0.0,
      0.0,
      0.0,
      1.0
    ],
    "view_matrix": [
      0.9989882333685041,
      0.012385871289707386,
      0.04323308667756688,
      -0.046768309968008855,
      -0.012419585293780507,
      0.9999227432512702,
      0.0005113022441989303,
      -0.00896420171503386,
      -0.04322341370606583,
      -0.0010477219331550885,
      0.9990648821704949,
      0.04216529262967491,
      0.0,
      0.0,
      0.0,
      1.0
    ],
    "camera_intrinsics": {
      "fx": 689.5674396284807,
      "fy": 689.5674396284807,
      "cx": 256.0,
      "cy": 256.0,
      "image_width": 512,
      "image_height": 512,
      "model": "SIMPLE_RADIAL",
      "dist": [
        0.07602271893536314,
        0.0,
        0.0,
        0.0
      ]
    },
    "visibility": [
      1.0,
      1.0,
      1.0,
      1.0,
      1.0,
      1.0,
      1.0,
      1.0,
      1.0
    ],
    "keypoints_2d_visibility": [
      1.0,
      1.0,
      1.0,
      1.0,
      1.0,
      1.0,
      1.0,
      1.0,
      1.0
    ],
    "pose_6dof": {
      "translation": [
        0.028649189318549515,
        -0.05310734283760891,
        0.18832927109791261
      ],
      "rotation": [
        0.9464257998375407,
        0.1483814088271535,
        0.2868120689865408,
        -0.031695032329202316,
        -0.8412069014837825,
        0.5397836361188659,
        0.32136214824948184,
        -0.519955677351948,
        -0.7914369610158191
      ]
    },
    "pose_9dof": {
      "translation": [
        0.028649189318549515,
        -0.05310734283760891,
        0.18832927109791261
      ],
      "rotation": [
        0.9464257998375407,
        0.1483814088271535,
        0.2868120689865408,
        -0.031695032329202316,
        -0.8412069014837825,
        0.5397836361188659,
        0.32136214824948184,
        -0.519955677351948,
        -0.7914369610158191
      ],
      "scale": [
        0.012600455121958641,
        0.0357311135536737,
        0.01148704463699772
      ]
    }
  },
  {
    "frame_id": 6,
    "image": "frame_000006.png",
    "keypoints_2d": [
      [
        0.4383929186594518,
        0.1351127276752303,
        0.22989224115896376
      ],
      [
        0.4006585153729872,
        0.24762876196413675,
        0.23284172145650459
      ],
      [
        0.47131611447504945,
        0.24855583140051818,
        0.23639178022055451
      ],
      [
        0.4949446003457024,
        0.03684054477142157,
        0.21770269747976032
      ],
      [
        0.4180729246073651,
        0.03224905126838701,
        0.2141526387157104
      ],
      [
        0.3877302014994685,
        0.22276059926858466,
        0.2420817848381672
      ],
      [
        0.4559673996232998,
        0.224042912125348,
        0.2456318436022171
      ],
      [
        0.4772770496009932,
        0.018554182839273792,
        0.22694276086142293
      ],
      [
        0.4032378523425267,
        0.013803278870337443,
        0.22339270209737302
      ]
    ],
    "keypoints_3d": [
      [
        -0.010438965605087329,
        -0.06182804967625773,
        0.22989224115896376
      ],
      [
        -0.01709093262163106,
        -0.04341851585068703,
        0.23284172145650459
      ],
      [
        -0.0050119494860586325,
        -0.043934963779178444,
        0.23639178022055451
      ],
      [
        -0.0008087738399828459,
        -0.0740972577334106,
        0.21770269747976032
      ],
      [
        -0.012887756975555276,
        -0.07358080980491918,
        0.2141526387157104
      ],
      [
        -0.02006915737019181,
        -0.04955884161910487,
        0.2420817848381672
      ],
      [
        -0.007990174234619389,
        -0.05007528954759629,
        0.2456318436022171
      ],
      [
        -0.0037869985885435956,
        -0.08023758350182844,
        0.22694276086142293
      ],
      [
        -0.01586598172411603,
        -0.07972113557333704,
        0.22339270209737302
      ]
    ],
    "model_matrix": [
      0.9464257998375407,
      0.1483814088271535,
      0.2868120689865408,
      0.028649189318549515,
      -0.031695032329202316,
      -0.8412069014837825,
      0.5397836361188659,
      -0.05310734283760891,
      0.32136214824948184,
      -0.519955677351948,
      -0.7914369610158191,
      0.18832927109791261,
      0.0,
      0.0,
      0.0,
      1.0
    ],
    "view_matrix": [
      0.999073662685047,
      0.010611268770848907,
      0.04170392672348276,
      -0.0463521499437267,
      -0.010732733689088005,
      0.9999387850130271,
      0.0026897312561182224,
      -0.008923028811498557,
      -0.04167283235687165,
      -0.003134836797000866,
      0.9991263923256217,
      0.04275490596870626,
      0.0,
      0.0,
      0.0,
      1.0
    ],
    "camera_intrinsics": {
      "fx": 690.9313642056752,
      "fy": 690.9313642056752,
      "cx": 256.0,
      "cy": 256.0,
      "image_width": 512,
      "image_height": 512,
      "model": "SIMPLE_RADIAL",
      "dist": [
        0.07239043756931973,
        0.0,
        0.0,
        0.0
      ]
    },
    "visibility": [
      1.0,
      1.0,
      1.0,
      1.0,
      1.0,
      1.0,
      1.0,
      1.0,
      1.0
    ],
    "keypoints_2d_visibility": [
      1.0,
      1.0,
      1.0,
      1.0,
      1.0,
      1.0,
      1.0,
      1.0,
      1.0
    ],
    "pose_6dof": {
      "translation": [
        0.028649189318549515,
        -0.05310734283760891,
        0.18832927109791261
      ],
      "rotation": [
        0.9464257998375407,
        0.1483814088271535,
        0.2868120689865408,
        -0.031695032329202316,
        -0.8412069014837825,
        0.5397836361188659,
        0.32136214824948184,
        -0.519955677351948,
        -0.7914369610158191
      ]
    },
    "pose_9dof": {
      "translation": [
        0.028649189318549515,
        -0.05310734283760891,
        0.18832927109791261
      ],
      "rotation": [
        0.9464257998375407,
        0.1483814088271535,
        0.2868120689865408,
        -0.031695032329202316,
        -0.8412069014837825,
        0.5397836361188659,
        0.32136214824948184,
        -0.519955677351948,
        -0.7914369610158191
      ],
      "scale": [
        0.012600455121958641,
        0.0357311135536737,
        0.01148704463699772
      ]
    }
  },
  {
    "frame_id": 7,
    "image": "frame_000007.png",
    "keypoints_2d": [
      [
        0.4406733380962108,
        0.13497919395621194,
        0.22941026867894038
      ],
      [
        0.40273197339107064,
        0.24749443552597417,
        0.23236017799100817
      ],
      [
        0.473392896059954,
        0.24854194247885714,
        0.23590264435878516
      ],
      [
        0.49745935717868994,
        0.03666107668138413,
        0.21721712913975394
      ],
      [
        0.42056849623309217,
        0.031935230677318516,
        0.213674662771977
      ],
      [
        0.3898208259957022,
        0.22262807083019337,
        0.24160340821812681
      ],
      [
        0.4580554001194066,
        0.22402666363409562,
        0.2451458745859038
      ],
      [
        0.47978009436570435,
        0.018389056328456277,
        0.2264603593668726
      ],
      [
        0.40572946228276086,
        0.013508808590819876,
        0.2229178929990956
      ]
    ],
    "keypoints_3d": [
      [
        -0.010049141368836619,
        -0.0618296321550889,
        0.22941026867894038
      ],
      [
        -0.016729971447016035,
        -0.04343062187174301,
        0.23236017799100817
      ],
      [
        -0.00464788352418765,
        -0.04392615465441946,
        0.23590264435878516
      ],
      [
        -0.0004062344153025199,
        -0.07408527283817894,
        0.21721712913975394
      ],
      [
        -0.012488322338130901,
        -0.07358974005550249,
        0.213674662771977
      ],
      [
        -0.019692048322370717,
        -0.04957399147199886,
        0.24160340821812681
      ],
      [
        -0.007609960399542329,
        -0.05006952425467531,
        0.2451458745859038
      ],
      [
        -0.0033683112906571916,
        -0.08022864243843479,
        0.2264603593668726
      ],
      [
        -0.015450399213485583,
        -0.07973310965575835,
        0.2229178929990956
      ]
    ],
    "model_matrix": [
      0.9464257998375407,
      0.1483814088271535,
      0.2868120689865408,
      0.028649189318549515,
      -0.031695032329202316,
      -0.8412069014837825,
      0.5397836361188659,
      -0.05310734283760891,
      0.32136214824948184,
      -0.519955677351948,
      -0.7914369610158191,
      0.18832927109791261,
      0.0,
      0.0,
      0.0,
      1.0
    ],
    "view_matrix": [
      0.9990634491921419,
      0.008938890841541352,
      0.04233580894259177,
      -0.04616985056497446,
      -0.009072600340391736,
      0.9999544407167629,
      0.002967223262516052,
      -0.009023601199405304,
      -0.04230735646863497,
      -0.0033485401817957648,
      0.9990990315615799,
      0.04228491570391481,
      0.0,
      0.0,
      0.0,
      1.0
    ],
    "camera_intrinsics": {
      "fx": 689.6437873538825,
      "fy": 689.6437873538825,
      "cx": 256.0,
      "cy": 256.0,
      "image_width": 512,
      "image_height": 512,
      "model": "SIMPLE_RADIAL",
      "dist": [
        0.07367138438936044,
        0.0,
        0.0,
        0.0
      ]
    },
    "visibility": [
      1.0,
      1.0,
      1.0,
      1.0,
      1.0,
      1.0,
      1.0,
      1.0,
      1.0
    ],
    "keypoints_2d_visibility": [
      1.0,
      1.0,
      1.0,
      1.0,
      1.0,
      1.0,
      1.0,
      1.0,
      1.0
    ],
    "pose_6dof": {
      "translation": [
        0.028649189318549515,
        -0.05310734283760891,
        0.18832927109791261
      ],
      "rotation": [
        0.9464257998375407,
        0.1483814088271535,
        0.2868120689865408,
        -0.031695032329202316,
        -0.8412069014837825,
        0.5397836361188659,
        0.32136214824948184,
        -0.519955677351948,
        -0.7914369610158191
      ]
    },
    "pose_9dof": {
      "translation": [
        0.028649189318549515,
        -0.05310734283760891,
        0.18832927109791261
      ],
      "rotation": [
        0.9464257998375407,
        0.1483814088271535,
        0.2868120689865408,
        -0.031695032329202316,
        -0.8412069014837825,
        0.5397836361188659,
        0.32136214824948184,
        -0.519955677351948,
        -0.7914369610158191
      ],
      "scale": [
        0.012600455121958641,
        0.0357311135536737,
        0.01148704463699772
      ]
    }
  },
  {
    "frame_id": 8,
    "image": "frame_000008.png",
    "keypoints_2d": [
      [
        0.44559375548862207,
        0.129894895919468,
        0.22941630767143734
      ],
      [
        0.4074233576859479,
        0.24262882223855042,
        0.23242739629978
      ],
      [
        0.47814838147877414,
        0.24374596266648546,
        0.23594893512009413
      ],
      [
        0.5027487749095985,
        0.03135336161094121,
        0.21717406454021898
      ],
      [
        0.4257738966724107,
        0.026571875490163432,
        0.2136525257199049
      ],
      [
        0.39443446679166533,
        0.21772028365772544,
        0.2416585508026557
      ],
      [
        0.4627322443456073,
        0.21918313891798974,
        0.24518008962296983
      ],
      [
        0.484960754960169,
        0.01304163550915155,
        0.22640521904309469
      ],
      [
        0.4108291195406168,
        0.008110775663730196,
        0.22288368022278054
      ]
    ],
    "keypoints_3d": [
      [
        -0.009200006290759122,
        -0.06258416320338157,
        0.22941630767143734
      ],
      [
        -0.0158994396662792,
        -0.0442018354778504,
        0.23242739629978
      ],
      [
        -0.0038110019358558594,
        -0.0446916383516596,
        0.23594893512009413
      ],
      [
        0.00043869317502486654,
        -0.07479407682363426,
        0.21717406454021898
      ],
      [
        -0.011649744555398474,
        -0.07430427394982506,
        0.2136525257199049
      ],
      [
        -0.018838705756543114,
        -0.050374249583128895,
        0.2416585508026557
      ],
      [
        -0.00675026802611977,
        -0.05086405245693809,
        0.24518008962296983
      ],
      [
        -0.002500572915239044,
        -0.08096649092891274,
        0.22640521904309469
      ],
      [
        -0.014589010645662384,
        -0.08047668805510355,
        0.22288368022278054
      ]
    ],
    "model_matrix": [
      0.9464257998375407,
      0.1483814088271535,
      0.2868120689865408,
      0.028649189318549515,
      -0.031695032329202316,
      -0.8412069014837825,
      0.5397836361188659,
      -0.05310734283760891,
      0.32136214824948184,
      -0.519955677351948,
      -0.7914369610158191,
      0.18832927109791261,
      0.0,
      0.0,
      0.0,
      1.0
    ],
    "view_matrix": [
      0.9990042521773757,
      0.007661600494585367,
      0.043952292424672246,
      -0.04569128419269483,
      -0.007681657053718262,
      0.9999704543232333,
      0.0002874465089821968,
      -0.009312450802462199,
      -0.043948791524131725,
      -0.000624786721877828,
      0.9990335897081342,
      0.04249495640543051,
      0.0,
      0.0,
      0.0,
      1.0
    ],
    "camera_intrinsics": {
      "fx": 690.9107395068305,
      "fy": 690.9107395068305,
      "cx": 256.0,
      "cy": 256.0,
      "image_width": 512,
      "image_height": 512,
      "model": "SIMPLE_RADIAL",
      "dist": [
        0.07084654973299885,
        0.0,
        0.0,
        0.0
      ]
    },
    "visibility": [
      1.0,
      1.0,
      1.0,
      1.0,
      1.0,
      1.0,
      1.0,
      1.0,
      1.0
    ],
    "keypoints_2d_visibility": [
      1.0,
      1.0,
      1.0,
      1.0,
      1.0,
      1.0,
      1.0,
      1.0,
      1.0
    ],
    "pose_6dof": {
      "translation": [
        0.028649189318549515,
        -0.05310734283760891,
        0.18832927109791261
      ],
      "rotation": [
        0.9464257998375407,
        0.1483814088271535,
        0.2868120689865408,
        -0.031695032329202316,
        -0.8412069014837825,
        0.5397836361188659,
        0.32136214824948184,
        -0.519955677351948,
        -0.7914369610158191
      ]
    },
    "pose_9dof": {
      "translation": [
        0.028649189318549515,
        -0.05310734283760891,
        0.18832927109791261
      ],
      "rotation": [
        0.9464257998375407,
        0.1483814088271535,
        0.2868120689865408,
        -0.031695032329202316,
        -0.8412069014837825,
        0.5397836361188659,
        0.32136214824948184,
        -0.519955677351948,
        -0.7914369610158191
      ],
      "scale": [
        0.012600455121958641,
        0.0357311135536737,
        0.01148704463699772
      ]
    }
  },
  {
    "frame_id": 9,
    "image": "frame_000009.png",
    "keypoints_2d": [
      [
        0.4502954709998164,
        0.1287549619068088,
        0.22886682701874284
      ],
      [
        0.4119331815027113,
        0.2416098919696838,
        0.23191499460518833
      ],
      [
        0.4826471288694998,
        0.2428061039445849,
        0.23541324960330534
      ],
      [
        0.5077500610662472,
        0.03000778253348324,
        0.21659027287500449
      ],
      [
        0.43071820848680514,
        0.025147066102055693,
        0.21309201787688747
      ],
      [
        0.39892271880005714,
        0.21664232307549325,
        0.24114338116248124
      ],
      [
        0.46720788544878805,
        0.21818281089700903,
        0.24464163616059825
      ],
      [
        0.4899003710574875,
        0.011621779047604863,
        0.2258186594322974
      ],
      [
        0.4157168138406807,
        0.006610251277095358,
        0.22232040443418033
      ]
    ],
