[
  {
    "frame_id": 0,
    "image": "frame_000000.png",
    "keypoints_2d": [
      [
        0.500076907721169,
        0.27437815440793406,
        0.3633215815581114
      ],
      [
        0.4548632454521264,
        0.3121503770237617,
        0.394413377825684
      ],
      [
        0.48299932481302027,
        0.36339958390014376,
        0.38682948771893405
      ],
      [
        0.4840756319999346,
        0.25802221119901836,
        0.32791252785275016
      ],
      [
        0.4506057817344859,
        0.198594312881391,
        0.3354964179595
      ],
      [
        0.5132035621890865,
        0.28776414533747396,
        0.3987306352634727
      ],
      [
        0.542009590824808,
        0.33810722415661165,
        0.39114674515672276
      ],
      [
        0.5541372325311206,
        0.22884358140589445,
        0.3322297852905388
      ],
      [
        0.5198368266729343,
        0.17057332269184383,
        0.33981367539728874
      ]
    ],
    "keypoints_3d": [
      [
        2.553522094929546e-05,
        -0.07491190209059902,
        0.3633215815581114
      ],
      [
        -0.016309734402844712,
        -0.06787766398152072,
        0.394413377825684
      ],
      [
        -0.006045643911322989,
        -0.04857674561718285,
        0.38682948771893405
      ],
      [
        -0.004765107391833703,
        -0.07240790655367695,
        0.32791252785275016
      ],
      [
        -0.015029197883355421,
        -0.0917088249180148,
        0.3354964179595
      ],
      [
        0.004816177833732295,
        -0.07741589762752109,
        0.3987306352634727
      ],
      [
        0.01508026832525401,
        -0.058114979263183236,
        0.39114674515672276
      ],
      [
        0.016360804844743303,
        -0.08194614019967733,
        0.3322297852905388
      ],
      [
        0.0060967143532215835,
        -0.10124705856401517,
        0.33981367539728874
      ]
    ],
    "model_matrix": [
      0.3418841884289283,
      0.02613930760277893,
      -0.9393784851168034,
      0.02351047733864793,
      0.853493861755131,
      -0.42696499271469346,
      0.2987459170306014,
      -0.024184509984449935,
      -0.39327271663389873,
      -0.9038902763024883,
      -0.16828231861132759,
      0.34019192398721376,
      0.0,
      0.0,
      0.0,
      1.0
    ],
    "view_matrix": [
      0.9938689667433048,
      0.10232560835650636,
      -0.041880148269394867,
      -0.006618815685656544,
      -0.104634572525031,
      0.9928611350568629,
      -0.057257075773234564,
      -0.028961638541276816,
      0.035722306435890284,
      0.061288142148940794,
      0.997480666707296,
      0.024629089620691855,
      0.0,
      0.0,
      0.0,
      1.0
    ],
    "camera_intrinsics": {
      "fx": 554.9419521765966,
      "fy": 554.9419521765966,
      "cx": 256.0,
      "cy": 256.0,
      "image_width": 512,
      "image_height": 512,
      "model": "SIMPLE_RADIAL",
      "dist": [
        0.22551820700782343,
        0.0,
        0.0,
        0.0
      ]
    },
    "visibility": [
      1.0,
      1.0,
      1.0,
      1.0,
      1.0,
      1.0,
      1.0,
      1.0,
      1.0
    ],
    "keypoints_2d_visibility": [
      1.0,
      1.0,
      1.0,
      1.0,
      1.0,
      1.0,
      1.0,
      1.0,
      1.0
    ],
    "pose_6dof": {
      "translation": [
        0.02351047733864793,
        -0.024184509984449935,
        0.34019192398721376
      ],
      "rotation": [
        0.3418841884289283,
        0.02613930760277893,
        -0.9393784851168034,
        0.853493861755131,
        -0.42696499271469346,
        0.2987459170306014,
        -0.39327271663389873,
        -0.9038902763024883,
        -0.16828231861132759
      ]
    },
    "pose_9dof": {
      "translation": [
        0.02351047733864793,
        -0.024184509984449935,
        0.34019192398721376
      ],
      "rotation": [
        0.3418841884289283,
        0.02613930760277893,
        -0.9393784851168034,
        0.853493861755131,
        -0.42696499271469346,
        0.2987459170306014,
        -0.39327271663389873,
        -0.9038902763024883,
        -0.16828231861132759
      ],
      "scale": [
        0.023138547760744185,
        0.06356706824474728,
        0.023577972361876025
      ]
    }
  },
  {
    "frame_id": 1,
    "image": "frame_000001.png",
    "keypoints_2d": [
      [
        0.4992719420267288,
        0.27445401621369847,
        0.362810139173605
      ],
      [
        0.45391678282298953,
        0.3123245548046841,
        0.39387117869148397
      ],
      [
        0.4820445418555235,
        0.36365659322369814,
        0.38627077726219555
      ],
      [
        0.483288092591875,
        0.257877851914134,
        0.32739148389113304
      ],
      [
        0.4498231542185361,
        0.19837816438071648,
        0.33499188532042135
      ],
      [
        0.5123798228900979,
        0.28801626668793245,
        0.39822879445607695
      ],
      [
        0.5411811233694643,
        0.3384316160625158,
        0.39062839302678865
      ],
      [
        0.5534974627471096,
        0.22880766968669985,
        0.331749099655726
      ],
      [
        0.5191961278731965,
        0.1704804626007838,
        0.33934950108501444
      ]
    ],
    "keypoints_3d": [
      [
        -0.00024132585266877123,
        -0.07476063562454781,
        0.362810139173605
      ],
      [
        -0.016623436540099682,
        -0.06769950199778349,
        0.39387117869148397
      ],
      [
        -0.006373606944581715,
        -0.04839749992927371,
        0.38627077726219555
      ],
      [
        -0.004991434630470668,
        -0.0723159149488943,
        0.32739148389113304
      ],
      [
        -0.015241264225988631,
        -0.09161791701740407,
        0.33499188532042135
      ],
      [
        0.004508782925133127,
        -0.07720535630020132,
        0.39822879445607695
      ],
      [
        0.014758612520651086,
        -0.057903354231691545,
        0.39062839302678865
      ],
      [
        0.016140784834762136,
        -0.08182176925131213,
        0.331749099655726
      ],
      [
        0.005890955239244174,
        -0.1011237713198219,
        0.33934950108501444
      ]
    ],
    "model_matrix": [
      0.3418841884289283,
      0.02613930760277893,
      -0.9393784851168034,
      0.02351047733864793,
      0.853493861755131,
      -0.42696499271469346,
      0.2987459170306014,
      -0.024184509984449935,
      -0.39327271663389873,
      -0.9038902763024883,
      -0.16828231861132759,
      0.34019192398721376,
      0.0,
      0.0,
      0.0,
      1.0
    ],
    "view_matrix": [
      0.9939513365717071,
      0.10103699791667521,
      -0.043037955101315056,
      -0.006524901191550344,
      -0.10336440274787857,
      0.9930769097559936,
      -0.05580368763854606,
      -0.029329446873461937,
      0.03710176238255258,
      0.05991474243850035,
      0.9975137507155662,
      0.024040745656975362,
      0.0,
      0.0,
      0.0,
      1.0
    ],
    "camera_intrinsics": {
      "fx": 555.1820226338373,
      "fy": 555.1820226338373,
      "cx": 256.0,
      "cy": 256.0,
      "image_width": 512,
      "image_height": 512,
      "model": "SIMPLE_RADIAL",
      "dist": [
        0.2220792229526664,
        0.0,
        0.0,
        0.0
      ]
    },
    "visibility": [
      1.0,
      1.0,
      1.0,
      1.0,
      1.0,
      1.0,
      1.0,
      1.0,
      1.0
    ],
    "keypoints_2d_visibility": [
      1.0,
      1.0,
      1.0,
      1.0,
      1.0,
      1.0,
      1.0,
      1.0,
      1.0
    ],
    "pose_6dof": {
      "translation": [
        0.02351047733864793,
        -0.024184509984449935,
        0.34019192398721376
      ],
      "rotation": [
        0.3418841884289283,
        0.02613930760277893,
        -0.9393784851168034,
        0.853493861755131,
        -0.42696499271469346,
        0.2987459170306014,
        -0.39327271663389873,
        -0.9038902763024883,
        -0.16828231861132759
      ]
    },
    "pose_9dof": {
      "translation": [
        0.02351047733864793,
        -0.024184509984449935,
        0.34019192398721376
      ],
      "rotation": [
        0.3418841884289283,
        0.02613930760277893,
        -0.9393784851168034,
        0.853493861755131,
        -0.42696499271469346,
        0.2987459170306014,
        -0.39327271663389873,
        -0.9038902763024883,
        -0.16828231861132759
      ],
      "scale": [
        0.023138547760744185,
        0.06356706824474728,
        0.023577972361876025
      ]
    }
  },
  {
    "frame_id": 2,
    "image": "frame_000002.png",
    "keypoints_2d": [
      [
        0.4997446607327339,
        0.2712168330843067,
        0.3614462208005817
      ],
      [
        0.45401297525064804,
        0.30948940446376183,
        0.39245643688939424
      ],
      [
        0.4821966511495506,
        0.36088159587991764,
        0.3848569992847087
      ],
      [
        0.4840605451409748,
        0.2540140873649246,
        0.32601249343193633
      ],
      [
        0.45050396719165925,
        0.19445209517371687,
        0.33361193103662184
      ],
      [
        0.5125955033510978,
        0.28528039561118984,
        0.39687994816922706
      ],
      [
        0.5414538904352292,
        0.3357423517966719,
        0.38928051056454155
      ],
      [
        0.5544408195284468,
        0.2250716291449813,
        0.33043600471176915
      ],
      [
        0.5200428883448173,
        0.16670304306048794,
        0.3380354423164547
      ]
    ],
    "keypoints_3d": [
      [
        -8.443970064964806e-05,
        -0.07565770175053348,
        0.3614462208005817
      ],
      [
        -0.016553082267996053,
        -0.06857450722294661,
        0.39245643688939424
      ],
      [
        -0.0063053418370061275,
        -0.04927101643428907,
        0.3848569992847087
      ],
      [
        -0.004747386296586644,
        -0.07326412108353092,
        0.32601249343193633
      ],
      [
        -0.01499512672757656,
        -0.09256761187218845,
        0.33361193103662184
      ],
      [
        0.00457850689528734,
        -0.07805128241753602,
        0.39687994816922706
      ],
      [
        0.01482624732627725,
        -0.058747791628878485,
        0.38928051056454155
      ],
      [
        0.016384202866696743,
        -0.08274089627812034,
        0.33043600471176915
      ],
      [
        0.0061364624357068305,
        -0.10204438706677788,
        0.3380354423164547
      ]
    ],
    "model_matrix": [
      0.3418841884289283,
      0.02613930760277893,
      -0.9393784851168034,
      0.02351047733864793,
      0.853493861755131,
      -0.42696499271469346,
      0.2987459170306014,
      -0.024184509984449935,
      -0.39327271663389873,
      -0.9038902763024883,
      -0.16828231861132759,
      0.34019192398721376,
      0.0,
      0.0,
      0.0,
      1.0
    ],
    "view_matrix": [
      0.9939676395082374,
      0.0997872283423646,
      -0.045506490418088526,
      -0.0055588476152556975,
      -0.10221456792001347,
      0.9932650473079581,
      -0.05455939791864315,
      -0.03067229346441866,
      0.03975567525961226,
      0.05888170221782552,
      0.9974730229076793,
      0.02260330422519079,
      0.0,
      0.0,
      0.0,
      1.0
    ],
    "camera_intrinsics": {
      "fx": 554.3804953236429,
      "fy": 554.3804953236429,
      "cx": 256.0,
      "cy": 256.0,
      "image_width": 512,
      "image_height": 512,
      "model": "SIMPLE_RADIAL",
      "dist": [
        0.21524715498660768,
        0.0,
        0.0,
        0.0
      ]
    },
    "visibility": [
      1.0,
      1.0,
      1.0,
      1.0,
      1.0,
      1.0,
      1.0,
      1.0,
      1.0
    ],
    "keypoints_2d_visibility": [
      1.0,
      1.0,
      1.0,
      1.0,
      1.0,
      1.0,
      1.0,
      1.0,
      1.0
    ],
    "pose_6dof": {
      "translation": [
        0.02351047733864793,
        -0.024184509984449935,
        0.34019192398721376
      ],
      "rotation": [
        0.3418841884289283,
        0.02613930760277893,
        -0.9393784851168034,
        0.853493861755131,
        -0.42696499271469346,
        0.2987459170306014,
        -0.39327271663389873,
        -0.9038902763024883,
        -0.16828231861132759
      ]
    },
    "pose_9dof": {
      "translation": [
        0.02351047733864793,
        -0.024184509984449935,
        0.34019192398721376
      ],
      "rotation": [
        0.3418841884289283,
        0.02613930760277893,
        -0.9393784851168034,
        0.853493861755131,
        -0.42696499271469346,
        0.2987459170306014,
        -0.39327271663389873,
        -0.9038902763024883,
        -0.16828231861132759
      ],
      "scale": [
        0.023138547760744185,
        0.06356706824474728,
        0.023577972361876025
      ]
    }
  },
  {
    "frame_id": 3,
    "image": "frame_000003.png",
    "keypoints_2d": [
      [
        0.5005708847234893,
        0.2679716426869836,
        0.3603640510117555
      ],
      [
        0.4550143146698572,
        0.3064273083221631,
        0.39145094356385274
      ],
      [
        0.4831676116116291,
        0.3579275702460033,
        0.38386560406727693
      ],
      [
        0.48451778194181544,
        0.2506495057562812,
        0.32495347683063575
      ],
      [
        0.4509657629746003,
        0.19084030685486936,
        0.33253881632721155
      ],
      [
        0.5137161811629197,
        0.28212180590026903,
        0.39577462519287526
      ],
      [
        0.5425465724491023,
        0.33270904624971565,
        0.38818928569629946
      ],
      [
        0.5551345558588036,
        0.22152398130842205,
        0.3292771584596582
      ],
      [
        0.520741267765701,
        0.1628859305860299,
        0.3368624979562341
      ]
    ],
    "keypoints_3d": [
      [
        0.00018842815386440042,
        -0.07658406892627057,
        0.3603640510117555
      ],
      [
        -0.016171421939406638,
        -0.06958537254897587,
        0.39145094356385274
      ],
      [
        -0.005954670731554212,
        -0.0502599226976846,
        0.38386560406727693
      ],
      [
        -0.004600819120326372,
        -0.07409897711477369,
        0.32495347683063575
      ],
      [
        -0.014817570328178795,
        -0.09342442696606494,
        0.33253881632721155
      ],
      [
        0.004977675428055174,
        -0.07906916073776744,
        0.39577462519287526
      ],
      [
        0.015194426635907593,
        -0.05974371088647619,
        0.38818928569629946
      ],
      [
        0.016548278247135444,
        -0.08358276530356527,
        0.3292771584596582
      ],
      [
        0.006331527039283016,
        -0.10290821515485653,
        0.3368624979562341
      ]
    ],
    "model_matrix": [
      0.3418841884289283,
      0.02613930760277893,
      -0.9393784851168034,
      0.02351047733864793,
      0.853493861755131,
      -0.42696499271469346,
      0.2987459170306014,
      -0.024184509984449935,
      -0.39327271663389873,
      -0.9038902763024883,
      -0.16828231861132759,
      0.34019192398721376,
      0.0,
      0.0,
      0.0,
      1.0
    ],
    "view_matrix": [
      0.9941233789014381,
      0.09979323194923952,
      -0.04195257296892532,
      -0.006498510088648378,
      -0.10210617173238383,
      0.9931291738654039,
      -0.05717319049674691,
      -0.03071530399284807,
      0.035958826673636965,
      0.061120821939382085,
      0.9974824348878079,
      0.021661350292637337,
      0.0,
      0.0,
      0.0,
      1.0
    ],
    "camera_intrinsics": {
      "fx": 553.4185099620983,
      "fy": 553.4185099620983,
      "cx": 256.0,
      "cy": 256.0,
      "image_width": 512,
      "image_height": 512,
      "model": "SIMPLE_RADIAL",
      "dist": [
        0.22342120083861058,
        0.0,
        0.0,
        0.0
      ]
    },
    "visibility": [
      1.0,
      1.0,
      1.0,
      1.0,
      1.0,
      1.0,
      1.0,
      1.0,
      1.0
    ],
    "keypoints_2d_visibility": [
      1.0,
      1.0,
      1.0,
      1.0,
      1.0,
      1.0,
      1.0,
      1.0,
      1.0
    ],
    "pose_6dof": {
      "translation": [
        0.02351047733864793,
        -0.024184509984449935,
        0.34019192398721376
      ],
      "rotation": [
        0.3418841884289283,
        0.02613930760277893,
        -0.9393784851168034,
        0.853493861755131,
        -0.42696499271469346,
        0.2987459170306014,
        -0.39327271663389873,
        -0.9038902763024883,
        -0.16828231861132759
      ]
    },
    "pose_9dof": {
      "translation": [
        0.02351047733864793,
        -0.024184509984449935,
        0.34019192398721376
      ],
      "rotation": [
        0.3418841884289283,
        0.02613930760277893,
        -0.9393784851168034,
        0.853493861755131,
        -0.42696499271469346,
        0.2987459170306014,
        -0.39327271663389873,
        -0.9038902763024883,
        -0.16828231861132759
      ],
      "scale": [
        0.023138547760744185,
        0.06356706824474728,
        0.023577972361876025
      ]
    }
  },
  {
    "frame_id": 4,
    "image": "frame_000004.png",
    "keypoints_2d": [
      [
        0.5059777535291592,
        0.26717302029893886,
        0.3582849519641464
      ],
      [
        0.46029528983707985,
        0.3061034435674731,
        0.38942366561443215
      ],
      [
        0.4884087391000785,
        0.35756146065544675,
        0.38172969860613226
      ],
      [
        0.48993197144593864,
        0.24922431140738616,
        0.322888841768977
      ],
      [
        0.45640878613357433,
        0.18948792587611768,
        0.3305828087772768
      ],
      [
        0.5191032915672082,
        0.2818186110995436,
        0.3936810621593158
      ],
      [
        0.5479298453665835,
        0.3323642410130119,
        0.3859870951510159
      ],
      [
        0.5607891350973192,
        0.22007627220982057,
        0.32714623831386064
      ],
      [
        0.5263724831966563,
        0.16151218361384323,
        0.3348402053221605
      ]
    ],
    "keypoints_3d": [
      [
        0.001969225130680057,
        -0.07669917089944407,
        0.3582849519641464
      ],
      [
        -0.014255714187904627,
        -0.0696172791383925,
        0.38942366561443215
      ],
      [
        -0.004093756234692751,
        -0.05030588678287892,
        0.38172969860613226
      ],
      [
        -0.0029842813956731233,
        -0.07433284658813386,
        0.322888841768977
      ],
      [
        -0.013146239348884998,
        -0.0936442389436474,
        0.3305828087772768
      ],
      [
        0.006922731657033242,
        -0.0790654952107543,
        0.3936810621593158
      ],
      [
        0.01708468961024512,
        -0.05975410285524074,
        0.3859870951510159
      ],
      [
        0.018194164449264746,
        -0.08378106266049568,
        0.32714623831386064
      ],
      [
        0.00803220649605288,
        -0.10309245501600922,
        0.3348402053221605
      ]
    ],
    "model_matrix": [
      0.3418841884289283,
      0.02613930760277893,
      -0.9393784851168034,
      0.02351047733864793,
      0.853493861755131,
      -0.42696499271469346,
      0.2987459170306014,
      -0.024184509984449935,
      -0.39327271663389873,
      -0.9038902763024883,
      -0.16828231861132759,
      0.34019192398721376,
      0.0,
      0.0,
      0.0,
      1.0
    ],
    "view_matrix": [
      0.9943825732973631,
      0.09904167489181061,
      -0.03733690610025565,
      -0.0063121955275004665,
      -0.10097390537403679,
      0.9934220436011456,
      -0.054008459715481655,
      -0.03192655903091281,
      0.031742217251311856,
      0.057475124375234124,
      0.9978421927950442,
      0.019470829601524988,
      0.0,
      0.0,
      0.0,
      1.0
    ],
    "camera_intrinsics": {
      "fx": 551.2627879400999,
      "fy": 551.2627879400999,
      "cx": 256.0,
      "cy": 256.0,
      "image_width": 512,
      "image_height": 512,
      "model": "SIMPLE_RADIAL",
      "dist": [
        0.22116633343301545,
        0.0,
        0.0,
        0.0
      ]
    },
    "visibility": [
      1.0,
      1.0,
      1.0,
      1.0,
      1.0,
      1.0,
      1.0,
      1.0,
      1.0
    ],
    "keypoints_2d_visibility": [
      1.0,
      1.0,
      1.0,
      1.0,
      1.0,
      1.0,
      1.0,
      1.0,
      1.0
    ],
    "pose_6dof": {
      "translation": [
        0.02351047733864793,
        -0.024184509984449935,
        0.34019192398721376
      ],
      "rotation": [
        0.3418841884289283,
        0.02613930760277893,
        -0.9393784851168034,
        0.853493861755131,
        -0.42696499271469346,
        0.2987459170306014,
        -0.39327271663389873,
        -0.9038902763024883,
        -0.16828231861132759
      ]
    },
    "pose_9dof": {
      "translation": [
        0.02351047733864793,
        -0.024184509984449935,
        0.34019192398721376
      ],
      "rotation": [
        0.3418841884289283,
        0.02613930760277893,
        -0.9393784851168034,
        0.853493861755131,
        -0.42696499271469346,
        0.2987459170306014,
        -0.39327271663389873,
        -0.9038902763024883,
        -0.16828231861132759
      ],
      "scale": [
        0.023138547760744185,
        0.06356706824474728,
        0.023577972361876025
      ]
    }
  },
  {
    "frame_id": 5,
    "image": "frame_000005.png",
    "keypoints_2d": [
      [
        0.5085117901124091,
        0.26896545189299426,
        0.3585490053199876
      ],
      [
        0.462839262470038,
        0.3081571195882461,
        0.38973018953761696
      ],
      [
        0.49107403927023774,
        0.3596769507060613,
        0.3819333854601332
      ],
      [
        0.49221628111797205,
        0.25092726624544737,
        0.32316580440474274
      ],
      [
        0.45858385730343004,
        0.1912311012483071,
        0.3309626084822264
      ],
      [
        0.5218462834345035,
        0.2836894152953052,
        0.3939322062352325
      ],
      [
        0.5508252667435363,
        0.33429226797148637,
        0.38613540215774883
      ],
      [
        0.5633149414970481,
        0.22156681638725273,
        0.32736782110235824
      ],
      [
        0.5287445062723959,
        0.16304822423783322,
        0.33516462517984197
      ]
    ],
    "keypoints_3d": [
      [
        0.0027941458504957342,
        -0.07584118210025789,
        0.3585490053199876
      ],
      [
        -0.013295600204672898,
        -0.06863874103712203,
        0.38973018953761696
      ],
      [
        -0.003140125771003142,
        -0.049365220920634376,
        0.3819333854601332
      ],
      [
        -0.002299485398715782,
        -0.0735816803211112,
        0.32316580440474274
      ],
      [
        -0.012454959832385534,
        -0.09285520043759884,
        0.3309626084822264
      ],
      [
        0.00788777709970725,
        -0.07810068387940458,
        0.3939322062352325
      ],
      [
        0.018043251533377,
        -0.058827163762916926,
        0.38613540215774883
      ],
      [
        0.01888389190566437,
        -0.08304362316339375,
        0.32736782110235824
      ],
      [
        0.00872841747199461,
        -0.1023171432798814,
        0.33516462517984197
      ]
    ],
    "model_matrix": [
      0.3418841884289283,
      0.02613930760277893,
      -0.9393784851168034,
      0.02351047733864793,
      0.853493861755131,
      -0.42696499271469346,
      0.2987459170306014,
      -0.024184509984449935,
      -0.39327271663389873,
      -0.9038902763024883,
      -0.16828231861132759,
      0.34019192398721376,
      0.0,
      0.0,
      0.0,
      1.0
    ],
    "view_matrix": [
      0.9943727049734425,
      0.10054573562430723,
      -0.03336882754257506,
      -0.006800576105946371,
      -0.10215830457764823,
      0.9934718291700476,
      -0.050768153909121046,
      -0.032141846268074765,
      0.028046468754901285,
      0.053891369376614144,
      0.9981528519706256,
      0.019629416667449093,
      0.0,
      0.0,
      0.0,
      1.0
    ],
    "camera_intrinsics": {
      "fx": 553.8435938160151,
      "fy": 553.8435938160151,
      "cx": 256.0,
      "cy": 256.0,
      "image_width": 512,
      "image_height": 512,
      "model": "SIMPLE_RADIAL",
      "dist": [
        0.21706748771388495,
        0.0,
        0.0,
        0.0
      ]
    },
    "visibility": [
      1.0,
      1.0,
      1.0,
      1.0,
      1.0,
      1.0,
      1.0,
      1.0,
      1.0
    ],
    "keypoints_2d_visibility": [
      1.0,
      1.0,
      1.0,
      1.0,
      1.0,
      1.0,
      1.0,
      1.0,
      1.0
    ],
    "pose_6dof": {
      "translation": [
        0.02351047733864793,
        -0.024184509984449935,
        0.34019192398721376
      ],
      "rotation": [
        0.3418841884289283,
        0.02613930760277893,
        -0.9393784851168034,
        0.853493861755131,
        -0.42696499271469346,
        0.2987459170306014,
        -0.39327271663389873,
        -0.9038902763024883,
        -0.16828231861132759
      ]
    },
    "pose_9dof": {
      "translation": [
        0.02351047733864793,
        -0.024184509984449935,
        0.34019192398721376
      ],
      "rotation": [
        0.3418841884289283,
        0.02613930760277893,
        -0.9393784851168034,
        0.853493861755131,
        -0.42696499271469346,
        0.2987459170306014,
        -0.39327271663389873,
        -0.9038902763024883,
        -0.16828231861132759
      ],
      "scale": [
        0.023138547760744185,
        0.06356706824474728,
        0.023577972361876025
      ]
    }
  },
  {
    "frame_id": 6,
    "image": "frame_000006.png",
    "keypoints_2d": [
      [
        0.5055724628469275,
        0.2678564587414838,
        0.35656666086529576
      ],
      [
        0.45973165340159416,
        0.3073734768609924,
        0.38769408393131677
      ],
      [
        0.4880051086165948,
        0.35906471713210314,
        0.3798892824090796
      ],
      [
        0.4891718849856381,
        0.24930827272293743,
        0.3211666931944725
      ],
      [
        0.45545281376043206,
        0.18936672193724519,
        0.32897149471670967
      ],
      [
        0.5189746834263718,
        0.2829761180047087,
        0.391966628536119
      ],
      [
        0.5479907221716616,
        0.3337325799156289,
        0.3841618270138819
      ],
      [
        0.5606105402357224,
        0.22002705263795347,
        0.32543923779927475
      ],
      [
        0.5259565617760196,
        0.16128854349556587,
        0.333244039321512
      ]
    ],
    "keypoints_3d": [
      [
        0.0018221592530283728,
        -0.07590943418640417,
        0.35656666086529576
      ],
      [
        -0.014355853456647015,
        -0.06867225430498466,
        0.38769408393131677
      ],
      [
        -0.004204383469524904,
        -0.04939986154291996,
        0.3798892824090796
      ],
      [
        -0.003184112803883483,
        -0.07371834687679096,
        0.3211666931944725
      ],
      [
        -0.013335582791005591,
        -0.09299073963885565,
        0.32897149471670967
      ],
      [
        0.006828431309940231,
        -0.07810052149601739,
        0.391966628536119
      ],
      [
        0.01697990129706233,
        -0.058828128733952684,
        0.3841618270138819
      ],
      [
        0.018000171962703766,
        -0.08314661406782368,
        0.32543923779927475
      ],
      [
        0.00784870197558165,
        -0.10241900682988839,
        0.333244039321512
      ]
    ],
    "model_matrix": [
      0.3418841884289283,
      0.02613930760277893,
      -0.9393784851168034,
      0.02351047733864793,
      0.853493861755131,
      -0.42696499271469346,
      0.2987459170306014,
      -0.024184509984449935,
      -0.39327271663389873,
      -0.9038902763024883,
      -0.16828231861132759,
      0.34019192398721376,
      0.0,
      0.0,
      0.0,
      1.0
    ],
    "view_matrix": [
      0.994423557174174,
      0.09917999434988299,
      -0.03584853773614081,
      -0.006963210664734298,
      -0.1008752319991449,
      0.9936888403450364,
      -0.04905788563376358,
      -0.03281683514920169,
      0.030756731071117156,
      0.05240054670033428,
      0.9981523962799093,
      0.0175474528583921,
      0.0,
      0.0,
      0.0,
      1.0
    ],
    "camera_intrinsics": {
      "fx": 552.8646926471987,
      "fy": 552.8646926471987,
      "cx": 256.0,
      "cy": 256.0,
      "image_width": 512,
      "image_height": 512,
      "model": "SIMPLE_RADIAL",
      "dist": [
        0.21699378718300583,
        0.0,
        0.0,
        0.0
      ]
    },
    "visibility": [
      1.0,
      1.0,
      1.0,
      1.0,
      1.0,
      1.0,
      1.0,
      1.0,
      1.0
    ],
    "keypoints_2d_visibility": [
      1.0,
      1.0,
      1.0,
      1.0,
      1.0,
      1.0,
      1.0,
      1.0,
      1.0
    ],
    "pose_6dof": {
      "translation": [
        0.02351047733864793,
        -0.024184509984449935,
        0.34019192398721376
      ],
      "rotation": [
        0.3418841884289283,
        0.02613930760277893,
        -0.9393784851168034,
        0.853493861755131,
        -0.42696499271469346,
        0.2987459170306014,
        -0.39327271663389873,
        -0.9038902763024883,
        -0.16828231861132759
      ]
    },
    "pose_9dof": {
      "translation": [
        0.02351047733864793,
        -0.024184509984449935,
        0.34019192398721376
      ],
      "rotation": [
        0.3418841884289283,
        0.02613930760277893,
        -0.9393784851168034,
        0.853493861755131,
        -0.42696499271469346,
        0.2987459170306014,
        -0.39327271663389873,
        -0.9038902763024883,
        -0.16828231861132759
      ],
      "scale": [
        0.023138547760744185,
        0.06356706824474728,
        0.023577972361876025
      ]
    }
  },
  {
    "frame_id": 7,
    "image": "frame_000007.png",
    "keypoints_2d": [
      [
        0.5035393224919361,
        0.2710513058133213,
        0.35355742456470635
      ],
      [
        0.45796096497580485,
        0.31126397209863127,
        0.38466054689602114
      ],
      [
        0.48654576622886075,
        0.3628065318694591,
        0.37672641686715397
      ],
      [
        0.4867259018713162,
        0.2519972079263146,
        0.31815109309942674
      ],
      [
        0.4526154806208127,
        0.19226031496586743,
        0.32608522312829386
      ],
      [
        0.5172536173525333,
        0.2865544674674221,
        0.3889637560299859
      ],
      [
        0.5466050412598764,
        0.3371342934739213,
        0.3810296260011188
      ],
      [
        0.5583343391701535,
        0.2223187942848014,
        0.3224543022333915
      ],
      [
        0.5232553788256289,
        0.16382313098276413,
        0.33038843226225867
      ]
    ],
    "keypoints_3d": [
      [
        0.0011534170183989945,
        -0.07461126269696501,
        0.35355742456470635
      ],
      [
        -0.014945508251776674,
        -0.06709849217005133,
        0.38466054689602114
      ],
      [
        -0.004700262715253492,
        -0.04792880471674055,
        0.37672641686715397
      ],
      [
        -0.0038862460986199996,
        -0.07260756051370343,
        0.31815109309942674
      ],
      [
        -0.014131491635143177,
        -0.09177724796701421,
        0.32608522312829386
      ],
      [
        0.006193080135417993,
        -0.0766149648802266,
        0.3889637560299859
      ],
      [
        0.016438325671941166,
        -0.057445277426915804,
        0.3810296260011188
      ],
      [
        0.017252342288574668,
        -0.0821240332238787,
        0.3224543022333915
      ],
      [
        0.007007096752051488,
        -0.10129372067718947,
        0.33038843226225867
      ]
    ],
    "model_matrix": [
      0.3418841884289283,
      0.02613930760277893,
      -0.9393784851168034,
      0.02351047733864793,
      0.853493861755131,
      -0.42696499271469346,
      0.2987459170306014,
      -0.024184509984449935,
      -0.39327271663389873,
      -0.9038902763024883,
      -0.16828231861132759,
      0.34019192398721376,
      0.0,
      0.0,
      0.0,
      1.0
    ],
    "view_matrix": [
      0.9939037208544557,
      0.10460337920383923,
      -0.034835710568411185,
      -0.007833125017055574,
      -0.10605513090146045,
      0.9934378926541344,
      -0.04281895197674353,
      -0.03352538565534958,
      0.03012810782545748,
      0.04625242153715188,
      0.9984753430209518,
      0.014294442522798967,
      0.0,
      0.0,
      0.0,
      1.0
    ],
    "camera_intrinsics": {
      "fx": 550.1753644906655,
      "fy": 550.1753644906655,
      "cx": 256.0,
      "cy": 256.0,
      "image_width": 512,
      "image_height": 512,
      "model": "SIMPLE_RADIAL",
      "dist": [
        0.21620558117244348,
        0.0,
        0.0,
        0.0
      ]
    },
    "visibility": [
      1.0,
      1.0,
      1.0,
      1.0,
      1.0,
      1.0,
      1.0,
      1.0,
      1.0
    ],
    "keypoints_2d_visibility": [
      1.0,
      1.0,
      1.0,
      1.0,
      1.0,
      1.0,
      1.0,
      1.0,
      1.0
    ],
    "pose_6dof": {
      "translation": [
        0.02351047733864793,
        -0.024184509984449935,
        0.34019192398721376
      ],
      "rotation": [
        0.3418841884289283,
        0.02613930760277893,
        -0.9393784851168034,
        0.853493861755131,
        -0.42696499271469346,
        0.2987459170306014,
        -0.39327271663389873,
        -0.9038902763024883,
        -0.16828231861132759
      ]
    },
    "pose_9dof": {
      "translation": [
        0.02351047733864793,
        -0.024184509984449935,
        0.34019192398721376
      ],
      "rotation": [
        0.3418841884289283,
        0.02613930760277893,
        -0.9393784851168034,
        0.853493861755131,
        -0.42696499271469346,
        0.2987459170306014,
        -0.39327271663389873,
        -0.9038902763024883,
        -0.16828231861132759
      ],
      "scale": [
        0.023138547760744185,
        0.06356706824474728,
        0.023577972361876025
      ]
    }
  },
  {
    "frame_id": 8,
    "image": "frame_000008.png",
    "keypoints_2d": [
      [
        0.49722181605321875,
        0.269944303815582,
        0.35199653107811674
      ],
      [
        0.45206837557779866,
        0.3110401920213337,
        0.38306664666821716
      ],
      [
        0.48126297823108993,
        0.3624898508325367,
        0.37510350403501885
      ],
      [
        0.47978966332319695,
        0.25056915165289106,
        0.316580717800436
      ],
      [
        0.44494517223980135,
        0.1909293112593921,
        0.32454386043363426
      ],
      [
        0.5114244906195473,
        0.2856905553607767,
        0.38741234435579747
      ],
      [
        0.5413796265361858,
        0.3361516658576431,
        0.3794492017225992
      ],
      [
        0.5515244309813948,
        0.2201190930488603,
        0.3209264154880163
      ],
      [
        0.5157204113455784,
        0.16175571790878523,
        0.3288895581212146
      ]
    ],
    "keypoints_3d": [
      [
        -0.0009007102204372976,
        -0.07458596003449028,
        0.35199653107811674
      ],
      [
        -0.016956737447064378,
        -0.06684817989306038,
        0.38306664666821716
      ],
      [
        -0.006512923467581278,
        -0.04779804862208132,
        0.37510350403501885
      ],
      [
        -0.005882999852998882,
        -0.07260649179801368,
        0.316580717800436
      ],
      [
        -0.016326813832481978,
        -0.09165662306899275,
        0.32454386043363426
      ],
      [
        0.004081579412124288,
        -0.07656542827096688,
        0.38741234435579747
      ],
      [
        0.014525393391607376,
        -0.05751529699998782,
        0.3794492017225992
      ],
      [
        0.01515531700618978,
        -0.0823237401759202,
        0.3209264154880163
      ],
      [
        0.004711503026706688,
        -0.10137387144689924,
        0.3288895581212146
      ]
    ],
    "model_matrix": [
      0.3418841884289283,
      0.02613930760277893,
      -0.9393784851168034,
      0.02351047733864793,
      0.853493861755131,
      -0.42696499271469346,
      0.2987459170306014,
      -0.024184509984449935,
      -0.39327271663389873,
      -0.9038902763024883,
      -0.16828231861132759,
      0.34019192398721376,
      0.0,
      0.0,
      0.0,
      1.0
    ],
    "view_matrix": [
      0.9927670192057445,
      0.11443482585512754,
      -0.036308624441689606,
      -0.009121685733421325,
      -0.11587414043822336,
      0.9924429334516668,
      -0.040375827168658916,
      -0.03412442732144221,
      0.031413836999703106,
      0.044291020233870874,
      0.9985246498567769,
      0.012639111612846888,
      0.0,
      0.0,
      0.0,
      1.0
    ],
    "camera_intrinsics": {
      "fx": 550.5538917718461,
      "fy": 550.5538917718461,
      "cx": 256.0,
      "cy": 256.0,
      "image_width": 512,
      "image_height": 512,
      "model": "SIMPLE_RADIAL",
      "dist": [
        0.21559740232924138,
        0.0,
        0.0,
        0.0
      ]
    },
    "visibility": [
      1.0,
      1.0,
      1.0,
      1.0,
      1.0,
      1.0,
      1.0,
      1.0,
      1.0
    ],
    "keypoints_2d_visibility": [
      1.0,
      1.0,
      1.0,
      1.0,
      1.0,
      1.0,
      1.0,
      1.0,
      1.0
    ],
    "pose_6dof": {
      "translation": [
        0.02351047733864793,
        -0.024184509984449935,
        0.34019192398721376
      ],
      "rotation": [
        0.3418841884289283,
        0.02613930760277893,
        -0.9393784851168034,
        0.853493861755131,
        -0.42696499271469346,
        0.2987459170306014,
        -0.39327271663389873,
        -0.9038902763024883,
        -0.16828231861132759
      ]
    },
    "pose_9dof": {
      "translation": [
        0.02351047733864793,
        -0.024184509984449935,
        0.34019192398721376
      ],
      "rotation": [
        0.3418841884289283,
        0.02613930760277893,
        -0.9393784851168034,
        0.853493861755131,
        -0.42696499271469346,
        0.2987459170306014,
        -0.39327271663389873,
        -0.9038902763024883,
        -0.16828231861132759
      ],
      "scale": [
        0.023138547760744185,
        0.06356706824474728,
        0.023577972361876025
      ]
    }
  },
  {
    "frame_id": 9,
    "image": "frame_000009.png",
    "keypoints_2d": [
      [
        0.49494501082249326,
        0.25951705487351506,
        0.34861717163331696
      ],
      [
        0.45047213456787627,
        0.30236073360720894,
        0.37982646103381423
      ],
      [
        0.48048804714315385,
        0.3538401971497734,
        0.3718256253018365
      ],
      [
        0.4761790677598225,
        0.2392917889423345,
        0.31324504662341146
      ],
      [
        0.44035531347554624,
        0.1796349499287398,
        0.3212458823553891
      ],
      [
        0.5102072895974722,
        0.27592422180274956,
        0.38398929664322246
      ],
      [
        0.5410170326768658,
        0.3264052744877504,
        0.3759884609112447
      ],
      [
        0.5485579453405682,
        0.20746842756182132,
        0.31740788223281957
      ],
      [
        0.511719284973321,
        0.1491091115743965,
        0.3254087179647973
      ]
    ],
    "keypoints_3d": [
      [
        -0.0016196802231021531,
        -0.07705367045055239,
