[
  {
    "frame_id": 0,
    "image": "frame_000000.png",
    "keypoints_2d": [
      [
        0.8139951224933422,
        0.6356012277217917,
        0.1303608825920326
      ],
      [
        0.7550068790001514,
        0.7607687045591971,
        0.15120279801610037
      ],
      [
        0.822014686496301,
        0.8502850910328921,
        0.13681999684639568
      ],
      [
        0.7354421468891793,
        0.5445288602101841,
        0.10808260236144403
      ],
      [
        0.6616107149743726,
        0.46823787562481195,
        0.1224654035311487
      ],
      [
        0.8691481707580909,
        0.6997004315139216,
        0.1526391628226212
      ],
      [
        0.9466128494613788,
        0.7819499879511167,
        0.13825636165291652
      ],
      [
        0.894599787193005,
        0.46262819910905384,
        0.10951896716796486
      ],
      [
        0.8037786724290809,
        0.39681828932327784,
        0.12390176833766953
      ]
    ],
    "keypoints_3d": [
      [
        0.0378708179576321,
        0.01635480630751606,
        0.1303608825920326
      ],
      [
        0.03569574559496477,
        0.03650228328573092,
        0.15120279801610037
      ],
      [
        0.040937301817927,
        0.044531281010682267,
        0.13681999684639568
      ],
      [
        0.02348977076315332,
        0.004442589113724207,
        0.10808260236144403
      ],
      [
        0.018248214540191092,
        -0.0035864086112271376,
        0.1224654035311487
      ],
      [
        0.05225186515211088,
        0.02826702350130792,
        0.1526391628226212
      ],
      [
        0.057493421375073114,
        0.036296021226259266,
        0.13825636165291652
      ],
      [
        0.04004589032029943,
        -0.0037926706706988,
        0.10951896716796486
      ],
      [
        0.0348043340973372,
        -0.011821668395650145,
        0.12390176833766953
      ]
    ],
    "model_matrix": [
      0.7013951652376629,
      0.147010923816402,
      -0.6974472098014876,
      -0.004589844282976966,
      0.3471974339320682,
      -0.9250309353991136,
      0.15418077190631857,
      -0.012104894254669025,
      -0.622493987161498,
      -0.3502935295338598,
      -0.6998540412932486,
      0.09536983763256367,
      0.0,
      0.0,
      0.0,
      1.0
    ],
    "view_matrix": [
      0.7862412876733756,
      0.2761263732418379,
      0.5527918808720161,
      -0.007897648337445745,
      -0.09654121902923397,
      0.938508154021136,
      -0.33148489839537076,
      0.05888590004446696,
      -0.6103314104534204,
      0.20725991130980692,
      0.764551436188429,
      0.057153269435645165,
      0.0,
      0.0,
      0.0,
      1.0
    ],
    "camera_intrinsics": {
      "fx": 555.8789941279459,
      "fy": 555.8789941279459,
      "cx": 256.0,
      "cy": 256.0,
      "image_width": 512,
      "image_height": 512,
      "model": "SIMPLE_RADIAL",
      "dist": [
        -0.04462047328708687,
        0.0,
        0.0,
        0.0
      ]
    },
    "visibility": [
      1.0,
      1.0,
      1.0,
      1.0,
      1.0,
      1.0,
      1.0,
      1.0,
      1.0
    ],
    "keypoints_2d_visibility": [
      1.0,
      1.0,
      1.0,
      1.0,
      1.0,
      1.0,
      1.0,
      1.0,
      1.0
    ],
    "pose_6dof": {
      "translation": [
        -0.004589844282976966,
        -0.012104894254669025,
        0.09536983763256367
      ],
      "rotation": [
        0.7013951652376629,
        0.147010923816402,
        -0.6974472098014876,
        0.3471974339320682,
        -0.9250309353991136,
        0.15418077190631857,
        -0.622493987161498,
        -0.3502935295338598,
        -0.6998540412932486
      ]
    },
    "pose_9dof": {
      "translation": [
        -0.004589844282976966,
        -0.012104894254669025,
        0.09536983763256367
      ],
      "rotation": [
        0.7013951652376629,
        0.147010923816402,
        -0.6974472098014876,
        0.3471974339320682,
        -0.9250309353991136,
        0.15418077190631857,
        -0.622493987161498,
        -0.3502935295338598,
        -0.6998540412932486
      ],
      "scale": [
        0.017285938956070793,
        0.052319761082216844,
        0.01854690654435025
      ]
    }
  },
  {
    "frame_id": 1,
    "image": "frame_000001.png",
    "keypoints_2d": [
      [
        0.8321196739006748,
        0.6483306369530466,
        0.12956043255005575
      ],
      [
        0.7725777266250682,
        0.7746393772445532,
        0.15019153395933332
      ],
      [
        0.8403072518084367,
        0.8650630635960392,
        0.13564211838270177
      ],
      [
        0.7529406716930869,
        0.5561906030759511,
        0.10763024535372251
      ],
      [
        0.6784296347876274,
        0.47962059004992363,
        0.12217966093035407
      ],
      [
        0.8877605970730125,
        0.7132800013858075,
        0.15149061974638903
      ],
      [
        0.9661469747986571,
        0.796341041168465,
        0.13694120416975747
      ],
      [
        0.9131603674431676,
        0.4739176628838041,
        0.1089293311407782
      ],
      [
        0.8213753673957955,
        0.40795679648170813,
        0.12347874671740974
      ]
    ],
    "keypoints_3d": [
      [
        0.03976604499613308,
        0.01776023297296133,
        0.12956043255005575
      ],
      [
        0.037864503189104844,
        0.038150892606988854,
        0.15019153395933332
      ],
      [
        0.04289357226073443,
        0.046013885436964955,
        0.13564211838270177
      ],
      [
        0.025084050807784246,
        0.005572405311659159,
        0.10763024535372251
      ],
      [
        0.02005498173615465,
        -0.0022905875183169486,
        0.12217966093035407
      ],
      [
        0.054448039184481906,
        0.029948060634263494,
        0.15149061974638903
      ],
      [
        0.05947710825611151,
        0.0378110534642396,
        0.13694120416975747
      ],
      [
        0.041667586803161315,
        -0.002630426661066193,
        0.1089293311407782
      ],
      [
        0.03663851773153172,
        -0.010493419491042308,
        0.12347874671740974
      ]
    ],
    "model_matrix": [
      0.7013951652376629,
      0.147010923816402,
      -0.6974472098014876,
      -0.004589844282976966,
      0.3471974339320682,
      -0.9250309353991136,
      0.15418077190631857,
      -0.012104894254669025,
      -0.622493987161498,
      -0.3502935295338598,
      -0.6998540412932486,
      0.09536983763256367,
      0.0,
      0.0,
      0.0,
      1.0
    ],
    "view_matrix": [
      0.7776332390235129,
      0.2780306522525665,
      0.5639020322483441,
      -0.007078453138605278,
      -0.10304889423835106,
      0.9411416972032578,
      -0.3219211567785264,
      0.05938124377063464,
      -0.6202156648796071,
      0.19222711097393075,
      0.7605138176552501,
      0.056510548770512974,
      0.0,
      0.0,
      0.0,
      1.0
    ],
    "camera_intrinsics": {
      "fx": 557.3720031987438,
      "fy": 557.3720031987438,
      "cx": 256.0,
      "cy": 256.0,
      "image_width": 512,
      "image_height": 512,
      "model": "SIMPLE_RADIAL",
      "dist": [
        -0.053239956396333527,
        0.0,
        0.0,
        0.0
      ]
    },
    "visibility": [
      1.0,
      1.0,
      1.0,
      1.0,
      1.0,
      1.0,
      1.0,
      1.0,
      1.0
    ],
    "keypoints_2d_visibility": [
      1.0,
      1.0,
      1.0,
      1.0,
      1.0,
      1.0,
      1.0,
      1.0,
      1.0
    ],
    "pose_6dof": {
      "translation": [
        -0.004589844282976966,
        -0.012104894254669025,
        0.09536983763256367
      ],
      "rotation": [
        0.7013951652376629,
        0.147010923816402,
        -0.6974472098014876,
        0.3471974339320682,
        -0.9250309353991136,
        0.15418077190631857,
        -0.622493987161498,
        -0.3502935295338598,
        -0.6998540412932486
      ]
    },
    "pose_9dof": {
      "translation": [
        -0.004589844282976966,
        -0.012104894254669025,
        0.09536983763256367
      ],
      "rotation": [
        0.7013951652376629,
        0.147010923816402,
        -0.6974472098014876,
        0.3471974339320682,
        -0.9250309353991136,
        0.15418077190631857,
        -0.622493987161498,
        -0.3502935295338598,
        -0.6998540412932486
      ],
      "scale": [
        0.017285938956070793,
        0.052319761082216844,
        0.01854690654435025
      ]
    }
  },
  {
    "frame_id": 2,
    "image": "frame_000002.png",
    "keypoints_2d": [
      [
        0.8332141268662514,
        0.6558114288698688,
        0.1293747300433835
      ],
      [
        0.7729103890667004,
        0.7822821155113546,
        0.14989706617481663
      ],
      [
        0.8404810155121305,
        0.8733434530470965,
        0.13530277446939604
      ],
      [
        0.75438721537903,
        0.5629475404473478,
        0.10751865032221186
      ],
      [
        0.6799807108962552,
        0.48589813892590766,
        0.12211294202763243
      ],
      [
        0.8886087859196736,
        0.7212794487372444,
        0.15123080976455516
      ],
      [
        0.9668851382456325,
        0.8049508833838592,
        0.13663651805913457
      ],
      [
        0.9151609955516988,
        0.4813322454444727,
        0.10885239391195037
      ],
      [
        0.8234158826528973,
        0.4148808620812019,
        0.12344668561737096
      ]
    ],
    "keypoints_3d": [
      [
        0.039801944524335574,
        0.018611449359784267,
        0.1293747300433835
      ],
      [
        0.03780422949713249,
        0.039102424477945236,
        0.14989706617481663
      ],
      [
        0.04278402542055879,
        0.046913440274314155,
        0.13530277446939604
      ],
      [
        0.02517249240582535,
        0.006228876248813492,
        0.10751865032221186
      ],
      [
        0.020192696482399047,
        -0.0015821395475554278,
        0.12211294202763243
      ],
      [
        0.05443139664284579,
        0.030994022470755046,
        0.15123080976455516
      ],
      [
        0.0594111925662721,
        0.03880503826712396,
        0.13663651805913457
      ],
      [
        0.04179965955153866,
        -0.0018795257583767017,
        0.10885239391195037
      ],
      [
        0.03681986362811235,
        -0.009690541554745635,
        0.12344668561737096
      ]
    ],
    "model_matrix": [
      0.7013951652376629,
      0.147010923816402,
      -0.6974472098014876,
      -0.004589844282976966,
      0.3471974339320682,
      -0.9250309353991136,
      0.15418077190631857,
      -0.012104894254669025,
      -0.622493987161498,
      -0.3502935295338598,
      -0.6998540412932486,
      0.09536983763256367,
      0.0,
      0.0,
      0.0,
      1.0
    ],
    "view_matrix": [
      0.7778309756524642,
      0.2731777658353379,
      0.5659972451953713,
      -0.007300209825540957,
      -0.10228995554736545,
      0.9436105172842189,
      -0.314858629649446,
      0.05959227630830739,
      -0.6200933303218589,
      0.1870109620418607,
      0.7619128308189356,
      0.056128843170905385,
      0.0,
      0.0,
      0.0,
      1.0
    ],
    "camera_intrinsics": {
      "fx": 558.1189046072067,
      "fy": 558.1189046072067,
      "cx": 256.0,
      "cy": 256.0,
      "image_width": 512,
      "image_height": 512,
      "model": "SIMPLE_RADIAL",
      "dist": [
        -0.05548265402927821,
        0.0,
        0.0,
        0.0
      ]
    },
    "visibility": [
      1.0,
      1.0,
      1.0,
      1.0,
      1.0,
      1.0,
      1.0,
      1.0,
      1.0
    ],
    "keypoints_2d_visibility": [
      1.0,
      1.0,
      1.0,
      1.0,
      1.0,
      1.0,
      1.0,
      1.0,
      1.0
    ],
    "pose_6dof": {
      "translation": [
        -0.004589844282976966,
        -0.012104894254669025,
        0.09536983763256367
      ],
      "rotation": [
        0.7013951652376629,
        0.147010923816402,
        -0.6974472098014876,
        0.3471974339320682,
        -0.9250309353991136,
        0.15418077190631857,
        -0.622493987161498,
        -0.3502935295338598,
        -0.6998540412932486
      ]
    },
    "pose_9dof": {
      "translation": [
        -0.004589844282976966,
        -0.012104894254669025,
        0.09536983763256367
      ],
      "rotation": [
        0.7013951652376629,
        0.147010923816402,
        -0.6974472098014876,
        0.3471974339320682,
        -0.9250309353991136,
        0.15418077190631857,
        -0.622493987161498,
        -0.3502935295338598,
        -0.6998540412932486
      ],
      "scale": [
        0.017285938956070793,
        0.052319761082216844,
        0.01854690654435025
      ]
    }
  },
  {
    "frame_id": 3,
    "image": "frame_000003.png",
    "keypoints_2d": [
      [
        0.8229740515984861,
        0.6408208124008652,
        0.12906270372757436
      ],
      [
        0.7597441593415389,
        0.7672180289556497,
        0.14982453823559166
      ],
      [
        0.8274626201211718,
        0.8594591049368957,
        0.13540918162742055
      ],
      [
        0.7468602905418179,
        0.5458048927605517,
        0.1068339594566062
      ],
      [
        0.6720610191249884,
        0.4681600963055508,
        0.12124931606477733
      ],
      [
        0.8764650704792871,
        0.7076937217502764,
        0.15129144799854255
      ],
      [
        0.9553367639678365,
        0.7926763068843921,
        0.1368760913903714
      ],
      [
        0.9099514425702632,
        0.46588035350148166,
        0.10830086921955706
      ],
      [
        0.8172586171552035,
        0.39860751588583654,
        0.12271622582772819
      ]
    ],
    "keypoints_3d": [
      [
        0.03847016116620593,
        0.016773481714104137,
        0.12906270372757436
      ],
      [
        0.03592671109329282,
        0.036960465057408076,
        0.14982453823559166
      ],
      [
        0.041019039471899894,
        0.04502702387369993,
        0.13540918162742055
      ],
      [
        0.02430894817471827,
        0.004510521971034291,
        0.1068339594566062
      ],
      [
        0.019216619796111202,
        -0.0035560368452575777,
        0.12124931606477733
      ],
      [
        0.05263137415769358,
        0.029036441457173982,
        0.15129144799854255
      ],
      [
        0.05772370253630065,
        0.037103000273465844,
        0.1368760913903714
      ],
      [
        0.041013611239119036,
        -0.0034135016291997958,
        0.10830086921955706
      ],
      [
        0.03592128286051196,
        -0.011480060445491665,
        0.12271622582772819
      ]
    ],
    "model_matrix": [
      0.7013951652376629,
      0.147010923816402,
      -0.6974472098014876,
      -0.004589844282976966,
      0.3471974339320682,
      -0.9250309353991136,
      0.15418077190631857,
      -0.012104894254669025,
      -0.622493987161498,
      -0.3502935295338598,
      -0.6998540412932486,
      0.09536983763256367,
      0.0,
      0.0,
      0.0,
      1.0
    ],
    "view_matrix": [
      0.787844214188312,
      0.25885602397657137,
      0.5588336541593052,
      -0.008076206634790079,
      -0.08451534001090007,
      0.9442391012714801,
      -0.31822896934891,
      0.05816492907272986,
      -0.6100480730834604,
      0.20348483599784098,
      0.7657906176273568,
      0.055692513625512,
      0.0,
      0.0,
      0.0,
      1.0
    ],
    "camera_intrinsics": {
      "fx": 556.1963471682271,
      "fy": 556.1963471682271,
      "cx": 256.0,
      "cy": 256.0,
      "image_width": 512,
      "image_height": 512,
      "model": "SIMPLE_RADIAL",
      "dist": [
        -0.024223022595734018,
        0.0,
        0.0,
        0.0
      ]
    },
    "visibility": [
      1.0,
      1.0,
      1.0,
      1.0,
      1.0,
      1.0,
      1.0,
      1.0,
      1.0
    ],
    "keypoints_2d_visibility": [
      1.0,
      1.0,
      1.0,
      1.0,
      1.0,
      1.0,
      1.0,
      1.0,
      1.0
    ],
    "pose_6dof": {
      "translation": [
        -0.004589844282976966,
        -0.012104894254669025,
        0.09536983763256367
      ],
      "rotation": [
        0.7013951652376629,
        0.147010923816402,
        -0.6974472098014876,
        0.3471974339320682,
        -0.9250309353991136,
        0.15418077190631857,
        -0.622493987161498,
        -0.3502935295338598,
        -0.6998540412932486
      ]
    },
    "pose_9dof": {
      "translation": [
        -0.004589844282976966,
        -0.012104894254669025,
        0.09536983763256367
      ],
      "rotation": [
        0.7013951652376629,
        0.147010923816402,
        -0.6974472098014876,
        0.3471974339320682,
        -0.9250309353991136,
        0.15418077190631857,
        -0.622493987161498,
        -0.3502935295338598,
        -0.6998540412932486
      ],
      "scale": [
        0.017285938956070793,
        0.052319761082216844,
        0.01854690654435025
      ]
    }
  },
  {
    "frame_id": 4,
    "image": "frame_000004.png",
    "keypoints_2d": [
      [
        0.8089954423570164,
        0.6136865877477364,
        0.13004692237469534
      ],
      [
        0.7444432673494041,
        0.7386324423693581,
        0.15131357483803512
      ],
      [
        0.8097285948649467,
        0.8293542327300394,
        0.13718002823077893
      ],
      [
        0.7347406194617226,
        0.5185538945111471,
        0.10733471998434799
      ],
      [
        0.6609275977838399,
        0.44010932154279814,
        0.12146826659160417
      ],
      [
        0.8607225022052751,
        0.6801587742342381,
        0.15275912476504266
      ],
      [
        0.9364396156046408,
        0.7639529075412201,
        0.1386255781577865
      ],
      [
        0.8978018247357489,
        0.43990607150940986,
        0.10878026991135556
      ],
      [
        0.8067831036745772,
        0.37154562828429616,
        0.12291381651861172
      ]
    ],
    "keypoints_3d": [
      [
        0.036916919362740476,
        0.013582590605524504,
        0.13004692237469534
      ],
      [
        0.03399194217015721,
        0.03318389689722155,
        0.15131357483803512
      ],
      [
        0.03918851961916751,
        0.041671660366473094,
        0.13718002823077893
      ],
      [
        0.023097822023052696,
        0.0018256514540844065,
        0.10733471998434799
      ],
      [
        0.017901244574042397,
        -0.006662112015167143,
        0.12146826659160417
      ],
      [
        0.05073601670242825,
        0.0253395297569646,
        0.15275912476504266
      ],
      [
        0.055932594151438544,
        0.033827293226216144,
        0.1386255781577865
      ],
      [
        0.03984189655532373,
        -0.006018715686172543,
        0.10878026991135556
      ],
      [
        0.03464531910631344,
        -0.014506479155424107,
        0.12291381651861172
      ]
    ],
    "model_matrix": [
      0.7013951652376629,
      0.147010923816402,
      -0.6974472098014876,
      -0.004589844282976966,
      0.3471974339320682,
      -0.9250309353991136,
      0.15418077190631857,
      -0.012104894254669025,
      -0.622493987161498,
      -0.3502935295338598,
      -0.6998540412932486,
      0.09536983763256367,
      0.0,
      0.0,
      0.0,
      1.0
    ],
    "view_matrix": [
      0.7952966848799387,
      0.24967120617925131,
      0.5524196519168895,
      -0.00909472165400839,
      -0.06254508846926062,
      0.9401824978562504,
      -0.3348805497982141,
      0.0566138317659854,
      -0.6029853189981925,
      0.23177825508399091,
      0.7633397314059243,
      0.05728537868122809,
      0.0,
      0.0,
      0.0,
      1.0
    ],
    "camera_intrinsics": {
      "fx": 559.7464497290327,
      "fy": 559.7464497290327,
      "cx": 256.0,
      "cy": 256.0,
      "image_width": 512,
      "image_height": 512,
      "model": "SIMPLE_RADIAL",
      "dist": [
        -0.04757940332902303,
        0.0,
        0.0,
        0.0
      ]
    },
    "visibility": [
      1.0,
      1.0,
      1.0,
      1.0,
      1.0,
      1.0,
      1.0,
      1.0,
      1.0
    ],
    "keypoints_2d_visibility": [
      1.0,
      1.0,
      1.0,
      1.0,
      1.0,
      1.0,
      1.0,
      1.0,
      1.0
    ],
    "pose_6dof": {
      "translation": [
        -0.004589844282976966,
        -0.012104894254669025,
        0.09536983763256367
      ],
      "rotation": [
        0.7013951652376629,
        0.147010923816402,
        -0.6974472098014876,
        0.3471974339320682,
        -0.9250309353991136,
        0.15418077190631857,
        -0.622493987161498,
        -0.3502935295338598,
        -0.6998540412932486
      ]
    },
    "pose_9dof": {
      "translation": [
        -0.004589844282976966,
        -0.012104894254669025,
        0.09536983763256367
      ],
      "rotation": [
        0.7013951652376629,
        0.147010923816402,
        -0.6974472098014876,
        0.3471974339320682,
        -0.9250309353991136,
        0.15418077190631857,
        -0.622493987161498,
        -0.3502935295338598,
        -0.6998540412932486
      ],
      "scale": [
        0.017285938956070793,
        0.052319761082216844,
        0.01854690654435025
      ]
    }
  },
  {
    "frame_id": 5,
    "image": "frame_000005.png",
    "keypoints_2d": [
      [
        0.7970627519024909,
        0.6003121941147366,
        0.13036592773543837
      ],
      [
        0.7326352515208436,
        0.7247378142268714,
        0.1518254699575746
      ],
      [
        0.7972583611453066,
        0.8145761770177302,
        0.13784140396846198
      ],
      [
        0.7233563275608687,
        0.5054437802585939,
        0.10738660177538162
      ],
      [
        0.6498253861597125,
        0.42711756787571364,
        0.12137066776449423
      ],
      [
        0.8482312791960251,
        0.6663848581801921,
        0.15334525369549512
      ],
      [
        0.9229985726022045,
        0.7493668512219388,
        0.13936118770638248
      ],
      [
        0.8858404155201691,
        0.42694480505684024,
        0.10890638551330212
      ],
      [
        0.7954140074346969,
        0.3586458417656335,
        0.12289045150241473
      ]
    ],
    "keypoints_3d": [
      [
        0.035610474618426334,
        0.012024950349931528,
        0.13036592773543837
      ],
      [
        0.032486708747257946,
        0.03138385892745743,
        0.1518254699575746
      ],
      [
        0.037825698021956414,
        0.04002936513182764,
        0.13784140396846198
      ],
      [
        0.022008953969509616,
        0.0005364160059395107,
        0.10738660177538162
      ],
      [
        0.01666996469481114,
        -0.008109090198430723,
        0.12137066776449423
      ],
      [
        0.04921199526734305,
        0.02351348469392355,
        0.15334525369549512
      ],
      [
        0.05455098454204153,
        0.03215899089829377,
        0.13936118770638248
      ],
      [
        0.03873424048959473,
        -0.0073339582275943685,
        0.10890638551330212
      ],
      [
        0.033395251214896254,
        -0.015979464431964595,
        0.12289045150241473
      ]
    ],
    "model_matrix": [
      0.7013951652376629,
      0.147010923816402,
      -0.6974472098014876,
      -0.004589844282976966,
      0.3471974339320682,
      -0.9250309353991136,
      0.15418077190631857,
      -0.012104894254669025,
      -0.622493987161498,
      -0.3502935295338598,
      -0.6998540412932486,
      0.09536983763256367,
      0.0,
      0.0,
      0.0,
      1.0
    ],
    "view_matrix": [
      0.8011384503545874,
      0.24784421922068595,
      0.5447480393377648,
      -0.009664828642343262,
      -0.056130448125118845,
      0.9373248279359341,
      -0.3439062949818525,
      0.05591182577117965,
      -0.5958410494055639,
      0.2449396046656403,
      0.7648385672215516,
      0.057653548143477236,
      0.0,
      0.0,
      0.0,
      1.0
    ],
    "camera_intrinsics": {
      "fx": 559.1807083472555,
      "fy": 559.1807083472555,
      "cx": 256.0,
      "cy": 256.0,
      "image_width": 512,
      "image_height": 512,
      "model": "SIMPLE_RADIAL",
      "dist": [
        -0.05107353087668946,
        0.0,
        0.0,
        0.0
      ]
    },
    "visibility": [
      1.0,
      1.0,
      1.0,
      1.0,
      1.0,
      1.0,
      1.0,
      1.0,
      1.0
    ],
    "keypoints_2d_visibility": [
      1.0,
      1.0,
      1.0,
      1.0,
      1.0,
      1.0,
      1.0,
      1.0,
      1.0
    ],
    "pose_6dof": {
      "translation": [
        -0.004589844282976966,
        -0.012104894254669025,
        0.09536983763256367
      ],
      "rotation": [
        0.7013951652376629,
        0.147010923816402,
        -0.6974472098014876,
        0.3471974339320682,
        -0.9250309353991136,
        0.15418077190631857,
        -0.622493987161498,
        -0.3502935295338598,
        -0.6998540412932486
      ]
    },
    "pose_9dof": {
      "translation": [
        -0.004589844282976966,
        -0.012104894254669025,
        0.09536983763256367
      ],
      "rotation": [
        0.7013951652376629,
        0.147010923816402,
        -0.6974472098014876,
        0.3471974339320682,
        -0.9250309353991136,
        0.15418077190631857,
        -0.622493987161498,
        -0.3502935295338598,
        -0.6998540412932486
      ],
      "scale": [
        0.017285938956070793,
        0.052319761082216844,
        0.01854690654435025
      ]
    }
  },
  {
    "frame_id": 6,
    "image": "frame_000006.png",
    "keypoints_2d": [
      [
        0.7903414042092034,
        0.5987999932103403,
        0.13062843135792604
      ],
      [
        0.7262637227446896,
        0.7229780280163416,
        0.1520862664138744
      ],
      [
        0.7907360826579786,
        0.8124820614643402,
        0.13813758436488444
      ],
      [
        0.7167970791946638,
        0.5042186635470736,
        0.10756808814743846
      ],
      [
        0.6434992927731857,
        0.4261595641384759,
        0.12151677019642843
      ],
      [
        0.8414097097968221,
        0.6646683774455626,
        0.15368877456841362
      ],
      [
        0.915956649043875,
        0.7473104364537373,
        0.13974009251942365
      ],
      [
        0.8786670859393071,
        0.42588674741203764,
        0.10917059630197767
      ],
      [
        0.7886011583908759,
        0.35783269119926486,
        0.12311927835096764
      ]
    ],
    "keypoints_3d": [
      [
        0.034910412068796824,
        0.011879630067787555,
        0.13062843135792604
      ],
      [
        0.031683621439344674,
        0.0312235268794417,
        0.1520862664138744
      ],
      [
        0.03710182822959905,
        0.03987690713615249,
        0.13813758436488444
      ],
      [
        0.021424726904671468,
        0.00041690466834005957,
        0.10756808814743846
      ],
      [
        0.01600652011441709,
        -0.008236475588370727,
        0.12151677019642843
      ],
      [
        0.04839609723292219,
        0.02334235546723505,
        0.15368877456841362
      ],
      [
        0.05381430402317656,
        0.031995735723945845,
        0.13974009251942365
      ],
      [
        0.03813720269824898,
        -0.0074642667438665836,
        0.10917059630197767
      ],
      [
        0.032718995907994604,
        -0.016117647000577377,
        0.12311927835096764
      ]
    ],
    "model_matrix": [
      0.7013951652376629,
      0.147010923816402,
      -0.6974472098014876,
      -0.004589844282976966,
      0.3471974339320682,
      -0.9250309353991136,
      0.15418077190631857,
      -0.012104894254669025,
      -0.622493987161498,
      -0.3502935295338598,
      -0.6998540412932486,
      0.09536983763256367,
      0.0,
      0.0,
      0.0,
      1.0
    ],
    "view_matrix": [
      0.8042634191771243,
      0.24707291138314147,
      0.5404769458859273,
      -0.009952551182484191,
      -0.05612439738614931,
      0.9369902317069682,
      -0.3448178616367832,
      0.055849418972887706,
      -0.5916167717294387,
      0.24699044950438973,
      0.7674537857500324,
      0.057710852836177294,
      0.0,
      0.0,
      0.0,
      1.0
    ],
    "camera_intrinsics": {
      "fx": 558.3585367128366,
      "fy": 558.3585367128366,
      "cx": 256.0,
      "cy": 256.0,
      "image_width": 512,
      "image_height": 512,
      "model": "SIMPLE_RADIAL",
      "dist": [
        -0.04762626971059248,
        0.0,
        0.0,
        0.0
      ]
    },
    "visibility": [
      1.0,
      1.0,
      1.0,
      1.0,
      1.0,
      1.0,
      1.0,
      1.0,
      1.0
    ],
    "keypoints_2d_visibility": [
      1.0,
      1.0,
      1.0,
      1.0,
      1.0,
      1.0,
      1.0,
      1.0,
      1.0
    ],
    "pose_6dof": {
      "translation": [
        -0.004589844282976966,
        -0.012104894254669025,
        0.09536983763256367
      ],
      "rotation": [
        0.7013951652376629,
        0.147010923816402,
        -0.6974472098014876,
        0.3471974339320682,
        -0.9250309353991136,
        0.15418077190631857,
        -0.622493987161498,
        -0.3502935295338598,
        -0.6998540412932486
      ]
    },
    "pose_9dof": {
      "translation": [
        -0.004589844282976966,
        -0.012104894254669025,
        0.09536983763256367
      ],
      "rotation": [
        0.7013951652376629,
        0.147010923816402,
        -0.6974472098014876,
        0.3471974339320682,
        -0.9250309353991136,
        0.15418077190631857,
        -0.622493987161498,
        -0.3502935295338598,
        -0.6998540412932486
      ],
      "scale": [
        0.017285938956070793,
        0.052319761082216844,
        0.01854690654435025
      ]
    }
  },
  {
    "frame_id": 7,
    "image": "frame_000007.png",
    "keypoints_2d": [
      [
        0.7780308812186937,
        0.588021337844348,
        0.1310930441666242
      ],
      [
        0.713868613622524,
        0.7119157795415408,
        0.15270788523804563
      ],
      [
        0.7778312575440949,
        0.8009004051418649,
        0.1389078624606477
      ],
      [
        0.7049191519479479,
        0.4935339880602402,
        0.10777074554494964
      ],
      [
        0.6317776285047646,
        0.41526528752233116,
        0.12157076832234756
      ],
      [
        0.8286573429096682,
        0.6536479179416379,
        0.1544153427882988
      ],
      [
        0.9024310600763554,
        0.7358190373788731,
        0.14061532001090088
      ],
      [
        0.8665575136462547,
        0.4153409617194185,
        0.1094782030952028
      ],
      [
        0.7769475085980662,
        0.34703029043824785,
        0.1232782258726007
      ]
    ],
    "keypoints_3d": [
      [
        0.03346541805394133,
        0.010594761472957764,
        0.1310930441666242
      ],
      [
        0.029994180431546315,
        0.029720303602282984,
        0.15270788523804563
      ],
      [
        0.03556262828574083,
        0.038515498053312544,
        0.1389078624606477
      ],
      [
        0.020239754221029624,
        -0.0006386445151999459,
        0.10777074554494964
      ],
      [
        0.014671306366835108,
        -0.009433838966229506,
        0.12157076832234756
      ],
      [
        0.04669108188685303,
        0.02182816746111548,
        0.1544153427882988
      ],
      [
        0.05225952974104754,
        0.030623361912145042,
        0.14061532001090088
      ],
      [
        0.03693665567633635,
        -0.008530780656367455,
        0.1094782030952028
      ],
      [
        0.03136820782214182,
        -0.017325975107397022,
        0.1232782258726007
      ]
    ],
    "model_matrix": [
      0.7013951652376629,
      0.147010923816402,
      -0.6974472098014876,
      -0.004589844282976966,
      0.3471974339320682,
      -0.9250309353991136,
      0.15418077190631857,
      -0.012104894254669025,
      -0.622493987161498,
      -0.3502935295338598,
      -0.6998540412932486,
      0.09536983763256367,
      0.0,
      0.0,
      0.0,
      1.0
    ],
    "view_matrix": [
      0.8107692703205938,
      0.24395719733003146,
      0.5321072036485581,
      -0.010607178784599313,
      -0.04992303853116159,
      0.9345220908272224,
      -0.3523863674714632,
      0.05528494423776476,
      -0.5832331270835258,
      0.2591396295953072,
      0.769860878240724,
      0.058131445788601695,
      0.0,
      0.0,
      0.0,
      1.0
    ],
    "camera_intrinsics": {
      "fx": 559.6603500734982,
      "fy": 559.6603500734982,
      "cx": 256.0,
      "cy": 256.0,
      "image_width": 512,
      "image_height": 512,
      "model": "SIMPLE_RADIAL",
      "dist": [
        -0.05058931588089835,
        0.0,
        0.0,
        0.0
      ]
    },
    "visibility": [
      1.0,
      1.0,
      1.0,
      1.0,
      1.0,
      1.0,
      1.0,
      1.0,
      1.0
    ],
    "keypoints_2d_visibility": [
      1.0,
      1.0,
      1.0,
      1.0,
      1.0,
      1.0,
      1.0,
      1.0,
      1.0
    ],
    "pose_6dof": {
      "translation": [
        -0.004589844282976966,
        -0.012104894254669025,
        0.09536983763256367
      ],
      "rotation": [
        0.7013951652376629,
        0.147010923816402,
        -0.6974472098014876,
        0.3471974339320682,
        -0.9250309353991136,
        0.15418077190631857,
        -0.622493987161498,
        -0.3502935295338598,
        -0.6998540412932486
      ]
    },
    "pose_9dof": {
      "translation": [
        -0.004589844282976966,
        -0.012104894254669025,
        0.09536983763256367
      ],
      "rotation": [
        0.7013951652376629,
        0.147010923816402,
        -0.6974472098014876,
        0.3471974339320682,
        -0.9250309353991136,
        0.15418077190631857,
        -0.622493987161498,
        -0.3502935295338598,
        -0.6998540412932486
      ],
      "scale": [
        0.017285938956070793,
        0.052319761082216844,
        0.01854690654435025
      ]
    }
  },
  {
    "frame_id": 8,
    "image": "frame_000008.png",
    "keypoints_2d": [
      [
        0.7736436406642773,
        0.5807631913429577,
        0.13123663190072743
      ],
      [
        0.7096091859789853,
        0.704593391225397,
        0.15295131340233128
      ],
      [
        0.7734809262881565,
        0.7932303794142914,
        0.13922551411509523
      ],
      [
        0.7005992711608837,
        0.4863550535283248,
        0.10779691850656999
      ],
      [
        0.6274416970639987,
        0.4081886960304881,
        0.12152271779380602
      ],
      [
        0.824175703359625,
        0.6462663104456716,
        0.15467634529488486
      ],
      [
        0.8977854454369092,
        0.7281236278417216,
        0.1409505460076488
      ],
      [
        0.8621341342509745,
        0.4080019062843317,
        0.10952195039912355
      ],
      [
        0.7725871076307564,
        0.3397720980642425,
        0.1232477496863596
      ]
    ],
    "keypoints_3d": [
      [
        0.03296566353455002,
        0.009729486807460073,
        0.13123663190072743
      ],
      [
        0.029435011076585846,
        0.028730652756409226,
        0.15295131340233128
      ],
      [
        0.035068080678444885,
        0.03760052571943005,
        0.13922551411509523
      ],
      [
        0.019816208213144518,
        -0.0013479166637802367,
        0.10779691850656999
      ],
      [
        0.014183138611285478,
        -0.010217789626801074,
        0.12152271779380602
      ],
      [
        0.046115118855955525,
        0.02080689027870039,
        0.15467634529488486
      ],
      [
        0.05174818845781456,
        0.029676763241721225,
        0.1409505460076488
      ],
      [
        0.0364963159925142,
        -0.009271679141489075,
        0.10952195039912355
      ],
      [
        0.030863246390655158,
        -0.018141552104509906,
        0.1232477496863596
      ]
    ],
    "model_matrix": [
      0.7013951652376629,
      0.147010923816402,
      -0.6974472098014876,
      -0.004589844282976966,
      0.3471974339320682,
      -0.9250309353991136,
      0.15418077190631857,
      -0.012104894254669025,
      -0.622493987161498,
      -0.3502935295338598,
      -0.6998540412932486,
      0.09536983763256367,
      0.0,
      0.0,
      0.0,
      1.0
    ],
    "view_matrix": [
      0.812959352071959,
      0.24413943411282818,
      0.5286710022214276,
      -0.010766965240621575,
      -0.04750418437154803,
      0.9326481111331435,
      -0.3576462683532061,
      0.05490972330322591,
      -0.5803795692009968,
      0.26563779382995867,
      0.7698026488283979,
      0.058372343829547084,
      0.0,
      0.0,
      0.0,
      1.0
    ],
    "camera_intrinsics": {
      "fx": 559.6359974076194,
      "fy": 559.6359974076194,
      "cx": 256.0,
      "cy": 256.0,
      "image_width": 512,
      "image_height": 512,
      "model": "SIMPLE_RADIAL",
      "dist": [
        -0.04882932841251299,
        0.0,
        0.0,
        0.0
      ]
    },
    "visibility": [
      1.0,
      1.0,
      1.0,
      1.0,
      1.0,
      1.0,
      1.0,
      1.0,
      1.0
    ],
    "keypoints_2d_visibility": [
      1.0,
      1.0,
      1.0,
      1.0,
      1.0,
      1.0,
      1.0,
      1.0,
      1.0
    ],
    "pose_6dof": {
      "translation": [
        -0.004589844282976966,
        -0.012104894254669025,
        0.09536983763256367
      ],
      "rotation": [
        0.7013951652376629,
        0.147010923816402,
        -0.6974472098014876,
        0.3471974339320682,
        -0.9250309353991136,
        0.15418077190631857,
        -0.622493987161498,
        -0.3502935295338598,
        -0.6998540412932486
      ]
    },
    "pose_9dof": {
      "translation": [
        -0.004589844282976966,
        -0.012104894254669025,
        0.09536983763256367
      ],
      "rotation": [
        0.7013951652376629,
        0.147010923816402,
        -0.6974472098014876,
        0.3471974339320682,
        -0.9250309353991136,
        0.15418077190631857,
        -0.622493987161498,
        -0.3502935295338598,
        -0.6998540412932486
      ],
      "scale": [
        0.017285938956070793,
        0.052319761082216844,
        0.01854690654435025
      ]
    }
  },
  {
    "frame_id": 9,
    "image": "frame_000009.png",
    "keypoints_2d": [
      [
        0.7704087201364875,
        0.578594103291322,
        0.13138711796423308
      ],
      [
        0.7064819291654671,
        0.7022417109763526,
        0.15312806665170697
      ],
      [
        0.7701551247330116,
        0.7906762658448911,
        0.13943175531750573
      ],
      [
        0.6974693831557526,
        0.48428270080351415,
        0.10789638028648552
      ],
      [
        0.624495634490321,
        0.4061914462912925,
        0.12159269162068675
      ],
      [
        0.820856447717863,
        0.6440124848285979,
        0.1548778556419806
      ],
      [
        0.8942127641116256,
        0.7256876193644619,
        0.14118154430777935
      ],
      [
        0.8587651258113727,
        0.4060905150738864,
        0.10964616927675915
      ],
      [
        0.7694785123652252,
        0.33790527718065877,
        0.12334248061096037
      ]
    ],
    "keypoints_3d": [
      [
        0.03262506628981372,
        0.009482452446702185,
        0.13138711796423308
      ],
      [
        0.02903962380925222,
        0.028443279414472902,
        0.15312806665170697
      ],
      [
        0.03470319680104335,
