[
  {
    "frame_id": 0,
    "image": "frame_000000.png",
    "keypoints_2d": [
      [
        0.31834461741790965,
        0.4684706291308178,
        0.010863424315457792
      ],
      [
        0.22978358514099922,
        0.3617441184679486,
        0.009665092115913109
      ],
      [
        0.26492507384433384,
        0.5820912464530286,
        0.011608607306225743
      ],
      [
        0.35853483762121335,
        0.6061893130305799,
        0.011370507482532034
      ],
      [
        0.3419436398049833,
        0.3854663071749868,
        0.009426992292219404
      ],
      [
        0.27399627766159734,
        0.3170722498549049,
        0.010356341148383547
      ],
      [
        0.3002193705650473,
        0.5320849326422024,
        0.01229985633869618
      ],
      [
        0.38909658272840125,
        0.5538399618160471,
        0.012061756515002471
      ],
      [
        0.3794632475342842,
        0.3381455716658832,
        0.01011824132468984
      ]
    ],
    "keypoints_3d": [
      [
        -0.002000000049372418,
        -0.00034713391036761236,
        0.010863424315457792
      ],
      [
        -0.0026437613824111805,
        -0.0013526771150315902,
        0.009665092115913109
      ],
      [
        -0.0027641088963417534,
        0.0009652630688580582,
        0.011608607306225743
      ],
      [
        -0.0016303023687234072,
        0.0012237690584436496,
        0.011370507482532034
      ],
      [
        -0.0015099548547928324,
        -0.0010941711254459988,
        0.009426992292219404
      ],
      [
        -0.0023696977300214283,
        -0.0019180368791788748,
        0.010356341148383547
      ],
      [
        -0.002490045243952002,
        0.00039990330471077404,
        0.01229985633869618
      ],
      [
        -0.001356238716333655,
        0.0006584092942963655,
        0.012061756515002471
      ],
      [
        -0.001235891202403081,
        -0.001659530889593283,
        0.01011824132468984
      ]
    ],
    "model_matrix": [
      0.086673794294166,
      0.8701944880523679,
      0.4850249543538243,
      -0.007264512516819085,
      0.630334187823276,
      -0.4249162099068666,
      0.6497114946032234,
      0.0039702398149545825,
      0.771470326742269,
      0.24941485024284438,
      -0.5853424360445054,
      0.013842171239533062,
      0.0,
      0.0,
      0.0,
      1.0
    ],
    "view_matrix": [
      0.6854296856744577,
      -0.6215449371981413,
      0.37929940289904573,
      0.00019666765207532313,
      0.5494265239092614,
      0.7833255024585829,
      0.29074327511224496,
      -0.0034903263491331184,
      -0.47782490602855765,
      0.009113080783532707,
      0.8784078272291481,
      -0.004802993374050289,
      0.0,
      0.0,
      0.0,
      1.0
    ],
    "camera_intrinsics": {
      "fx": 504.8415774144683,
      "fy": 504.8415774144683,
      "cx": 256.0,
      "cy": 256.0,
      "image_width": 512,
      "image_height": 512,
      "model": "SIMPLE_RADIAL",
      "dist": [
        0.01978144226675583,
        0.0,
        0.0,
        0.0
      ]
    },
    "visibility": [
      1.0,
      1.0,
      1.0,
      1.0,
      1.0,
      1.0,
      1.0,
      1.0,
      1.0
    ],
    "keypoints_2d_visibility": [
      1.0,
      1.0,
      1.0,
      1.0,
      1.0,
      1.0,
      1.0,
      1.0,
      1.0
    ],
    "pose_6dof": {
      "translation": [
        -0.007264512516819085,
        0.0039702398149545825,
        0.013842171239533062
      ],
      "rotation": [
        0.086673794294166,
        0.8701944880523679,
        0.4850249543538243,
        0.630334187823276,
        -0.4249162099068666,
        0.6497114946032234,
        0.771470326742269,
        0.24941485024284438,
        -0.5853424360445054
      ]
    },
    "pose_9dof": {
      "translation": [
        -0.007264512516819085,
        0.0039702398149545825,
        0.013842171239533062
      ],
      "rotation": [
        0.086673794294166,
        0.8701944880523679,
        0.4850249543538243,
        0.630334187823276,
        -0.4249162099068666,
        0.6497114946032234,
        0.771470326742269,
        0.24941485024284438,
        -0.5853424360445054
      ],
      "scale": [
        0.003027305983077296,
        0.001187027427974845,
        0.0009341133621617875
      ]
    }
  },
  {
    "frame_id": 1,
    "image": "frame_000001.png",
    "keypoints_2d": [
      [
        0.31821148777811387,
        0.4696744655500848,
        0.010860887000596698
      ],
      [
        0.22975197996755037,
        0.36299937551693506,
        0.009662827270224592
      ],
      [
        0.26471051691191855,
        0.5832647378849398,
        0.011604862197313945
      ],
      [
        0.35833989974218156,
        0.6074138124849873,
        0.011367207009946903
      ],
      [
        0.3419140902459908,
        0.3867663567214804,
        0.009425172082857551
      ],
      [
        0.27396140736937746,
        0.3182957863974423,
        0.010354566991246492
      ],
      [
        0.30000965322387674,
        0.5332206151240604,
        0.012296601918335844
      ],
      [
        0.3889061527704846,
        0.5550205220830775,
        0.012058946730968806
      ],
      [
        0.3794296326808886,
        0.33940814915667317,
        0.01011691180387945
      ]
    ],
    "keypoints_3d": [
      [
        -0.0020010204666829697,
        -0.00033380555435380457,
        0.010860887000596698
      ],
      [
        -0.0026438370061267653,
        -0.0013402774267404901,
        0.009662827270224592
      ],
      [
        -0.0027659268851124743,
        0.0009788120322045285,
        0.011604862197313945
      ],
      [
        -0.0016320731230282516,
        0.0012375199232507162,
        0.011367207009946903
      ],
      [
        -0.001509983244042542,
        -0.0010815695356943028,
        0.009425172082857551
      ],
      [
        -0.0023699678103376886,
        -0.0019051310319583255,
        0.010354566991246492
      ],
      [
        -0.0024920576893233955,
        0.0004139584269866941,
        0.012296601918335844
      ],
      [
        -0.001358203927239174,
        0.0006726663180328806,
        0.012058946730968806
      ],
      [
        -0.001236114048253465,
        -0.0016464231409121385,
        0.01011691180387945
      ]
    ],
    "model_matrix": [
      0.086673794294166,
      0.8701944880523679,
      0.4850249543538243,
      -0.007264512516819085,
      0.630334187823276,
      -0.4249162099068666,
      0.6497114946032234,
      0.0039702398149545825,
      0.771470326742269,
      0.24941485024284438,
      -0.5853424360445054,
      0.013842171239533062,
      0.0,
      0.0,
      0.0,
      1.0
    ],
    "view_matrix": [
      0.6855153963738855,
      -0.6217893822271076,
      0.37874345602793824,
      0.00020493589839011174,
      0.5493446240192273,
      0.7831404733193139,
      0.291395749986809,
      -0.003485890014783145,
      -0.4777961127882149,
      0.008304408397537433,
      0.8784315063826197,
      -0.004802438667649541,
      0.0,
      0.0,
      0.0,
      1.0
    ],
    "camera_intrinsics": {
      "fx": 504.8747949090279,
      "fy": 504.8747949090279,
      "cx": 256.0,
      "cy": 256.0,
      "image_width": 512,
      "image_height": 512,
      "model": "SIMPLE_RADIAL",
      "dist": [
        0.017591629248495572,
        0.0,
        0.0,
        0.0
      ]
    },
    "visibility": [
      1.0,
      1.0,
      1.0,
      1.0,
      1.0,
      1.0,
      1.0,
      1.0,
      1.0
    ],
    "keypoints_2d_visibility": [
      1.0,
      1.0,
      1.0,
      1.0,
      1.0,
      1.0,
      1.0,
      1.0,
      1.0
    ],
    "pose_6dof": {
      "translation": [
        -0.007264512516819085,
        0.0039702398149545825,
        0.013842171239533062
      ],
      "rotation": [
        0.086673794294166,
        0.8701944880523679,
        0.4850249543538243,
        0.630334187823276,
        -0.4249162099068666,
        0.6497114946032234,
        0.771470326742269,
        0.24941485024284438,
        -0.5853424360445054
      ]
    },
    "pose_9dof": {
      "translation": [
        -0.007264512516819085,
        0.0039702398149545825,
        0.013842171239533062
      ],
      "rotation": [
        0.086673794294166,
        0.8701944880523679,
        0.4850249543538243,
        0.630334187823276,
        -0.4249162099068666,
        0.6497114946032234,
        0.771470326742269,
        0.24941485024284438,
        -0.5853424360445054
      ],
      "scale": [
        0.003027305983077296,
        0.001187027427974845,
        0.0009341133621617875
      ]
    }
  },
  {
    "frame_id": 2,
    "image": "frame_000002.png",
    "keypoints_2d": [
      [
        0.31505953790428415,
        0.4716690552050201,
        0.010888891342029874
      ],
      [
        0.22649610908686257,
        0.36510158202961907,
        0.009690461361863365
      ],
      [
        0.2614703693046858,
        0.5852806148432294,
        0.01162929886045961
      ],
      [
        0.3552159731972598,
        0.6093950116619189,
        0.011394190151377295
      ],
      [
        0.33874778788352583,
        0.3889337845366288,
        0.009455352652781052
      ],
      [
        0.27074437467586715,
        0.3203309497167872,
        0.010383592532682452
      ],
      [
        0.2968390105058356,
        0.5351537335687347,
        0.012322430031278694
      ],
      [
        0.38582281119809636,
        0.5569389840160046,
        0.012087321322196379
      ],
      [
        0.3762727758182364,
        0.34152486701075846,
        0.010148483823600136
      ]
    ],
    "keypoints_3d": [
      [
        -0.002035636602484082,
        -0.000311838240015694,
        0.010888891342029874
      ],
      [
        -0.0026756168785415715,
        -0.0013196758656890094,
        0.009690461361863365
      ],
      [
        -0.002802167471358793,
        0.0010018485508679785,
        0.01162929886045961
      ],
      [
        -0.0016676664341228988,
        0.0012600449996989036,
        0.011394190151377295
      ],
      [
        -0.0015411158413056768,
        -0.0010614794168580842,
        0.009455352652781052
      ],
      [
        -0.0024036067708452648,
        -0.0018837214797302925,
        0.010383592532682452
      ],
      [
        -0.002530157363662487,
        0.0004378029368266971,
        0.012322430031278694
      ],
      [
        -0.0013956563264265916,
        0.0006959993856576214,
        0.012087321322196379
      ],
      [
        -0.001269105733609371,
        -0.0016255250308993667,
        0.010148483823600136
      ]
    ],
    "model_matrix": [
      0.086673794294166,
      0.8701944880523679,
      0.4850249543538243,
      -0.007264512516819085,
      0.630334187823276,
      -0.4249162099068666,
      0.6497114946032234,
      0.0039702398149545825,
      0.771470326742269,
      0.24941485024284438,
      -0.5853424360445054,
      0.013842171239533062,
      0.0,
      0.0,
      0.0,
      1.0
    ],
    "view_matrix": [
      0.6868274970201633,
      -0.6216568113525506,
      0.3765777452744614,
      0.00020930333509766615,
      0.5486198689761982,
      0.7832685615185011,
      0.2924151157195489,
      -0.0034838064684232844,
      -0.47674335727050976,
      0.005759291251307835,
      0.8790236639947333,
      -0.004764878592220832,
      0.0,
      0.0,
      0.0,
      1.0
    ],
    "camera_intrinsics": {
      "fx": 506.1045654321008,
      "fy": 506.1045654321008,
      "cx": 256.0,
      "cy": 256.0,
      "image_width": 512,
      "image_height": 512,
      "model": "SIMPLE_RADIAL",
      "dist": [
        0.02222144877896099,
        0.0,
        0.0,
        0.0
      ]
    },
    "visibility": [
      1.0,
      1.0,
      1.0,
      1.0,
      1.0,
      1.0,
      1.0,
      1.0,
      1.0
    ],
    "keypoints_2d_visibility": [
      1.0,
      1.0,
      1.0,
      1.0,
      1.0,
      1.0,
      1.0,
      1.0,
      1.0
    ],
    "pose_6dof": {
      "translation": [
        -0.007264512516819085,
        0.0039702398149545825,
        0.013842171239533062
      ],
      "rotation": [
        0.086673794294166,
        0.8701944880523679,
        0.4850249543538243,
        0.630334187823276,
        -0.4249162099068666,
        0.6497114946032234,
        0.771470326742269,
        0.24941485024284438,
        -0.5853424360445054
      ]
    },
    "pose_9dof": {
      "translation": [
        -0.007264512516819085,
        0.0039702398149545825,
        0.013842171239533062
      ],
      "rotation": [
        0.086673794294166,
        0.8701944880523679,
        0.4850249543538243,
        0.630334187823276,
        -0.4249162099068666,
        0.6497114946032234,
        0.771470326742269,
        0.24941485024284438,
        -0.5853424360445054
      ],
      "scale": [
        0.003027305983077296,
        0.001187027427974845,
        0.0009341133621617875
      ]
    }
  },
  {
    "frame_id": 3,
    "image": "frame_000003.png",
    "keypoints_2d": [
      [
        0.310029513268559,
        0.47385206790755174,
        0.010868282341555256
      ],
      [
        0.2215227144308996,
        0.36710534735893124,
        0.009668699850692956
      ],
      [
        0.25616583063783355,
        0.5876025692150963,
        0.011600586498394076
      ],
      [
        0.3501053012584038,
        0.6117341492635374,
        0.011371619539235291
      ],
      [
        0.3339730053264569,
        0.3910348615641177,
        0.009439732891534172
      ],
      [
        0.26585134025215534,
        0.32241073157247757,
        0.010364945143875221
      ],
      [
        0.29161158076180727,
        0.5374286270721761,
        0.01229683179157634
      ],
      [
        0.38074090103427494,
        0.55924034378634,
        0.012067864832417556
      ],
      [
        0.3715087965899192,
        0.34370954808480847,
        0.010135978184716437
      ]
    ],
    "keypoints_3d": [
      [
        -0.0020892626332305285,
        -0.0002875704452672749,
        0.010868282341555256
      ],
      [
        -0.0027216508900693255,
        -0.0012988235248948873,
        0.009668699850692956
      ],
      [
        -0.0028607195861337256,
        0.0010277738604265773,
        0.011600586498394076
      ],
      [
        -0.0017249213738879088,
        0.0012857867814932544,
        0.011371619539235291
      ],
      [
        -0.0015858526778235076,
        -0.0010408106038282097,
        0.009439732891534172
      ],
      [
        -0.002453603892573148,
        -0.001860927672027805,
        0.010364945143875221
      ],
      [
        -0.002592672588637549,
        0.00046566971329365953,
        0.01229683179157634
      ],
      [
        -0.0014568743763917322,
        0.0007236826343603366,
        0.012067864832417556
      ],
      [
        -0.0013178056803273316,
        -0.0016029147509611273,
        0.010135978184716437
      ]
    ],
    "model_matrix": [
      0.086673794294166,
      0.8701944880523679,
      0.4850249543538243,
      -0.007264512516819085,
      0.630334187823276,
      -0.4249162099068666,
      0.6497114946032234,
      0.0039702398149545825,
      0.771470326742269,
      0.24941485024284438,
      -0.5853424360445054,
      0.013842171239533062,
      0.0,
      0.0,
      0.0,
      1.0
    ],
    "view_matrix": [
      0.6894778256957067,
      -0.6219711343755915,
      0.37117682562016285,
      0.0002509390426749828,
      0.5476224908052673,
      0.7830401683471131,
      0.2948859140738328,
      -0.003500078578137441,
      -0.47405689050804434,
      -5.2521088611395816e-05,
      0.8804942145201066,
      -0.004763253044713109,
      0.0,
      0.0,
      0.0,
      1.0
    ],
    "camera_intrinsics": {
      "fx": 505.62205258835706,
      "fy": 505.62205258835706,
      "cx": 256.0,
      "cy": 256.0,
      "image_width": 512,
      "image_height": 512,
      "model": "SIMPLE_RADIAL",
      "dist": [
        0.01822694538356743,
        0.0,
        0.0,
        0.0
      ]
    },
    "visibility": [
      1.0,
      1.0,
      1.0,
      1.0,
      1.0,
      1.0,
      1.0,
      1.0,
      1.0
    ],
    "keypoints_2d_visibility": [
      1.0,
      1.0,
      1.0,
      1.0,
      1.0,
      1.0,
      1.0,
      1.0,
      1.0
    ],
    "pose_6dof": {
      "translation": [
        -0.007264512516819085,
        0.0039702398149545825,
        0.013842171239533062
      ],
      "rotation": [
        0.086673794294166,
        0.8701944880523679,
        0.4850249543538243,
        0.630334187823276,
        -0.4249162099068666,
        0.6497114946032234,
        0.771470326742269,
        0.24941485024284438,
        -0.5853424360445054
      ]
    },
    "pose_9dof": {
      "translation": [
        -0.007264512516819085,
        0.0039702398149545825,
        0.013842171239533062
      ],
      "rotation": [
        0.086673794294166,
        0.8701944880523679,
        0.4850249543538243,
        0.630334187823276,
        -0.4249162099068666,
        0.6497114946032234,
        0.771470326742269,
        0.24941485024284438,
        -0.5853424360445054
      ],
      "scale": [
        0.003027305983077296,
        0.001187027427974845,
        0.0009341133621617875
      ]
    }
  },
  {
    "frame_id": 4,
    "image": "frame_000004.png",
    "keypoints_2d": [
      [
        0.3131618610037794,
        0.4782876237822611,
        0.01088012288238497
      ],
      [
        0.22563214918766733,
        0.37145628399124353,
        0.00968756027738707
      ],
      [
        0.2587614774981618,
        0.5917335655766406,
        0.011605553369322827
      ],
      [
        0.3524647617183607,
        0.616181149407802,
        0.011373435524646893
      ],
      [
        0.33764325242905124,
        0.395650829864845,
        0.00945544243271114
      ],
      [
        0.26992796452613316,
        0.3271467901334395,
        0.010386810240123046
      ],
      [
        0.2943128179840508,
        0.5417925007410601,
        0.0123048033320588
      ],
      [
        0.38321113402352347,
        0.5638868648483926,
        0.01207268548738287
      ],
      [
        0.3751713285649897,
        0.3486839268307041,
        0.010154692395447112
      ]
    ],
    "keypoints_3d": [
      [
        -0.0020589854052749964,
        -0.0002392737691904994,
        0.01088012288238497
      ],
      [
        -0.0026894094567877086,
        -0.0012600116391954601,
        0.00968756027738707
      ],
      [
        -0.0028341317787472487,
        0.001077709358697348,
        0.011605553369322827
      ],
      [
        -0.0016995826056865576,
        0.0013383884619159853,
        0.011373435524646893
      ],
      [
        -0.0015548602837270153,
        -0.0009993325359768236,
        0.00945544243271114
      ],
      [
        -0.002418388204863436,
        -0.0018169360002969835,
        0.010386810240123046
      ],
      [
        -0.0025631105268229776,
        0.0005207849975958265,
        0.0123048033320588
      ],
      [
        -0.0014285613537622852,
        0.0007814641008144613,
        0.01207268548738287
      ],
      [
        -0.0012838390318027433,
        -0.0015562568970783472,
        0.010154692395447112
      ]
    ],
    "model_matrix": [
      0.086673794294166,
      0.8701944880523679,
      0.4850249543538243,
      -0.007264512516819085,
      0.630334187823276,
      -0.4249162099068666,
      0.6497114946032234,
      0.0039702398149545825,
      0.771470326742269,
      0.24941485024284438,
      -0.5853424360445054,
      0.013842171239533062,
      0.0,
      0.0,
      0.0,
      1.0
    ],
    "view_matrix": [
      0.6868559651823505,
      -0.6247699040699343,
      0.3713373803724408,
      0.0002710590926129011,
      0.5472059814545746,
      0.7807991417135436,
      0.30152663922069883,
      -0.003537832280922766,
      -0.47832467734140316,
      -0.003907335132651291,
      0.8781743766350757,
      -0.004734999765304,
      0.0,
      0.0,
      0.0,
      1.0
    ],
    "camera_intrinsics": {
      "fx": 505.1682397637661,
      "fy": 505.1682397637661,
      "cx": 256.0,
      "cy": 256.0,
      "image_width": 512,
      "image_height": 512,
      "model": "SIMPLE_RADIAL",
      "dist": [
        0.017767643734439512,
        0.0,
        0.0,
        0.0
      ]
    },
    "visibility": [
      1.0,
      1.0,
      1.0,
      1.0,
      1.0,
      1.0,
      1.0,
      1.0,
      1.0
    ],
    "keypoints_2d_visibility": [
      1.0,
      1.0,
      1.0,
      1.0,
      1.0,
      1.0,
      1.0,
      1.0,
      1.0
    ],
    "pose_6dof": {
      "translation": [
        -0.007264512516819085,
        0.0039702398149545825,
        0.013842171239533062
      ],
      "rotation": [
        0.086673794294166,
        0.8701944880523679,
        0.4850249543538243,
        0.630334187823276,
        -0.4249162099068666,
        0.6497114946032234,
        0.771470326742269,
        0.24941485024284438,
        -0.5853424360445054
      ]
    },
    "pose_9dof": {
      "translation": [
        -0.007264512516819085,
        0.0039702398149545825,
        0.013842171239533062
      ],
      "rotation": [
        0.086673794294166,
        0.8701944880523679,
        0.4850249543538243,
        0.630334187823276,
        -0.4249162099068666,
        0.6497114946032234,
        0.771470326742269,
        0.24941485024284438,
        -0.5853424360445054
      ],
      "scale": [
        0.003027305983077296,
        0.001187027427974845,
        0.0009341133621617875
      ]
    }
  },
  {
    "frame_id": 5,
    "image": "frame_000005.png",
    "keypoints_2d": [
      [
        0.31673786110737473,
        0.4776643135335062,
        0.010898161302489402
      ],
      [
        0.22956646815161708,
        0.3709045641260418,
        0.009706959001450677
      ],
      [
        0.262269693628401,
        0.5908712990204874,
        0.011626768337496065
      ],
      [
        0.35578160735992603,
        0.6154396885097518,
        0.011391285846011016
      ],
      [
        0.3413420779483488,
        0.3951945877340778,
        0.009471476509965628
      ],
      [
        0.27378071095928413,
        0.3266670944775997,
        0.01040503675896779
      ],
      [
        0.29779051891964103,
        0.5410447997673802,
        0.012324846095013178
      ],
      [
        0.3865288214270773,
        0.5632485304474704,
        0.012089363603528129
      ],
      [
        0.37883574480245563,
        0.34828833758277844,
        0.010169554267482742
      ]
    ],
    "keypoints_3d": [
      [
        -0.002022125146526773,
        -0.00024645326929910796,
        0.010898161302489402
      ],
      [
        -0.0026548719583534518,
        -0.0012673422940959063,
        0.009706959001450677
      ],
      [
        -0.0027967888548959706,
        0.0010690594741974446,
        0.011626768337496065
      ],
      [
        -0.0016633172409183468,
        0.0013314031634211938,
        0.011391285846011016
      ],
      [
        -0.0015214003443758273,
        -0.0010049986048721567,
        0.009471476509965628
      ],
      [
        -0.0023809330521351994,
        -0.0018243097020194093,
        0.01040503675896779
      ],
      [
        -0.00252284994867772,
        0.0005120920662739412,
        0.012324846095013178
      ],
      [
        -0.0013893783347000944,
        0.0007744357554976913,
        0.012089363603528129
      ],
      [
        -0.0012474614381575756,
        -0.0015619660127956596,
        0.010169554267482742
      ]
    ],
    "model_matrix": [
      0.086673794294166,
      0.8701944880523679,
      0.4850249543538243,
      -0.007264512516819085,
      0.630334187823276,
      -0.4249162099068666,
      0.6497114946032234,
      0.0039702398149545825,
      0.771470326742269,
      0.24941485024284438,
      -0.5853424360445054,
      0.013842171239533062,
      0.0,
      0.0,
      0.0,
      1.0
    ],
    "view_matrix": [
      0.6846313916205302,
      -0.6258293787343074,
      0.3736541801194886,
      0.00026389573854578404,
      0.5484108489912525,
      0.7799585311845665,
      0.3015132341060795,
      -0.003532736024447007,
      -0.4801306054777492,
      -0.0015094189095929411,
      0.877195715526544,
      -0.004726054040562473,
      0.0,
      0.0,
      0.0,
      1.0
    ],
    "camera_intrinsics": {
      "fx": 505.3492270186205,
      "fy": 505.3492270186205,
      "cx": 256.0,
      "cy": 256.0,
      "image_width": 512,
      "image_height": 512,
      "model": "SIMPLE_RADIAL",
      "dist": [
        0.019534111886138513,
        0.0,
        0.0,
        0.0
      ]
    },
    "visibility": [
      1.0,
      1.0,
      1.0,
      1.0,
      1.0,
      1.0,
      1.0,
      1.0,
      1.0
    ],
    "keypoints_2d_visibility": [
      1.0,
      1.0,
      1.0,
      1.0,
      1.0,
      1.0,
      1.0,
      1.0,
      1.0
    ],
    "pose_6dof": {
      "translation": [
        -0.007264512516819085,
        0.0039702398149545825,
        0.013842171239533062
      ],
      "rotation": [
        0.086673794294166,
        0.8701944880523679,
        0.4850249543538243,
        0.630334187823276,
        -0.4249162099068666,
        0.6497114946032234,
        0.771470326742269,
        0.24941485024284438,
        -0.5853424360445054
      ]
    },
    "pose_9dof": {
      "translation": [
        -0.007264512516819085,
        0.0039702398149545825,
        0.013842171239533062
      ],
      "rotation": [
        0.086673794294166,
        0.8701944880523679,
        0.4850249543538243,
        0.630334187823276,
        -0.4249162099068666,
        0.6497114946032234,
        0.771470326742269,
        0.24941485024284438,
        -0.5853424360445054
      ],
      "scale": [
        0.003027305983077296,
        0.001187027427974845,
        0.0009341133621617875
      ]
    }
  },
  {
    "frame_id": 6,
    "image": "frame_000006.png",
    "keypoints_2d": [
      [
        0.3182873677878194,
        0.4777727314989768,
        0.01090663463546122
      ],
      [
        0.23123998574444338,
        0.3710826956246054,
        0.009715953870613078
      ],
      [
        0.26379783858696115,
        0.5908881203050143,
        0.011637030733157982
      ],
      [
        0.35725109540199756,
        0.615532848629134,
        0.011399912797616964
      ],
      [
        0.3429332933523812,
        0.3954204899314171,
        0.009478835935072061
      ],
      [
        0.2754335481047983,
        0.32680904045975573,
        0.010413356473305477
      ],
      [
        0.29931061544188886,
        0.5410626193510929,
        0.012334433335850381
      ],
      [
        0.3880108062413279,
        0.5633328482884916,
        0.012097315400309363
      ],
      [
        0.3804351681969873,
        0.3484687423843844,
        0.01017623853776446
      ]
    ],
    "keypoints_3d": [
      [
        -0.0020051850195640097,
        -0.0002452762104730071,
        0.01090663463546122
      ],
      [
        -0.0026392273408595273,
        -0.0012659698480813612,
        0.009715953870613078
      ],
      [
        -0.0027794250138147773,
        0.0010694936639153805,
        0.011637030733157982
      ],
      [
        -0.0016464598657366985,
        0.0013325510201131442,
        0.011399912797616964
      ],
      [
        -0.0015062621927814479,
        -0.001002912491883598,
        0.009478835935072061
      ],
      [
        -0.00236391017339132,
        -0.0018231034410591592,
        0.010413356473305477
      ],
      [
        -0.0025041078463465716,
        0.0005123600709375838,
        0.012334433335850381
      ],
      [
        -0.0013711426982684913,
        0.0007754174271353467,
        0.012097315400309363
      ],
      [
        -0.0012309450253132422,
        -0.001560046084861396,
        0.01017623853776446
      ]
    ],
    "model_matrix": [
      0.086673794294166,
      0.8701944880523679,
      0.4850249543538243,
      -0.007264512516819085,
      0.630334187823276,
      -0.4249162099068666,
      0.6497114946032234,
      0.0039702398149545825,
      0.771470326742269,
      0.24941485024284438,
      -0.5853424360445054,
      0.013842171239533062,
      0.0,
      0.0,
      0.0,
      1.0
    ],
    "view_matrix": [
      0.6835936881571387,
      -0.6262487439192216,
      0.37484954348554045,
      0.000258416011657791,
      0.5489934553383723,
      0.7796232900966722,
      0.3013199487828095,
      -0.003523320138462318,
      -0.48094267382647116,
      -0.00019046899362268332,
      0.8767520220759157,
      -0.00472257485502332,
      0.0,
      0.0,
      0.0,
      1.0
    ],
    "camera_intrinsics": {
      "fx": 505.72752518384334,
      "fy": 505.72752518384334,
      "cx": 256.0,
      "cy": 256.0,
      "image_width": 512,
      "image_height": 512,
      "model": "SIMPLE_RADIAL",
      "dist": [
        0.018449985947280065,
        0.0,
        0.0,
        0.0
      ]
    },
    "visibility": [
      1.0,
      1.0,
      1.0,
      1.0,
      1.0,
      1.0,
      1.0,
      1.0,
      1.0
    ],
    "keypoints_2d_visibility": [
      1.0,
      1.0,
      1.0,
      1.0,
      1.0,
      1.0,
      1.0,
      1.0,
      1.0
    ],
    "pose_6dof": {
      "translation": [
        -0.007264512516819085,
        0.0039702398149545825,
        0.013842171239533062
      ],
      "rotation": [
        0.086673794294166,
        0.8701944880523679,
        0.4850249543538243,
        0.630334187823276,
        -0.4249162099068666,
        0.6497114946032234,
        0.771470326742269,
        0.24941485024284438,
        -0.5853424360445054
      ]
    },
    "pose_9dof": {
      "translation": [
        -0.007264512516819085,
        0.0039702398149545825,
        0.013842171239533062
      ],
      "rotation": [
        0.086673794294166,
        0.8701944880523679,
        0.4850249543538243,
        0.630334187823276,
        -0.4249162099068666,
        0.6497114946032234,
        0.771470326742269,
        0.24941485024284438,
        -0.5853424360445054
      ],
      "scale": [
        0.003027305983077296,
        0.001187027427974845,
        0.0009341133621617875
      ]
    }
  },
  {
    "frame_id": 7,
    "image": "frame_000007.png",
    "keypoints_2d": [
      [
        0.3193427696804086,
        0.4787102500407875,
        0.010912958971220384
      ],
      [
        0.2324196659923765,
        0.37207711588629616,
        0.009723971062373538
      ],
      [
        0.2648174083781869,
        0.5917269377613393,
        0.011643158202064982
      ],
      [
        0.358190097097733,
        0.616425894933424,
        0.011404396266938574
      ],
      [
        0.343990446416102,
        0.3964541521238006,
        0.009485209127247133
      ],
      [
        0.27661990447540535,
        0.3278460425230785,
        0.01042152167550219
      ],
      [
        0.30035896912690374,
        0.5419372918257783,
        0.012340708815193632
      ],
      [
        0.38898478047055807,
        0.5642546731602127,
        0.012101946880067228
      ],
      [
        0.3815125927667584,
        0.3495389846398965,
        0.010182759740375783
      ]
    ],
    "keypoints_3d": [
      [
        -0.001994732445691204,
        -0.00023507143848694846,
        0.010912958971220384
      ],
      [
        -0.002629676577195476,
        -0.00125717688965705,
        0.009723971062373538
      ],
      [
        -0.0027688100959167203,
        0.0010799033618505483,
        0.011643158202064982
      ],
      [
        -0.001636291126088538,
        0.0013433946066359827,
        0.011404396266938574
      ],
      [
        -0.0014971576073672908,
        -0.0009936856448716147,
        0.009485209127247133
      ],
      [
        -0.0023531737652938687,
        -0.0018135374836098803,
        0.01042152167550219
      ],
      [
        -0.002492307284015114,
        0.0005235427678977173,
        0.012340708815193632
      ],
      [
        -0.001359788314186931,
        0.0007870340126831517,
        0.012101946880067228
      ],
      [
        -0.0012206547954656853,
        -0.0015500462388244457,
        0.010182759740375783
      ]
    ],
    "model_matrix": [
      0.086673794294166,
      0.8701944880523679,
      0.4850249543538243,
      -0.007264512516819085,
      0.630334187823276,
      -0.4249162099068666,
      0.6497114946032234,
      0.0039702398149545825,
      0.771470326742269,
      0.24941485024284438,
      -0.5853424360445054,
      0.013842171239533062,
      0.0,
      0.0,
      0.0,
      1.0
    ],
    "view_matrix": [
      0.6826814392351338,
      -0.6266921137837901,
      0.375769938985347,
      0.00025126155439088093,
      0.5489564531479655,
      0.7792669535150607,
      0.30230750521044253,
      -0.003525639352847779,
      -0.48227882502868796,
      -9.838984362420256e-05,
      0.8760177653725905,
      -0.004716158875683272,
      0.0,
      0.0,
      0.0,
      1.0
    ],
    "camera_intrinsics": {
      "fx": 505.69777519605043,
      "fy": 505.69777519605043,
      "cx": 256.0,
      "cy": 256.0,
      "image_width": 512,
      "image_height": 512,
      "model": "SIMPLE_RADIAL",
      "dist": [
        0.019864296947902704,
        0.0,
        0.0,
        0.0
      ]
    },
    "visibility": [
      1.0,
      1.0,
      1.0,
      1.0,
      1.0,
      1.0,
      1.0,
      1.0,
      1.0
    ],
    "keypoints_2d_visibility": [
      1.0,
      1.0,
      1.0,
      1.0,
      1.0,
      1.0,
      1.0,
      1.0,
      1.0
    ],
    "pose_6dof": {
      "translation": [
        -0.007264512516819085,
        0.0039702398149545825,
        0.013842171239533062
      ],
      "rotation": [
        0.086673794294166,
        0.8701944880523679,
        0.4850249543538243,
        0.630334187823276,
        -0.4249162099068666,
        0.6497114946032234,
        0.771470326742269,
        0.24941485024284438,
        -0.5853424360445054
      ]
    },
    "pose_9dof": {
      "translation": [
        -0.007264512516819085,
        0.0039702398149545825,
        0.013842171239533062
      ],
      "rotation": [
        0.086673794294166,
        0.8701944880523679,
        0.4850249543538243,
        0.630334187823276,
        -0.4249162099068666,
        0.6497114946032234,
        0.771470326742269,
        0.24941485024284438,
        -0.5853424360445054
      ],
      "scale": [
        0.003027305983077296,
        0.001187027427974845,
        0.0009341133621617875
      ]
    }
  },
  {
    "frame_id": 8,
    "image": "frame_000008.png",
    "keypoints_2d": [
      [
        0.3198291833293523,
        0.47923998296074005,
        0.010921576989935322
      ],
      [
        0.23304664152422788,
        0.37251153899304185,
        0.00973366912001924
      ],
      [
        0.26514762681647186,
        0.5922201826984386,
        0.01165190307251311
      ],
      [
        0.35850493799328736,
        0.6170852744673341,
        0.01141193988207304
      ],
      [
        0.3445633111570541,
        0.3970347628215503,
        0.00949370592957917
      ],
      [
        0.2773279473478808,
        0.3282925421893764,
        0.010431214097797605
      ],
      [
        0.3007794185418522,
        0.5424396458176233,
        0.012349448050291473
      ],
      [
        0.3894056766873685,
        0.5649077054080522,
        0.012109484859851407
      ],
      [
        0.38219022292120297,
        0.35011658536251467,
        0.010191250907357535
      ]
    ],
    "keypoints_3d": [
      [
        -0.0019882809027768076,
        -0.00022909784272075314,
        0.010921576989935322
      ],
      [
        -0.002622941946538517,
        -0.0012526339207121805,
        0.00973366912001924
      ],
      [
        -0.0027634817617399297,
        0.001085144635742321,
        0.01165190307251311
      ],
      [
        -0.0016315563398344947,
        0.0013500910855064204,
        0.01141193988207304
      ],
      [
        -0.001491016524633081,
        -0.0009876874709480806,
        0.00949370592957917
      ],
      [
        -0.0023450054657191202,
        -0.0018082867709479267,
        0.010431214097797605
      ],
      [
        -0.002485545280920533,
        0.0005294917855065743,
        0.012349448050291473
      ],
      [
        -0.001353619859015097,
        0.0007944382352706738,
        0.012109484859851407
      ],
      [
        -0.001213080043813685,
        -0.0015433403211838267,
        0.010191250907357535
      ]
    ],
    "model_matrix": [
      0.086673794294166,
      0.8701944880523679,
      0.4850249543538243,
      -0.007264512516819085,
      0.630334187823276,
      -0.4249162099068666,
      0.6497114946032234,
      0.0039702398149545825,
      0.771470326742269,
      0.24941485024284438,
      -0.5853424360445054,
      0.013842171239533062,
      0.0,
      0.0,
      0.0,
      1.0
    ],
    "view_matrix": [
      0.6814616416990292,
      -0.6277696286103988,
      0.3761852260352948,
      0.0002473813806431278,
      0.5496757523092944,
      0.7783991743354847,
      0.30323471555388726,
      -0.0035238297122204584,
      -0.48318381410812483,
      0.00013707004710253323,
      0.8755189221231756,
      -0.004708144920016389,
      0.0,
      0.0,
      0.0,
      1.0
    ],
    "camera_intrinsics": {
      "fx": 506.40888360171397,
      "fy": 506.40888360171397,
      "cx": 256.0,
      "cy": 256.0,
      "image_width": 512,
      "image_height": 512,
      "model": "SIMPLE_RADIAL",
      "dist": [
        0.017880476655042762,
        0.0,
        0.0,
        0.0
      ]
    },
    "visibility": [
      1.0,
      1.0,
      1.0,
      1.0,
      1.0,
      1.0,
      1.0,
      1.0,
      1.0
    ],
    "keypoints_2d_visibility": [
      1.0,
      1.0,
      1.0,
      1.0,
      1.0,
      1.0,
      1.0,
      1.0,
      1.0
    ],
    "pose_6dof": {
      "translation": [
        -0.007264512516819085,
        0.0039702398149545825,
        0.013842171239533062
      ],
      "rotation": [
        0.086673794294166,
        0.8701944880523679,
        0.4850249543538243,
        0.630334187823276,
        -0.4249162099068666,
        0.6497114946032234,
        0.771470326742269,
        0.24941485024284438,
        -0.5853424360445054
      ]
    },
    "pose_9dof": {
      "translation": [
        -0.007264512516819085,
        0.0039702398149545825,
        0.013842171239533062
      ],
      "rotation": [
        0.086673794294166,
        0.8701944880523679,
        0.4850249543538243,
        0.630334187823276,
        -0.4249162099068666,
        0.6497114946032234,
        0.771470326742269,
        0.24941485024284438,
        -0.5853424360445054
      ],
      "scale": [
        0.003027305983077296,
        0.001187027427974845,
        0.0009341133621617875
      ]
    }
  },
  {
    "frame_id": 9,
    "image": "frame_000009.png",
    "keypoints_2d": [
      [
        0.3214774780241915,
        0.4792962937972633,
        0.010913242455143097
      ],
      [
        0.2351298345609038,
        0.37235368114116274,
        0.009727363253919727
      ],
      [
        0.26648251594593053,
        0.5919993721466645,
        0.01164323408265783
      ],
      [
        0.35963777463979907,
        0.6171399304606408,
        0.01140136581764016
      ],
      [
        0.3464245169158212,
        0.3971887076138967,
        0.009485494988902056
      ],
      [
        0.27952516643389524,
        0.32838029788015366,
        0.010425119092646033
      ],
      [
        0.3022617799070355,
        0.5424102348552237,
        0.012340989921384136
      ],
