[
  {
    "frame_id": 0,
    "image": "frame_000000.png",
    "keypoints_2d": [
      [
        0.4553088047012703,
        0.27335989543037165,
        0.1807995593389699
      ],
      [
        0.4299802572924336,
        0.4146670124354295,
        0.19505321907505285
      ],
      [
        0.5227491997737839,
        0.4019456870038673,
        0.19458341930510947
      ],
      [
        0.49419937985288287,
        0.1648307911197618,
        0.15449371767318992
      ],
      [
        0.37641160695759146,
        0.18160802768462786,
        0.15496351744313325
      ],
      [
        0.4264515907218949,
        0.35336255049671594,
        0.2071054010047499
      ],
      [
        0.5139217845653832,
        0.341232392847903,
        0.20663560123480657
      ],
      [
        0.485146066911842,
        0.10466551830977727,
        0.166545899602887
      ],
      [
        0.3754738898934168,
        0.1204693987360494,
        0.1670156993728303
      ]
    ],
    "keypoints_3d": [
      [
        -0.008347257104487985,
        -0.042331005254730714,
        0.1807995593389699
      ],
      [
        -0.014161982961915134,
        -0.017259193896583286,
        0.19505321907505285
      ],
      [
        0.004590967596051376,
        -0.01978813224617651,
        0.19458341930510947
      ],
      [
        -0.0009209396209735946,
        -0.053213380011030736,
        0.15449371767318992
      ],
      [
        -0.0196738901789401,
        -0.05068444166143751,
        0.15496351744313325
      ],
      [
        -0.015773574588002368,
        -0.03144863049843069,
        0.2071054010047499
      ],
      [
        0.0029793759699641292,
        -0.03397756884802389,
        0.20663560123480657
      ],
      [
        -0.0025325312470608208,
        -0.06740281661287814,
        0.166545899602887
      ],
      [
        -0.02128548180502733,
        -0.06487387826328495,
        0.1670156993728303
      ]
    ],
    "model_matrix": [
      -0.3382072275589316,
      0.07059851583725808,
      -0.9384197998702273,
      -0.04124257923659874,
      0.8501950607485791,
      -0.4045995219933675,
      -0.33684949974945533,
      -0.014711050930402302,
      -0.4034652771994401,
      -0.9117648141732135,
      0.07681597314402877,
      0.24603475837699854,
      0.0,
      0.0,
      0.0,
      1.0
    ],
    "view_matrix": [
      -0.4234158611775213,
      0.8557471857643586,
      -0.29734788137748414,
      0.059936835272815056,
      -0.7123476455998814,
      -0.11170701088173629,
      0.6928797698938637,
      -0.2438258937688997,
      0.5597140701390343,
      0.5051913476854567,
      0.6568880132200223,
      0.04969822325858274,
      0.0,
      0.0,
      0.0,
      1.0
    ],
    "camera_intrinsics": {
      "fx": 493.21074312052343,
      "fy": 493.21074312052343,
      "cx": 256.0,
      "cy": 256.0,
      "image_width": 512,
      "image_height": 512,
      "model": "SIMPLE_RADIAL",
      "dist": [
        0.08564039583109563,
        0.0,
        0.0,
        0.0
      ]
    },
    "visibility": [
      1.0,
      1.0,
      1.0,
      1.0,
      1.0,
      1.0,
      1.0,
      1.0,
      1.0
    ],
    "keypoints_2d_visibility": [
      1.0,
      1.0,
      1.0,
      1.0,
      1.0,
      1.0,
      1.0,
      1.0,
      1.0
    ],
    "pose_6dof": {
      "translation": [
        -0.04124257923659874,
        -0.014711050930402302,
        0.24603475837699854
      ],
      "rotation": [
        -0.3382072275589316,
        0.07059851583725808,
        -0.9384197998702273,
        0.8501950607485791,
        -0.4045995219933675,
        -0.33684949974945533,
        -0.4034652771994401,
        -0.9117648141732135,
        0.07681597314402877
      ]
    },
    "pose_9dof": {
      "translation": [
        -0.04124257923659874,
        -0.014711050930402302,
        0.24603475837699854
      ],
      "rotation": [
        -0.3382072275589316,
        0.07059851583725808,
        -0.9384197998702273,
        0.8501950607485791,
        -0.4045995219933675,
        -0.33684949974945533,
        -0.4034652771994401,
        -0.9117648141732135,
        0.07681597314402877
      ],
      "scale": [
        0.018928533900685978,
        0.05248630760729242,
        0.018686691197577963
      ]
    }
  },
  {
    "frame_id": 1,
    "image": "frame_000001.png",
    "keypoints_2d": [
      [
        0.45454988958943726,
        0.2735858635364645,
        0.18078029910912163
      ],
      [
        0.4291557527340118,
        0.4148236764392339,
        0.1950250521578673
      ],
      [
        0.521893554357269,
        0.4021605742373319,
        0.19457678023618252
      ],
      [
        0.4935073351486326,
        0.1651230785632734,
        0.15448390372520876
      ],
      [
        0.37573273562961185,
        0.18178987108698563,
        0.15493217564689354
      ],
      [
        0.4256412941334741,
        0.3535351563267272,
        0.2070766944930345
      ],
      [
        0.5130841326660248,
        0.34146714820397644,
        0.20662842257134972
      ],
      [
        0.4844605941951629,
        0.10495101074754742,
        0.16653554606037596
      ],
      [
        0.3747954394923263,
        0.12064349349240916,
        0.16698381798206072
      ]
    ],
    "keypoints_3d": [
      [
        -0.008492149776921809,
        -0.042304468374050275,
        0.18078029910912163
      ],
      [
        -0.014334076975686047,
        -0.017233918427306316,
        0.1950250521578673
      ],
      [
        0.004420504611393851,
        -0.019754655900192347,
        0.19457678023618252
      ],
      [
        -0.0010311809079482578,
        -0.05318597152374091,
        0.15448390372520876
      ],
      [
        -0.019785762495028142,
        -0.05066523405085491,
        0.15493217564689354
      ],
      [
        -0.015953118645895353,
        -0.03142296522435964,
        0.2070766944930345
      ],
      [
        0.002801462941184517,
        -0.03394370269724564,
        0.20662842257134972
      ],
      [
        -0.002650222578157571,
        -0.06737501832079423,
        0.16653554606037596
      ],
      [
        -0.021404804165237448,
        -0.06485428084790823,
        0.16698381798206072
      ]
    ],
    "model_matrix": [
      -0.3382072275589316,
      0.07059851583725808,
      -0.9384197998702273,
      -0.04124257923659874,
      0.8501950607485791,
      -0.4045995219933675,
      -0.33684949974945533,
      -0.014711050930402302,
      -0.4034652771994401,
      -0.9117648141732135,
      0.07681597314402877,
      0.24603475837699854,
      0.0,
      0.0,
      0.0,
      1.0
    ],
    "view_matrix": [
      -0.42373813138056104,
      0.8552219203078896,
      -0.2983981619229522,
      0.06002932965934697,
      -0.7124827618029209,
      -0.11128485805996158,
      0.6928087719567765,
      -0.24378125115697122,
      0.559298051264076,
      0.5061730409568058,
      0.6564865135406415,
      0.04977502995363782,
      0.0,
      0.0,
      0.0,
      1.0
    ],
    "camera_intrinsics": {
      "fx": 492.9443629523766,
      "fy": 492.9443629523766,
      "cx": 256.0,
      "cy": 256.0,
      "image_width": 512,
      "image_height": 512,
      "model": "SIMPLE_RADIAL",
      "dist": [
        0.0867291458430815,
        0.0,
        0.0,
        0.0
      ]
    },
    "visibility": [
      1.0,
      1.0,
      1.0,
      1.0,
      1.0,
      1.0,
      1.0,
      1.0,
      1.0
    ],
    "keypoints_2d_visibility": [
      1.0,
      1.0,
      1.0,
      1.0,
      1.0,
      1.0,
      1.0,
      1.0,
      1.0
    ],
    "pose_6dof": {
      "translation": [
        -0.04124257923659874,
        -0.014711050930402302,
        0.24603475837699854
      ],
      "rotation": [
        -0.3382072275589316,
        0.07059851583725808,
        -0.9384197998702273,
        0.8501950607485791,
        -0.4045995219933675,
        -0.33684949974945533,
        -0.4034652771994401,
        -0.9117648141732135,
        0.07681597314402877
      ]
    },
    "pose_9dof": {
      "translation": [
        -0.04124257923659874,
        -0.014711050930402302,
        0.24603475837699854
      ],
      "rotation": [
        -0.3382072275589316,
        0.07059851583725808,
        -0.9384197998702273,
        0.8501950607485791,
        -0.4045995219933675,
        -0.33684949974945533,
        -0.4034652771994401,
        -0.9117648141732135,
        0.07681597314402877
      ],
      "scale": [
        0.018928533900685978,
        0.05248630760729242,
        0.018686691197577963
      ]
    }
  },
  {
    "frame_id": 2,
    "image": "frame_000002.png",
    "keypoints_2d": [
      [
        0.4544207337225086,
        0.274253085847466,
        0.18105242356980655
      ],
      [
        0.42909674687817323,
        0.41548533978378,
        0.19528134215833393
      ],
      [
        0.5218674571823638,
        0.4027483327318464,
        0.19483549829823443
      ],
      [
        0.49331994770122095,
        0.16594463517235414,
        0.15476313149203996
      ],
      [
        0.3756096955473333,
        0.18268974462133253,
        0.15520897535213943
      ],
      [
        0.42553268054547805,
        0.3541737152793572,
        0.20734171564757314
      ],
      [
        0.5130039583212734,
        0.34203705145251606,
        0.20689587178747368
      ],
      [
        0.48422680801182,
        0.10583941289941251,
        0.16682350498127918
      ],
      [
        0.3746309825339831,
        0.12160157737102523,
        0.16726934884137865
      ]
    ],
    "keypoints_3d": [
      [
        -0.008515506128814417,
        -0.04217595823775064,
        0.18105242356980655
      ],
      [
        -0.014339470239318704,
        -0.017092240505161366,
        0.19528134215833393
      ],
      [
        0.00441325537588165,
        -0.019627176575921224,
        0.19483549829823443
      ],
      [
        -0.0010614187519701335,
        -0.05307931922764014,
        0.15476313149203996
      ],
      [
        -0.019814144367170487,
        -0.05054438315688031,
        0.15520897535213943
      ],
      [
        -0.015969593505658707,
        -0.03127259724786116,
        0.20734171564757314
      ],
      [
        0.0027831321095416472,
        -0.033807533318620964,
        0.20689587178747368
      ],
      [
        -0.0026915420183101293,
        -0.06725967597033991,
        0.16682350498127918
      ],
      [
        -0.021444267633510476,
        -0.06472473989958011,
        0.16726934884137865
      ]
    ],
    "model_matrix": [
      -0.3382072275589316,
      0.07059851583725808,
      -0.9384197998702273,
      -0.04124257923659874,
      0.8501950607485791,
      -0.4045995219933675,
      -0.33684949974945533,
      -0.014711050930402302,
      -0.4034652771994401,
      -0.9117648141732135,
      0.07681597314402877,
      0.24603475837699854,
      0.0,
      0.0,
      0.0,
      1.0
    ],
    "view_matrix": [
      -0.42429239369980754,
      0.8551160101734354,
      -0.2979137019231479,
      0.059862362051457806,
      -0.711820678714046,
      -0.11160540599993574,
      0.6934374915640671,
      -0.24378483748015467,
      0.5597207214348633,
      0.5062813866780567,
      0.6560425836024523,
      0.0501754024968345,
      0.0,
      0.0,
      0.0,
      1.0
    ],
    "camera_intrinsics": {
      "fx": 493.845978367056,
      "fy": 493.845978367056,
      "cx": 256.0,
      "cy": 256.0,
      "image_width": 512,
      "image_height": 512,
      "model": "SIMPLE_RADIAL",
      "dist": [
        0.08335212522753165,
        0.0,
        0.0,
        0.0
      ]
    },
    "visibility": [
      1.0,
      1.0,
      1.0,
      1.0,
      1.0,
      1.0,
      1.0,
      1.0,
      1.0
    ],
    "keypoints_2d_visibility": [
      1.0,
      1.0,
      1.0,
      1.0,
      1.0,
      1.0,
      1.0,
      1.0,
      1.0
    ],
    "pose_6dof": {
      "translation": [
        -0.04124257923659874,
        -0.014711050930402302,
        0.24603475837699854
      ],
      "rotation": [
        -0.3382072275589316,
        0.07059851583725808,
        -0.9384197998702273,
        0.8501950607485791,
        -0.4045995219933675,
        -0.33684949974945533,
        -0.4034652771994401,
        -0.9117648141732135,
        0.07681597314402877
      ]
    },
    "pose_9dof": {
      "translation": [
        -0.04124257923659874,
        -0.014711050930402302,
        0.24603475837699854
      ],
      "rotation": [
        -0.3382072275589316,
        0.07059851583725808,
        -0.9384197998702273,
        0.8501950607485791,
        -0.4045995219933675,
        -0.33684949974945533,
        -0.4034652771994401,
        -0.9117648141732135,
        0.07681597314402877
      ],
      "scale": [
        0.018928533900685978,
        0.05248630760729242,
        0.018686691197577963
      ]
    }
  },
  {
    "frame_id": 3,
    "image": "frame_000003.png",
    "keypoints_2d": [
      [
        0.45529370582069456,
        0.27397291689834086,
        0.18093274014319524
      ],
      [
        0.4300396571635077,
        0.415266867613006,
        0.1951649876067955
      ],
      [
        0.522821168491638,
        0.40245447090282144,
        0.19470340945138132
      ],
      [
        0.4941671452525149,
        0.16555594148667846,
        0.15463783557040667
      ],
      [
        0.37646466481743024,
        0.18242805343005253,
        0.15509941372582084
      ],
      [
        0.42642992797148027,
        0.35397639232932443,
        0.20722764471598382
      ],
      [
        0.5139032431907838,
        0.3417638554238912,
        0.20676606656056967
      ],
      [
        0.48502095666901907,
        0.10554501671761302,
        0.16670049267959497
      ],
      [
        0.37545196134542164,
        0.12142941583543215,
        0.16716207083500914
      ]
    ],
    "keypoints_3d": [
      [
        -0.008351133227899488,
        -0.04222184635847526,
        0.18093274014319524
      ],
      [
        -0.014146221060174505,
        -0.017133329730371155,
        0.1951649876067955
      ],
      [
        0.004604416787377948,
        -0.019680862172911845,
        0.19470340945138132
      ],
      [
        -0.0009266436285354923,
        -0.0531318658426225,
        0.15463783557040667
      ],
      [
        -0.019677281476087938,
        -0.05058433340008181,
        0.15509941372582084
      ],
      [
        -0.015775622827263497,
        -0.03131182687432804,
        0.20722764471598382
      ],
      [
        0.0029750150202889417,
        -0.033859359316868703,
        0.20676606656056967
      ],
      [
        -0.0025560453956244844,
        -0.06731036298657939,
        0.16670049267959497
      ],
      [
        -0.02130668324317693,
        -0.06476283054403872,
        0.16716207083500914
      ]
    ],
    "model_matrix": [
      -0.3382072275589316,
      0.07059851583725808,
      -0.9384197998702273,
      -0.04124257923659874,
      0.8501950607485791,
      -0.4045995219933675,
      -0.33684949974945533,
      -0.014711050930402302,
      -0.4034652771994401,
      -0.9117648141732135,
      0.07681597314402877,
      0.24603475837699854,
      0.0,
      0.0,
      0.0,
      1.0
    ],
    "view_matrix": [
      -0.42429470195345287,
      0.8554699049338212,
      -0.29689265340649784,
      0.059780632492797706,
      -0.7115006934393187,
      -0.11214644391005268,
      0.69367855549505,
      -0.2438847979250956,
      0.5601256726214222,
      0.5055634647310359,
      0.6562505725708361,
      0.050010686399713726,
      0.0,
      0.0,
      0.0,
      1.0
    ],
    "camera_intrinsics": {
      "fx": 493.660809247654,
      "fy": 493.660809247654,
      "cx": 256.0,
      "cy": 256.0,
      "image_width": 512,
      "image_height": 512,
      "model": "SIMPLE_RADIAL",
      "dist": [
        0.08082485414690105,
        0.0,
        0.0,
        0.0
      ]
    },
    "visibility": [
      1.0,
      1.0,
      1.0,
      1.0,
      1.0,
      1.0,
      1.0,
      1.0,
      1.0
    ],
    "keypoints_2d_visibility": [
      1.0,
      1.0,
      1.0,
      1.0,
      1.0,
      1.0,
      1.0,
      1.0,
      1.0
    ],
    "pose_6dof": {
      "translation": [
        -0.04124257923659874,
        -0.014711050930402302,
        0.24603475837699854
      ],
      "rotation": [
        -0.3382072275589316,
        0.07059851583725808,
        -0.9384197998702273,
        0.8501950607485791,
        -0.4045995219933675,
        -0.33684949974945533,
        -0.4034652771994401,
        -0.9117648141732135,
        0.07681597314402877
      ]
    },
    "pose_9dof": {
      "translation": [
        -0.04124257923659874,
        -0.014711050930402302,
        0.24603475837699854
      ],
      "rotation": [
        -0.3382072275589316,
        0.07059851583725808,
        -0.9384197998702273,
        0.8501950607485791,
        -0.4045995219933675,
        -0.33684949974945533,
        -0.4034652771994401,
        -0.9117648141732135,
        0.07681597314402877
      ],
      "scale": [
        0.018928533900685978,
        0.05248630760729242,
        0.018686691197577963
      ]
    }
  },
  {
    "frame_id": 4,
    "image": "frame_000004.png",
    "keypoints_2d": [
      [
        0.4556872650237944,
        0.2810279805858559,
        0.18130426291159393
      ],
      [
        0.43069604122612243,
        0.42169851099966027,
        0.19537706622310141
      ],
      [
        0.5231549735566448,
        0.4087210121780828,
        0.19494553996398373
      ],
      [
        0.4944029254829248,
        0.17324579854264233,
        0.15508283096278433
      ],
      [
        0.37727716076764184,
        0.19024906468109765,
        0.15551435722190202
      ],
      [
        0.4268999286326443,
        0.3606643952719051,
        0.2075256948604035
      ],
      [
        0.5140386935511644,
        0.3483109834214293,
        0.20709416860128585
      ],
      [
        0.4850400962166669,
        0.11365080560156665,
        0.16723145960008642
      ],
      [
        0.3760329132551591,
        0.12963983172484062,
        0.16766298585920408
      ]
    ],
    "keypoints_3d": [
      [
        -0.0083116654370302,
        -0.04107221471250935,
        0.18130426291159393
      ],
      [
        -0.014057595445902876,
        -0.015882651938686654,
        0.19537706622310141
      ],
      [
        0.004687256851628123,
        -0.01847758798045293,
        0.19494553996398373
      ],
      [
        -0.0008934972390630402,
        -0.05216188849437561,
        0.15508283096278433
      ],
      [
        -0.019638349536594032,
        -0.049566952452609336,
        0.15551435722190202
      ],
      [
        -0.015729833634997345,
        -0.029982540930643148,
        0.2075256948604035
      ],
      [
        0.0030150186625336473,
        -0.03257747697240937,
        0.20709416860128585
      ],
      [
        -0.002565735428157509,
        -0.06626177748633208,
        0.16723145960008642
      ],
      [
        -0.0213105877256885,
        -0.0636668414445658,
        0.16766298585920408
      ]
    ],
    "model_matrix": [
      -0.3382072275589316,
      0.07059851583725808,
      -0.9384197998702273,
      -0.04124257923659874,
      0.8501950607485791,
      -0.4045995219933675,
      -0.33684949974945533,
      -0.014711050930402302,
      -0.4034652771994401,
      -0.9117648141732135,
      0.07681597314402877,
      0.24603475837699854,
      0.0,
      0.0,
      0.0,
      1.0
    ],
    "view_matrix": [
      -0.42640935622055,
      0.8548209362078907,
      -0.2957299916279066,
      0.05943728426574897,
      -0.7070199167312654,
      -0.1110602146037305,
      0.6984185464873396,
      -0.24370059045455603,
      0.5641789594383071,
      0.5068991968358589,
      0.6517325417487378,
      0.05168061981550464,
      0.0,
      0.0,
      0.0,
      1.0
    ],
    "camera_intrinsics": {
      "fx": 492.6710811222109,
      "fy": 492.6710811222109,
      "cx": 256.0,
      "cy": 256.0,
      "image_width": 512,
      "image_height": 512,
      "model": "SIMPLE_RADIAL",
      "dist": [
        0.08473318383968723,
        0.0,
        0.0,
        0.0
      ]
    },
    "visibility": [
      1.0,
      1.0,
      1.0,
      1.0,
      1.0,
      1.0,
      1.0,
      1.0,
      1.0
    ],
    "keypoints_2d_visibility": [
      1.0,
      1.0,
      1.0,
      1.0,
      1.0,
      1.0,
      1.0,
      1.0,
      1.0
    ],
    "pose_6dof": {
      "translation": [
        -0.04124257923659874,
        -0.014711050930402302,
        0.24603475837699854
      ],
      "rotation": [
        -0.3382072275589316,
        0.07059851583725808,
        -0.9384197998702273,
        0.8501950607485791,
        -0.4045995219933675,
        -0.33684949974945533,
        -0.4034652771994401,
        -0.9117648141732135,
        0.07681597314402877
      ]
    },
    "pose_9dof": {
      "translation": [
        -0.04124257923659874,
        -0.014711050930402302,
        0.24603475837699854
      ],
      "rotation": [
        -0.3382072275589316,
        0.07059851583725808,
        -0.9384197998702273,
        0.8501950607485791,
        -0.4045995219933675,
        -0.33684949974945533,
        -0.4034652771994401,
        -0.9117648141732135,
        0.07681597314402877
      ],
      "scale": [
        0.018928533900685978,
        0.05248630760729242,
        0.018686691197577963
      ]
    }
  },
  {
    "frame_id": 5,
    "image": "frame_000005.png",
    "keypoints_2d": [
      [
        0.4545668369813992,
        0.28050813061782076,
        0.18148356865608206
      ],
      [
        0.42973849949767523,
        0.4213333302535307,
        0.19554707008233607
      ],
      [
        0.5222488520739877,
        0.40823039697025953,
        0.1951320030956759
      ],
      [
        0.49316477435904194,
        0.17258758352193027,
        0.15527041394094157
      ],
      [
        0.3760044907204392,
        0.18971681844196592,
        0.15568548092760173
      ],
      [
        0.4258529364360022,
        0.36028494500946484,
        0.20769672337122252
      ],
      [
        0.5130441564907046,
        0.3478183832615741,
        0.2072816563845624
      ],
      [
        0.48371332126936095,
        0.11301486536941052,
        0.16742006722982802
      ],
      [
        0.37466853394631516,
        0.12911462623635783,
        0.16783513421648819
      ]
    ],
    "keypoints_3d": [
      [
        -0.008516534826511317,
        -0.041144178074593724,
        0.18148356865608206
      ],
      [
        -0.014240918995574343,
        -0.015944516748172544,
        0.19554707008233607
      ],
      [
        0.004500821769114524,
        -0.01856449158301421,
        0.1951320030956759
      ],
      [
        -0.0010907621324443978,
        -0.05224832132041657,
        0.15527041394094157
      ],
      [
        -0.019832502897133265,
        -0.04962834648557496,
        0.15568548092760173
      ],
      [
        -0.015942307520578243,
        -0.03004003482877088,
        0.20769672337122252
      ],
      [
        0.0027994332441106176,
        -0.03266000966361249,
        0.2072816563845624
      ],
      [
        -0.0027921506574482904,
        -0.0663438394010149,
        0.16742006722982802
      ],
      [
        -0.02153389142213715,
        -0.06372386456617327,
        0.16783513421648819
      ]
    ],
    "model_matrix": [
      -0.3382072275589316,
      0.07059851583725808,
      -0.9384197998702273,
      -0.04124257923659874,
      0.8501950607485791,
      -0.4045995219933675,
      -0.33684949974945533,
      -0.014711050930402302,
      -0.4034652771994401,
      -0.9117648141732135,
      0.07681597314402877,
      0.24603475837699854,
      0.0,
      0.0,
      0.0,
      1.0
    ],
    "view_matrix": [
      -0.42783221721928133,
      0.8542391928924813,
      -0.2953557096716397,
      0.0590730879925686,
      -0.7063523995555601,
      -0.11210969666101722,
      0.6989261073652053,
      -0.24388534028857217,
      0.5639378348287496,
      0.5076483204354945,
      0.6513580437882716,
      0.051953140869820606,
      0.0,
      0.0,
      0.0,
      1.0
    ],
    "camera_intrinsics": {
      "fx": 493.47420004193634,
      "fy": 493.47420004193634,
      "cx": 256.0,
      "cy": 256.0,
      "image_width": 512,
      "image_height": 512,
      "model": "SIMPLE_RADIAL",
      "dist": [
        0.0840819332794479,
        0.0,
        0.0,
        0.0
      ]
    },
    "visibility": [
      1.0,
      1.0,
      1.0,
      1.0,
      1.0,
      1.0,
      1.0,
      1.0,
      1.0
    ],
    "keypoints_2d_visibility": [
      1.0,
      1.0,
      1.0,
      1.0,
      1.0,
      1.0,
      1.0,
      1.0,
      1.0
    ],
    "pose_6dof": {
      "translation": [
        -0.04124257923659874,
        -0.014711050930402302,
        0.24603475837699854
      ],
      "rotation": [
        -0.3382072275589316,
        0.07059851583725808,
        -0.9384197998702273,
        0.8501950607485791,
        -0.4045995219933675,
        -0.33684949974945533,
        -0.4034652771994401,
        -0.9117648141732135,
        0.07681597314402877
      ]
    },
    "pose_9dof": {
      "translation": [
        -0.04124257923659874,
        -0.014711050930402302,
        0.24603475837699854
      ],
      "rotation": [
        -0.3382072275589316,
        0.07059851583725808,
        -0.9384197998702273,
        0.8501950607485791,
        -0.4045995219933675,
        -0.33684949974945533,
        -0.4034652771994401,
        -0.9117648141732135,
        0.07681597314402877
      ],
      "scale": [
        0.018928533900685978,
        0.05248630760729242,
        0.018686691197577963
      ]
    }
  },
  {
    "frame_id": 6,
    "image": "frame_000006.png",
    "keypoints_2d": [
      [
        0.45299464210684276,
        0.27686041823778185,
        0.18103475193176796
      ],
      [
        0.4284742560133756,
        0.41825087752173573,
        0.1951720936140036
      ],
      [
        0.5211769117729584,
        0.4049434859781381,
        0.1947509957773188
      ],
      [
        0.49134113008753566,
        0.16821016391380517,
        0.15478959319445806
      ],
      [
        0.3737570919593856,
        0.18563090588253645,
        0.15521069103114282
      ],
      [
        0.42450323938120454,
        0.3570498051766904,
        0.20727991066907786
      ],
      [
        0.5118892817905268,
        0.34438665528689993,
        0.2068588128323931
      ],
      [
        0.48181380447671257,
        0.10835903231224736,
        0.1668974102495323
      ],
      [
        0.37235680904885815,
        0.12473655368824244,
        0.1673185080862171
      ]
    ],
    "keypoints_3d": [
      [
        -0.008784064678836224,
        -0.04169891702692741,
        0.18103475193176796
      ],
      [
        -0.014463077354055158,
        -0.016530326231214976,
        0.1951720936140036
      ],
      [
        0.004273813940723924,
        -0.019183810139021762,
        0.1947509957773188
      ],
      [
        -0.0013763627637586803,
        -0.05273935056181889,
        0.15478959319445806
      ],
      [
        -0.020113254058537762,
        -0.0500858666540121,
        0.15521069103114282
      ],
      [
        -0.01619176659391377,
        -0.030658483492035926,
        0.20727991066907786
      ],
      [
        0.002545124700865306,
        -0.033311967399842685,
        0.2068588128323931
      ],
      [
        -0.003105052003617284,
        -0.06686750782263981,
        0.1668974102495323
      ],
      [
        -0.021841943298396373,
        -0.06421402391483305,
        0.1673185080862171
      ]
    ],
    "model_matrix": [
      -0.3382072275589316,
      0.07059851583725808,
      -0.9384197998702273,
      -0.04124257923659874,
      0.8501950607485791,
      -0.4045995219933675,
      -0.33684949974945533,
      -0.014711050930402302,
      -0.4034652771994401,
      -0.9117648141732135,
      0.07681597314402877,
      0.24603475837699854,
      0.0,
      0.0,
      0.0,
      1.0
    ],
    "view_matrix": [
      -0.42919538532121293,
      0.8539809189376284,
      -0.29412227271904956,
      0.05844206972787936,
      -0.7072202078265588,
      -0.11519209120811724,
      0.6975459553067882,
      -0.2441816497772385,
      0.5618103762487253,
      0.5073927199059367,
      0.6533924769430097,
      0.05091228084437897,
      0.0,
      0.0,
      0.0,
      1.0
    ],
    "camera_intrinsics": {
      "fx": 493.6462268943076,
      "fy": 493.6462268943076,
      "cx": 256.0,
      "cy": 256.0,
      "image_width": 512,
      "image_height": 512,
      "model": "SIMPLE_RADIAL",
      "dist": [
        0.08613972044089195,
        0.0,
        0.0,
        0.0
      ]
    },
    "visibility": [
      1.0,
      1.0,
      1.0,
      1.0,
      1.0,
      1.0,
      1.0,
      1.0,
      1.0
    ],
    "keypoints_2d_visibility": [
      1.0,
      1.0,
      1.0,
      1.0,
      1.0,
      1.0,
      1.0,
      1.0,
      1.0
    ],
    "pose_6dof": {
      "translation": [
        -0.04124257923659874,
        -0.014711050930402302,
        0.24603475837699854
      ],
      "rotation": [
        -0.3382072275589316,
        0.07059851583725808,
        -0.9384197998702273,
        0.8501950607485791,
        -0.4045995219933675,
        -0.33684949974945533,
        -0.4034652771994401,
        -0.9117648141732135,
        0.07681597314402877
      ]
    },
    "pose_9dof": {
      "translation": [
        -0.04124257923659874,
        -0.014711050930402302,
        0.24603475837699854
      ],
      "rotation": [
        -0.3382072275589316,
        0.07059851583725808,
        -0.9384197998702273,
        0.8501950607485791,
        -0.4045995219933675,
        -0.33684949974945533,
        -0.4034652771994401,
        -0.9117648141732135,
        0.07681597314402877
      ],
      "scale": [
        0.018928533900685978,
        0.05248630760729242,
        0.018686691197577963
      ]
    }
  },
  {
    "frame_id": 7,
    "image": "frame_000007.png",
    "keypoints_2d": [
      [
        0.4442377937197915,
        0.2736638705464136,
        0.1806400665007705
      ],
      [
        0.4198688626274617,
        0.41573207287750924,
        0.19478194670644894
      ],
      [
        0.5129440104011127,
        0.4023629273981413,
        0.19448935241807766
      ],
      [
        0.4823683355166867,
        0.16444829985919945,
        0.15442842621464567
      ],
      [
        0.36417642373826165,
        0.18173041215796287,
        0.15472102050301692
      ],
      [
        0.4158939174167579,
        0.3542939504514653,
        0.20685170678689532
      ],
      [
        0.50364005326097,
        0.34161627401971917,
        0.20655911249852407
      ],
      [
        0.4728438071047726,
        0.1044285553502648,
        0.16649818629509205
      ],
      [
        0.36283026185523026,
        0.12061887597026016,
        0.1667907805834633
      ]
    ],
    "keypoints_3d": [
      [
        -0.010375823411563595,
        -0.042114971187945355,
        0.1806400665007705
      ],
      [
        -0.016134004526862797,
        -0.01696692649378978,
        0.19478194670644894
      ],
      [
        0.0026031601060647544,
        -0.019635717555375548,
        0.19448935241807766
      ],
      [
        -0.0027909248686073668,
        -0.05311464413996769,
        0.15442842621464567
      ],
      [
        -0.02152808950153491,
        -0.050445853078381925,
        0.15472102050301692
      ],
      [
        -0.01796072195451981,
        -0.031115298235923017,
        0.20685170678689532
      ],
      [
        0.0007764426784077141,
        -0.03378408929750873,
        0.20655911249852407
      ],
      [
        -0.004617642296264393,
        -0.0672630158821009,
        0.16649818629509205
      ],
      [
        -0.023354806929191924,
        -0.06459422482051516,
        0.1667907805834633
      ]
    ],
    "model_matrix": [
      -0.3382072275589316,
      0.07059851583725808,
      -0.9384197998702273,
      -0.04124257923659874,
      0.8501950607485791,
      -0.4045995219933675,
      -0.33684949974945533,
      -0.014711050930402302,
      -0.4034652771994401,
      -0.9117648141732135,
      0.07681597314402877,
      0.24603475837699854,
      0.0,
      0.0,
      0.0,
      1.0
    ],
    "view_matrix": [
      -0.43377864429182955,
      0.8502519971536665,
      -0.2981738236206234,
      0.05760325156273596,
      -0.7078587971491873,
      -0.11683460851419214,
      0.6966244307744598,
      -0.24442147709908843,
      0.5574692915801253,
      0.5132457652913816,
      0.6525387140665426,
      0.05063471767675005,
      0.0,
      0.0,
      0.0,
      1.0
    ],
    "camera_intrinsics": {
      "fx": 494.72867389703083,
      "fy": 494.72867389703083,
      "cx": 256.0,
      "cy": 256.0,
      "image_width": 512,
      "image_height": 512,
      "model": "SIMPLE_RADIAL",
      "dist": [
        0.08143673097385361,
        0.0,
        0.0,
        0.0
      ]
    },
    "visibility": [
      1.0,
      1.0,
      1.0,
      1.0,
      1.0,
      1.0,
      1.0,
      1.0,
      1.0
    ],
    "keypoints_2d_visibility": [
      1.0,
      1.0,
      1.0,
      1.0,
      1.0,
      1.0,
      1.0,
      1.0,
      1.0
    ],
    "pose_6dof": {
      "translation": [
        -0.04124257923659874,
        -0.014711050930402302,
        0.24603475837699854
      ],
      "rotation": [
        -0.3382072275589316,
        0.07059851583725808,
        -0.9384197998702273,
        0.8501950607485791,
        -0.4045995219933675,
        -0.33684949974945533,
        -0.4034652771994401,
        -0.9117648141732135,
        0.07681597314402877
      ]
    },
    "pose_9dof": {
      "translation": [
        -0.04124257923659874,
        -0.014711050930402302,
        0.24603475837699854
      ],
      "rotation": [
        -0.3382072275589316,
        0.07059851583725808,
        -0.9384197998702273,
        0.8501950607485791,
        -0.4045995219933675,
        -0.33684949974945533,
        -0.4034652771994401,
        -0.9117648141732135,
        0.07681597314402877
      ],
      "scale": [
        0.018928533900685978,
        0.05248630760729242,
        0.018686691197577963
      ]
    }
  },
  {
    "frame_id": 8,
    "image": "frame_000008.png",
    "keypoints_2d": [
      [
        0.44705276795618487,
        0.27685573796144713,
        0.1799656389802074
      ],
      [
        0.4230768329926196,
        0.41928381302210554,
        0.1940615701587295
      ],
      [
        0.5163462660705641,
        0.4055433659353049,
        0.19370369573006402
      ],
      [
        0.48492008448901536,
        0.16719022892103969,
        0.1537547148320081
      ],
      [
        0.36647015546757705,
        0.18506605531543135,
        0.15411258926067356
      ],
      [
        0.41893964821043855,
        0.35772148526660386,
        0.2061765631284067
      ],
      [
        0.5068257708717521,
        0.34467712439232184,
        0.20581868869974124
      ],
      [
        0.47520593513871046,
        0.10715976941989125,
        0.16586970780168528
      ],
      [
        0.36501530788847053,
        0.1239223596206388,
        0.16622758223035075
      ]
    ],
    "keypoints_3d": [
      [
        -0.009827020857726736,
        -0.041415636525064525,
        0.1799656389802074
      ],
      [
        -0.015449318077294348,
        -0.016211111621134977,
        0.1940615701587295
      ],
      [
        0.0032778817266669383,
        -0.01894118653315452,
        0.19370369573006402
      ],
      [
        -0.002379291417617682,
        -0.05251033611233907,
        0.1537547148320081
      ],
      [
        -0.02110649122157896,
        -0.04978026120031953,
        0.15411258926067356
      ],
      [
        -0.017274750297835782,
        -0.030320936937790005,
        0.2061765631284067
      ],
      [
        0.0014524495061254902,
        -0.03305101184980949,
        0.20581868869974124
      ],
      [
        -0.004204723638159116,
        -0.0666201614289941,
        0.16586970780168528
      ],
      [
        -0.022931923442120396,
        -0.06389008651697459,
        0.16622758223035075
      ]
    ],
    "model_matrix": [
      -0.3382072275589316,
      0.07059851583725808,
      -0.9384197998702273,
      -0.04124257923659874,
      0.8501950607485791,
      -0.4045995219933675,
      -0.33684949974945533,
      -0.014711050930402302,
      -0.4034652771994401,
      -0.9117648141732135,
      0.07681597314402877,
      0.24603475837699854,
      0.0,
      0.0,
      0.0,
      1.0
    ],
    "view_matrix": [
      -0.433889931322049,
      0.851855643081145,
      -0.293396473816842,
      0.0569956615646687,
      -0.7049494119602913,
      -0.11819689369158481,
      0.6993395605129887,
      -0.2442902088228323,
      0.5610577992276622,
      0.5102660655701782,
      0.6517995767514299,
      0.05024630842355689,
      0.0,
      0.0,
      0.0,
      1.0
    ],
    "camera_intrinsics": {
      "fx": 494.17444569034376,
      "fy": 494.17444569034376,
      "cx": 256.0,
      "cy": 256.0,
      "image_width": 512,
      "image_height": 512,
      "model": "SIMPLE_RADIAL",
      "dist": [
        0.08253745755438292,
        0.0,
        0.0,
        0.0
      ]
    },
    "visibility": [
      1.0,
      1.0,
      1.0,
      1.0,
      1.0,
      1.0,
      1.0,
      1.0,
      1.0
    ],
    "keypoints_2d_visibility": [
      1.0,
      1.0,
      1.0,
      1.0,
      1.0,
      1.0,
      1.0,
      1.0,
      1.0
    ],
    "pose_6dof": {
      "translation": [
        -0.04124257923659874,
        -0.014711050930402302,
        0.24603475837699854
      ],
      "rotation": [
        -0.3382072275589316,
        0.07059851583725808,
        -0.9384197998702273,
        0.8501950607485791,
        -0.4045995219933675,
        -0.33684949974945533,
        -0.4034652771994401,
        -0.9117648141732135,
        0.07681597314402877
      ]
    },
    "pose_9dof": {
      "translation": [
        -0.04124257923659874,
        -0.014711050930402302,
        0.24603475837699854
      ],
      "rotation": [
        -0.3382072275589316,
        0.07059851583725808,
        -0.9384197998702273,
        0.8501950607485791,
        -0.4045995219933675,
        -0.33684949974945533,
        -0.4034652771994401,
        -0.9117648141732135,
        0.07681597314402877
      ],
      "scale": [
        0.018928533900685978,
        0.05248630760729242,
        0.018686691197577963
      ]
    }
  },
  {
    "frame_id": 9,
    "image": "frame_000009.png",
    "keypoints_2d": [
      [
        0.4412824282239685,
        0.2804497853608475,
        0.17938770439295298
      ],
      [
        0.41738134140201166,
        0.4231748399475116,
        0.19333166251206552
      ],
      [
        0.5108812717789682,
        0.40936282239974214,
        0.1930887223950134
      ],
      [
        0.4790621182070663,
        0.17048021223604143,
        0.1532712392771417
      ],
      [
        0.36028475140137384,
        0.18823886995553213,
        0.15351417939419382
      ],
      [
        0.4132173152573968,
        0.3615676930436902,
        0.20550416950876424
      ],
      [
        0.5012789604264655,
        0.3485026042925631,
        0.20526122939171215
      ],
      [
        0.4692793927426961,
        0.11066132125115175,
        0.16544374627384045
      ],
      [
        0.3588515401772113,
        0.12725369027093197,
        0.16568668639089254
      ]
    ],
