[
  {
    "frame_id": 0,
    "image": "frame_000000.png",
    "keypoints_2d": [
      [
        0.40082917266278095,
        0.228190228536937,
        0.03715460536624274
      ],
      [
        0.289546286122352,
        0.06657567312151164,
        0.030664055526988355
      ],
      [
        0.36471262010127303,
        0.4450732458923263,
        0.03971017448946626
      ],
      [
        0.5026856983442411,
        0.42256662149858115,
        0.03995183251505466
      ],
      [
        0.45812265342123704,
        0.03973259719665456,
        0.030905713552576753
      ],
      [
        0.2940029963511882,
        0.026983689915604958,
        0.03435737821743082
      ],
      [
        0.3594747263002813,
        0.37326677543266273,
        0.04340349717990871
      ],
      [
        0.48530262961817683,
        0.35289582797837116,
        0.043645155205497124
      ],
      [
        0.44275681867443023,
        0.003264051411966562,
        0.034599036243019216
      ]
    ],
    "keypoints_3d": [
      [
        -0.0033835124247905603,
        -0.009273611641832021,
        0.03715460536624274
      ],
      [
        -0.006187018962374996,
        -0.012742015713301105,
        0.030664055526988355
      ],
      [
        -0.004856907778298929,
        -0.0019719073535309963,
        0.03971017448946626
      ],
      [
        9.665208925121451e-05,
        -0.0027866487038878717,
        0.03995183251505466
      ],
      [
        -0.0012334590948248523,
        -0.013556757063657977,
        0.030905713552576753
      ],
      [
        -0.006863676938832335,
        -0.01576057457977617,
        0.03435737821743082
      ],
      [
        -0.005533565754756268,
        -0.004990466220006063,
        0.04340349717990871
      ],
      [
        -0.0005800058872061236,
        -0.005805207570362937,
        0.043645155205497124
      ],
      [
        -0.0019101170712821911,
        -0.016575315930133044,
        0.034599036243019216
      ]
    ],
    "model_matrix": [
      0.1002893672568812,
      0.9854195173808606,
      0.13744241550586228,
      -0.0046880728655768296,
      0.7624413348518592,
      -0.16486650455606985,
      0.6257014036941092,
      0.00012242763997989006,
      0.6392380258749707,
      0.04204058087532911,
      -0.76785892964472,
      0.044986170729234165,
      0.0,
      0.0,
      0.0,
      1.0
    ],
    "view_matrix": [
      0.9999765949515033,
      -0.0028288344516812685,
      -0.006229546118466571,
      0.0015850404689902824,
      0.0028250803198268722,
      0.9999958225771877,
      -0.0006113504397099655,
      -0.009355292272733254,
      0.006231249504204407,
      0.0005937371628825418,
      0.9999804093110013,
      -0.00780154419103175,
      0.0,
      0.0,
      0.0,
      1.0
    ],
    "camera_intrinsics": {
      "fx": 569.2007503734395,
      "fy": 569.2007503734395,
      "cx": 256.0,
      "cy": 256.0,
      "image_width": 512,
      "image_height": 512,
      "model": "SIMPLE_RADIAL",
      "dist": [
        -0.2894839084598249,
        0.0,
        0.0,
        0.0
      ]
    },
    "visibility": [
      1.0,
      1.0,
      1.0,
      1.0,
      1.0,
      1.0,
      1.0,
      1.0,
      1.0
    ],
    "keypoints_2d_visibility": [
      1.0,
      1.0,
      1.0,
      1.0,
      1.0,
      1.0,
      1.0,
      1.0,
      1.0
    ],
    "pose_6dof": {
      "translation": [
        -0.0046880728655768296,
        0.00012242763997989006,
        0.044986170729234165
      ],
      "rotation": [
        0.1002893672568812,
        0.9854195173808606,
        0.13744241550586228,
        0.7624413348518592,
        -0.16486650455606985,
        0.6257014036941092,
        0.6392380258749707,
        0.04204058087532911,
        -0.76785892964472
      ]
    },
    "pose_9dof": {
      "translation": [
        -0.0046880728655768296,
        0.00012242763997989006,
        0.044986170729234165
      ],
      "rotation": [
        0.1002893672568812,
        0.9854195173808606,
        0.13744241550586228,
        0.7624413348518592,
        -0.16486650455606985,
        0.6257014036941092,
        0.6392380258749707,
        0.04204058087532911,
        -0.76785892964472
      ],
      "scale": [
        0.014127869553704705,
        0.005025928514286294,
        0.004817696144757964
      ]
    }
  },
  {
    "frame_id": 1,
    "image": "frame_000001.png",
    "keypoints_2d": [
      [
        0.40064931786080815,
        0.2282428281586768,
        0.03721970517406266
      ],
      [
        0.2893460834487964,
        0.06662279856641418,
        0.030729423514411904
      ],
      [
        0.3645011947004457,
        0.4451683654187756,
        0.039774903345720314
      ],
      [
        0.5025138338844859,
        0.4226756905746629,
        0.0400164770483516
      ],
      [
        0.457951212950363,
        0.03979952643040929,
        0.0309709972170432
      ],
      [
        0.2937844335609117,
        0.02688886119559747,
        0.03442293329977371
      ],
      [
        0.35926949608026515,
        0.3733168823473503,
        0.04346841313108211
      ],
      [
        0.48515276172593524,
        0.35295532549519343,
        0.0437099868337134
      ],
      [
        0.4426035183591176,
        0.003181868269760524,
        0.034664507002405
      ]
    ],
    "keypoints_3d": [
      [
        -0.0033888440507165696,
        -0.009269616022803623,
        0.03721970517406266
      ],
      [
        -0.006192012556095784,
        -0.012738795066029596,
        0.030729423514411904
      ],
      [
        -0.004863242449315089,
        -0.0019679843838564396,
        0.039774903345720314
      ],
      [
        9.044311164261589e-05,
        -0.002781986189795585,
        0.0400164770483516
      ],
      [
        -0.0012383269951380792,
        -0.013552796871968743,
        0.0309709972170432
      ],
      [
        -0.006868131213075756,
        -0.015757245855811664,
        0.03442293329977371
      ],
      [
        -0.005539361106295059,
        -0.004986435173638506,
        0.04346841313108211
      ],
      [
        -0.000585675545337355,
        -0.005800436979577651,
        0.0437099868337134
      ],
      [
        -0.0019144456521180504,
        -0.016571247661750808,
        0.034664507002405
      ]
    ],
    "model_matrix": [
      0.1002893672568812,
      0.9854195173808606,
      0.13744241550586228,
      -0.0046880728655768296,
      0.7624413348518592,
      -0.16486650455606985,
      0.6257014036941092,
      0.00012242763997989006,
      0.6392380258749707,
      0.04204058087532911,
      -0.76785892964472,
      0.044986170729234165,
      0.0,
      0.0,
      0.0,
      1.0
    ],
    "view_matrix": [
      0.9999763333465356,
      -0.0029753762279450128,
      -0.006203215546836113,
      0.0015785410458141829,
      0.002971982977457167,
      0.9999954289905839,
      -0.0005561610555480808,
      -0.009353090674214208,
      0.006204841980263024,
      0.0005377120420664142,
      0.999980605212801,
      -0.007736570137456755,
      0.0,
      0.0,
      0.0,
      1.0
    ],
    "camera_intrinsics": {
      "fx": 570.266031426574,
      "fy": 570.266031426574,
      "cx": 256.0,
      "cy": 256.0,
      "image_width": 512,
      "image_height": 512,
      "model": "SIMPLE_RADIAL",
      "dist": [
        -0.2889654066902882,
        0.0,
        0.0,
        0.0
      ]
    },
    "visibility": [
      1.0,
      1.0,
      1.0,
      1.0,
      1.0,
      1.0,
      1.0,
      1.0,
      1.0
    ],
    "keypoints_2d_visibility": [
      1.0,
      1.0,
      1.0,
      1.0,
      1.0,
      1.0,
      1.0,
      1.0,
      1.0
    ],
    "pose_6dof": {
      "translation": [
        -0.0046880728655768296,
        0.00012242763997989006,
        0.044986170729234165
      ],
      "rotation": [
        0.1002893672568812,
        0.9854195173808606,
        0.13744241550586228,
        0.7624413348518592,
        -0.16486650455606985,
        0.6257014036941092,
        0.6392380258749707,
        0.04204058087532911,
        -0.76785892964472
      ]
    },
    "pose_9dof": {
      "translation": [
        -0.0046880728655768296,
        0.00012242763997989006,
        0.044986170729234165
      ],
      "rotation": [
        0.1002893672568812,
        0.9854195173808606,
        0.13744241550586228,
        0.7624413348518592,
        -0.16486650455606985,
        0.6257014036941092,
        0.6392380258749707,
        0.04204058087532911,
        -0.76785892964472
      ],
      "scale": [
        0.014127869553704705,
        0.005025928514286294,
        0.004817696144757964
      ]
    }
  },
  {
    "frame_id": 2,
    "image": "frame_000002.png",
    "keypoints_2d": [
      [
        0.40117446072841534,
        0.2284668151244696,
        0.03721531895840355
      ],
      [
        0.2898936364379253,
        0.066847946605045,
        0.030727132872254193
      ],
      [
        0.3649360431250151,
        0.44539413558288526,
        0.03977056093192313
      ],
      [
        0.5029824666436848,
        0.4229616231491129,
        0.04000923805469386
      ],
      [
        0.4585139852971444,
        0.04007401839653296,
        0.03096580999502493
      ],
      [
        0.2943906485352098,
        0.027116721072624417,
        0.03442139986211323
      ],
      [
        0.3597614591260153,
        0.37351755007453347,
        0.04346482792178216
      ],
      [
        0.4856713507554807,
        0.3532079942996627,
        0.04370350504455291
      ],
      [
        0.4432140512544113,
        0.0034543218805061504,
        0.03466007698488395
      ]
    ],
    "keypoints_3d": [
      [
        -0.0033705059216460787,
        -0.009260806612256516,
        0.03721531895840355
      ],
      [
        -0.006175887878250134,
        -0.012732115632520403,
        0.030727132872254193
      ],
      [
        -0.004846947520381182,
        -0.0019596031780687462,
        0.03977056093192313
      ],
      [
        0.0001072821795674128,
        -0.0027711441455677277,
        0.04000923805469386
      ],
      [
        -0.001221658178301541,
        -0.013543656600019383,
        0.03096580999502493
      ],
      [
        -0.00684829402285957,
        -0.015750469078945305,
        0.03442139986211323
      ],
      [
        -0.005519353664990614,
        -0.00497795662449365,
        0.04346482792178216
      ],
      [
        -0.0005651239650420214,
        -0.005789497591992631,
        0.04370350504455291
      ],
      [
        -0.0018940643229109753,
        -0.016562010046444288,
        0.03466007698488395
      ]
    ],
    "model_matrix": [
      0.1002893672568812,
      0.9854195173808606,
      0.13744241550586228,
      -0.0046880728655768296,
      0.7624413348518592,
      -0.16486650455606985,
      0.6257014036941092,
      0.00012242763997989006,
      0.6392380258749707,
      0.04204058087532911,
      -0.76785892964472,
      0.044986170729234165,
      0.0,
      0.0,
      0.0,
      1.0
    ],
    "view_matrix": [
      0.9999783166881243,
      -0.003466202698647492,
      -0.0055992492744364126,
      0.0015697784338161353,
      0.003463775853806519,
      0.9999939029576403,
      -0.000443062501204196,
      -0.009347063386874336,
      0.005600750880013748,
      0.00042365834970556544,
      0.9999842259271806,
      -0.007743937294962134,
      0.0,
      0.0,
      0.0,
      1.0
    ],
    "camera_intrinsics": {
      "fx": 570.2737849850616,
      "fy": 570.2737849850616,
      "cx": 256.0,
      "cy": 256.0,
      "image_width": 512,
      "image_height": 512,
      "model": "SIMPLE_RADIAL",
      "dist": [
        -0.28982425435122505,
        0.0,
        0.0,
        0.0
      ]
    },
    "visibility": [
      1.0,
      1.0,
      1.0,
      1.0,
      1.0,
      1.0,
      1.0,
      1.0,
      1.0
    ],
    "keypoints_2d_visibility": [
      1.0,
      1.0,
      1.0,
      1.0,
      1.0,
      1.0,
      1.0,
      1.0,
      1.0
    ],
    "pose_6dof": {
      "translation": [
        -0.0046880728655768296,
        0.00012242763997989006,
        0.044986170729234165
      ],
      "rotation": [
        0.1002893672568812,
        0.9854195173808606,
        0.13744241550586228,
        0.7624413348518592,
        -0.16486650455606985,
        0.6257014036941092,
        0.6392380258749707,
        0.04204058087532911,
        -0.76785892964472
      ]
    },
    "pose_9dof": {
      "translation": [
        -0.0046880728655768296,
        0.00012242763997989006,
        0.044986170729234165
      ],
      "rotation": [
        0.1002893672568812,
        0.9854195173808606,
        0.13744241550586228,
        0.7624413348518592,
        -0.16486650455606985,
        0.6257014036941092,
        0.6392380258749707,
        0.04204058087532911,
        -0.76785892964472
      ],
      "scale": [
        0.014127869553704705,
        0.005025928514286294,
        0.004817696144757964
      ]
    }
  },
  {
    "frame_id": 3,
    "image": "frame_000003.png",
    "keypoints_2d": [
      [
        0.4026431032566706,
        0.2280729544038536,
        0.037192797205641455
      ],
      [
        0.2913365021475659,
        0.06650631747347213,
        0.030706503519151038
      ],
      [
        0.3664031751310376,
        0.44498734043703936,
        0.03975356683363402
      ],
      [
        0.5044542299406177,
        0.42256482236122755,
        0.03998546210287727
      ],
      [
        0.459961257249001,
        0.03971624312872135,
        0.030938398788394293
      ],
      [
        0.295841260279226,
        0.026811188088655624,
        0.03440013230840565
      ],
      [
        0.3612365081604132,
        0.37310533845665717,
        0.043447195622888624
      ],
      [
        0.48714392380852395,
        0.3528008867726856,
        0.04367909089213187
      ],
      [
        0.44465181302269063,
        0.003136827831794642,
        0.03463202757764889
      ]
    ],
    "keypoints_3d": [
      [
        -0.0033203291927093826,
        -0.009273994323795824,
        0.037192797205641455
      ],
      [
        -0.006133613656252864,
        -0.012742443208367503,
        0.030706503519151038
      ],
      [
        -0.0047944233422221915,
        -0.0019742533505947898,
        0.03975356683363402
      ],
      [
        0.00016021439380203774,
        -0.0027852693304517406,
        0.03998546210287727
      ],
      [
        -0.0011789759202286345,
        -0.013553459188224454,
        0.030938398788394293
      ],
      [
        -0.0068008727792208045,
        -0.015762719317139906,
        0.03440013230840565
      ],
      [
        -0.005461682465190132,
        -0.004994529459367195,
        0.043447195622888624
      ],
      [
        -0.0005070447291659018,
        -0.005805545439224144,
        0.04367909089213187
      ],
      [
        -0.001846235043196574,
        -0.016573735296996857,
        0.03463202757764889
      ]
    ],
    "model_matrix": [
      0.1002893672568812,
      0.9854195173808606,
      0.13744241550586228,
      -0.0046880728655768296,
      0.7624413348518592,
      -0.16486650455606985,
      0.6257014036941092,
      0.00012242763997989006,
      0.6392380258749707,
      0.04204058087532911,
      -0.76785892964472,
      0.044986170729234165,
      0.0,
      0.0,
      0.0,
      1.0
    ],
    "view_matrix": [
      0.9999842427929523,
      -0.003594899081022575,
      -0.004311712699516562,
      0.0015620773605789634,
      0.003590874894865105,
      0.999993110332761,
      -0.0009406936270821299,
      -0.009337268633019896,
      0.004315064691906353,
      0.0009251959834913143,
      0.9999902620671348,
      -0.007772819383147729,
      0.0,
      0.0,
      0.0,
      1.0
    ],
    "camera_intrinsics": {
      "fx": 569.9778371655267,
      "fy": 569.9778371655267,
      "cx": 256.0,
      "cy": 256.0,
      "image_width": 512,
      "image_height": 512,
      "model": "SIMPLE_RADIAL",
      "dist": [
        -0.29058153412131826,
        0.0,
        0.0,
        0.0
      ]
    },
    "visibility": [
      1.0,
      1.0,
      1.0,
      1.0,
      1.0,
      1.0,
      1.0,
      1.0,
      1.0
    ],
    "keypoints_2d_visibility": [
      1.0,
      1.0,
      1.0,
      1.0,
      1.0,
      1.0,
      1.0,
      1.0,
      1.0
    ],
    "pose_6dof": {
      "translation": [
        -0.0046880728655768296,
        0.00012242763997989006,
        0.044986170729234165
      ],
      "rotation": [
        0.1002893672568812,
        0.9854195173808606,
        0.13744241550586228,
        0.7624413348518592,
        -0.16486650455606985,
        0.6257014036941092,
        0.6392380258749707,
        0.04204058087532911,
        -0.76785892964472
      ]
    },
    "pose_9dof": {
      "translation": [
        -0.0046880728655768296,
        0.00012242763997989006,
        0.044986170729234165
      ],
      "rotation": [
        0.1002893672568812,
        0.9854195173808606,
        0.13744241550586228,
        0.7624413348518592,
        -0.16486650455606985,
        0.6257014036941092,
        0.6392380258749707,
        0.04204058087532911,
        -0.76785892964472
      ],
      "scale": [
        0.014127869553704705,
        0.005025928514286294,
        0.004817696144757964
      ]
    }
  },
  {
    "frame_id": 4,
    "image": "frame_000004.png",
    "keypoints_2d": [
      [
        0.4009533460757405,
        0.22488948033264927,
        0.037238654885305866
      ],
      [
        0.2897819064062567,
        0.06315762668915842,
        0.03074109786789224
      ],
      [
        0.36443191139516806,
        0.442157898677328,
        0.039810247086093556
      ],
      [
        0.5027586324533905,
        0.419791816653605,
        0.040049307269436465
      ],
      [
        0.45863471502635944,
        0.03646604246614604,
        0.030980158051235156
      ],
      [
        0.2942846180938371,
        0.02344824648003735,
        0.03442800250117527
      ],
      [
        0.35927533575734194,
        0.3701710184464416,
        0.04349715171937658
      ],
      [
        0.48545555258691864,
        0.3499185118957019,
        0.04373621190271949
      ],
      [
        0.4433186755326014,
        -0.00014850449909664665,
        0.03466706268451818
      ]
    ],
    "keypoints_3d": [
      [
        -0.003371899917758445,
        -0.009365739294435392,
        0.037238654885305866
      ],
      [
        -0.00617133313593952,
        -0.012824299600040945,
        0.03074109786789224
      ],
      [
        -0.004855773790499907,
        -0.002071786675467386,
        0.039810247086093556
      ],
      [
        9.90405305427587e-05,
        -0.002879637344493911,
        0.040049307269436465
      ],
      [
        -0.0012165188148968553,
        -0.013632150269067469,
        0.030980158051235156
      ],
      [
        -0.006842840366059646,
        -0.01585184124437687,
        0.03442800250117527
      ],
      [
        -0.005527281020620034,
        -0.005099328319803314,
        0.04349715171937658
      ],
      [
        -0.0005724666995773687,
        -0.005907178988829839,
        0.04373621190271949
      ],
      [
        -0.001888026045016983,
        -0.0166596919134034,
        0.03466706268451818
      ]
    ],
    "model_matrix": [
      0.1002893672568812,
      0.9854195173808606,
      0.13744241550586228,
      -0.0046880728655768296,
      0.7624413348518592,
      -0.16486650455606985,
      0.6257014036941092,
      0.00012242763997989006,
      0.6392380258749707,
      0.04204058087532911,
      -0.76785892964472,
      0.044986170729234165,
      0.0,
      0.0,
      0.0,
      1.0
    ],
    "view_matrix": [
      0.9999723091983478,
      -0.004324262797315789,
      -0.00605653265357073,
      0.0015890327525921756,
      0.004307478696012055,
      0.9999868542240846,
      -0.002781547465489339,
      -0.009342840381841164,
      0.006068481177973626,
      0.0027553820568332285,
      0.9999777904563248,
      -0.00771840457458145,
      0.0,
      0.0,
      0.0,
      1.0
    ],
    "camera_intrinsics": {
      "fx": 572.0104987287339,
      "fy": 572.0104987287339,
      "cx": 256.0,
      "cy": 256.0,
      "image_width": 512,
      "image_height": 512,
      "model": "SIMPLE_RADIAL",
      "dist": [
        -0.29255726519100306,
        0.0,
        0.0,
        0.0
      ]
    },
    "visibility": [
      1.0,
      1.0,
      1.0,
      1.0,
      1.0,
      1.0,
      1.0,
      1.0,
      0.0
    ],
    "keypoints_2d_visibility": [
      1.0,
      1.0,
      1.0,
      1.0,
      1.0,
      1.0,
      1.0,
      1.0,
      0.0
    ],
    "pose_6dof": {
      "translation": [
        -0.0046880728655768296,
        0.00012242763997989006,
        0.044986170729234165
      ],
      "rotation": [
        0.1002893672568812,
        0.9854195173808606,
        0.13744241550586228,
        0.7624413348518592,
        -0.16486650455606985,
        0.6257014036941092,
        0.6392380258749707,
        0.04204058087532911,
        -0.76785892964472
      ]
    },
    "pose_9dof": {
      "translation": [
        -0.0046880728655768296,
        0.00012242763997989006,
        0.044986170729234165
      ],
      "rotation": [
        0.1002893672568812,
        0.9854195173808606,
        0.13744241550586228,
        0.7624413348518592,
        -0.16486650455606985,
        0.6257014036941092,
        0.6392380258749707,
        0.04204058087532911,
        -0.76785892964472
      ],
      "scale": [
        0.014127869553704705,
        0.005025928514286294,
        0.004817696144757964
      ]
    }
  },
  {
    "frame_id": 5,
    "image": "frame_000005.png",
    "keypoints_2d": [
      [
        0.40039742929567723,
        0.22507382532727316,
        0.037215006621147975
      ],
      [
        0.28924055045499597,
        0.06335475323255235,
        0.030714819816901603
      ],
      [
        0.3638413584328488,
        0.44236098543049124,
        0.03978765058087824
      ],
      [
        0.5021903623200308,
        0.42000269679700797,
        0.04002951003936338
      ],
      [
        0.45814687009133637,
        0.03667260433059283,
        0.030956679275386745
      ],
      [
        0.293760342600646,
        0.02360668920051362,
        0.034400503202932586
      ],
      [
        0.358687096742691,
        0.37032002733296737,
        0.04347333396690922
      ],
      [
        0.4848847289531086,
        0.3500767189945138,
        0.04371519342539436
      ],
      [
        0.4428273106948287,
        1.9326428606081247e-05,
        0.03464236266141772
      ]
    ],
    "keypoints_3d": [
      [
        -0.003390042242099268,
        -0.009357302115885332,
        0.037215006621147975
      ],
      [
        -0.006185221730180067,
        -0.012814360990770267,
        0.030714819816901603
      ],
      [
        -0.004876110358771328,
        -0.0020641671566115636,
        0.03978765058087824
      ],
      [
        7.86272179953459e-05,
        -0.002871655223664956,
        0.04002951003936338
      ],
      [
        -0.0012304841534133933,
        -0.013621849057823657,
        0.030956679275386745
      ],
      [
        -0.00685871170219388,
        -0.01584294900810571,
        0.034400503202932586
      ],
      [
        -0.00554960033078514,
        -0.005092755173947005,
        0.04347333396690922
      ],
      [
        -0.0005948627540184671,
        -0.005900243241000398,
        0.04371519342539436
      ],
      [
        -0.0019039741254272067,
        -0.016650437075159102,
        0.03464236266141772
      ]
    ],
    "model_matrix": [
      0.1002893672568812,
      0.9854195173808606,
      0.13744241550586228,
      -0.0046880728655768296,
      0.7624413348518592,
      -0.16486650455606985,
      0.6257014036941092,
      0.00012242763997989006,
      0.6392380258749707,
      0.04204058087532911,
      -0.76785892964472,
      0.044986170729234165,
      0.0,
      0.0,
      0.0,
      1.0
    ],
    "view_matrix": [
      0.9999680549665417,
      -0.004412214454333051,
      -0.006664938862460287,
      0.0015982511174022923,
      0.004391962149663932,
      0.9999857033127645,
      -0.003050219426823377,
      -0.009321920475078361,
      0.006678301798157844,
      0.0030208498282479823,
      0.999973137014894,
      -0.007739017115319036,
      0.0,
      0.0,
      0.0,
      1.0
    ],
    "camera_intrinsics": {
      "fx": 571.8063918103119,
      "fy": 571.8063918103119,
      "cx": 256.0,
      "cy": 256.0,
      "image_width": 512,
      "image_height": 512,
      "model": "SIMPLE_RADIAL",
      "dist": [
        -0.29293879547410007,
        0.0,
        0.0,
        0.0
      ]
    },
    "visibility": [
      1.0,
      1.0,
      1.0,
      1.0,
      1.0,
      1.0,
      1.0,
      1.0,
      1.0
    ],
    "keypoints_2d_visibility": [
      1.0,
      1.0,
      1.0,
      1.0,
      1.0,
      1.0,
      1.0,
      1.0,
      1.0
    ],
    "pose_6dof": {
      "translation": [
        -0.0046880728655768296,
        0.00012242763997989006,
        0.044986170729234165
      ],
      "rotation": [
        0.1002893672568812,
        0.9854195173808606,
        0.13744241550586228,
        0.7624413348518592,
        -0.16486650455606985,
        0.6257014036941092,
        0.6392380258749707,
        0.04204058087532911,
        -0.76785892964472
      ]
    },
    "pose_9dof": {
      "translation": [
        -0.0046880728655768296,
        0.00012242763997989006,
        0.044986170729234165
      ],
      "rotation": [
        0.1002893672568812,
        0.9854195173808606,
        0.13744241550586228,
        0.7624413348518592,
        -0.16486650455606985,
        0.6257014036941092,
        0.6392380258749707,
        0.04204058087532911,
        -0.76785892964472
      ],
      "scale": [
        0.014127869553704705,
        0.005025928514286294,
        0.004817696144757964
      ]
    }
  },
  {
    "frame_id": 6,
    "image": "frame_000006.png",
    "keypoints_2d": [
      [
        0.3999812285174111,
        0.22367945574128356,
        0.037244802227433746
      ],
      [
        0.2888066822792306,
        0.061882381950773446,
        0.030740858790384774
      ],
      [
        0.363399741700356,
        0.4411048037254722,
        0.0398223162254261
      ],
      [
        0.5018314545292498,
        0.41872488895991633,
        0.040065621170374176
      ],
      [
        0.45779472369607244,
        0.03518991466049454,
        0.03098416373533286
      ],
      [
        0.29328619385534294,
        0.02211021407760977,
        0.034423983284493316
      ],
      [
        0.3582166368390906,
        0.3690442125789424,
        0.04350544071953463
      ],
      [
        0.4845024264019154,
        0.3487808167783357,
        0.04374874566448272
      ],
      [
        0.44244717047411075,
        -0.001490481948342004,
        0.034667288229441394
      ]
    ],
    "keypoints_3d": [
      [
        -0.0034021684031034964,
        -0.009399125892773315,
        0.037244802227433746
      ],
      [
        -0.0061948512605375676,
        -0.01285113330159627,
        0.030740858790384774
      ],
      [
        -0.004888886204250024,
        -0.00210784310474386,
        0.0398223162254261
      ],
      [
        6.570461774248605e-05,
        -0.0029157972625445446,
        0.040065621170374176
      ],
      [
        -0.0012402604385450566,
        -0.013659087459396951,
        0.03098416373533286
      ],
      [
        -0.006870041423949478,
        -0.015882454523002083,
        0.034423983284493316
      ],
      [
        -0.005564076367661936,
        -0.005139164326149677,
        0.04350544071953463
      ],
      [
        -0.000609485545669424,
        -0.005947118483950361,
        0.04374874566448272
      ],
      [
        -0.0019154506019569669,
        -0.016690408680802772,
        0.034667288229441394
      ]
    ],
    "model_matrix": [
      0.1002893672568812,
      0.9854195173808606,
      0.13744241550586228,
      -0.0046880728655768296,
      0.7624413348518592,
      -0.16486650455606985,
      0.6257014036941092,
      0.00012242763997989006,
      0.6392380258749707,
      0.04204058087532911,
      -0.76785892964472,
      0.044986170729234165,
      0.0,
      0.0,
      0.0,
      1.0
    ],
    "view_matrix": [
      0.9999654506416376,
      -0.004356384738183439,
      -0.007079508110000171,
      0.001604755794981677,
      0.004329544929911243,
      0.9999833993602293,
      -0.0038021105533819818,
      -0.009330211883783978,
      0.007095954042023923,
      0.003771328144458023,
      0.9999677117388642,
      -0.0077071113417769375,
      0.0,
      0.0,
      0.0,
      1.0
    ],
    "camera_intrinsics": {
      "fx": 572.6855912205251,
      "fy": 572.6855912205251,
      "cx": 256.0,
      "cy": 256.0,
      "image_width": 512,
      "image_height": 512,
      "model": "SIMPLE_RADIAL",
      "dist": [
        -0.29272179934983655,
        0.0,
        0.0,
        0.0
      ]
    },
    "visibility": [
      1.0,
      1.0,
      1.0,
      1.0,
      1.0,
      1.0,
      1.0,
      1.0,
      0.0
    ],
    "keypoints_2d_visibility": [
      1.0,
      1.0,
      1.0,
      1.0,
      1.0,
      1.0,
      1.0,
      1.0,
      0.0
    ],
    "pose_6dof": {
      "translation": [
        -0.0046880728655768296,
        0.00012242763997989006,
        0.044986170729234165
      ],
      "rotation": [
        0.1002893672568812,
        0.9854195173808606,
        0.13744241550586228,
        0.7624413348518592,
        -0.16486650455606985,
        0.6257014036941092,
        0.6392380258749707,
        0.04204058087532911,
        -0.76785892964472
      ]
    },
    "pose_9dof": {
      "translation": [
        -0.0046880728655768296,
        0.00012242763997989006,
        0.044986170729234165
      ],
      "rotation": [
        0.1002893672568812,
        0.9854195173808606,
        0.13744241550586228,
        0.7624413348518592,
        -0.16486650455606985,
        0.6257014036941092,
        0.6392380258749707,
        0.04204058087532911,
        -0.76785892964472
      ],
      "scale": [
        0.014127869553704705,
        0.005025928514286294,
        0.004817696144757964
      ]
    }
  },
  {
    "frame_id": 7,
    "image": "frame_000007.png",
    "keypoints_2d": [
      [
        0.399178842545284,
        0.22446466365936246,
        0.03734546208706805
      ],
      [
        0.28777483719910874,
        0.06272877239735175,
        0.030843112286757436
      ],
      [
        0.3627965827548255,
        0.44193136211935746,
        0.03991932660885363
      ],
      [
        0.5012157159756728,
        0.4194428858164337,
        0.040163220588049664
      ],
      [
        0.4567612196531715,
        0.03590698162801226,
        0.031087006265953475
      ],
      [
        0.29220209553974597,
        0.022700393317976963,
        0.034527703586086436
      ],
      [
        0.3575674762717913,
        0.36982467029909083,
        0.043603917908182625
      ],
      [
        0.483871880094757,
        0.3494579839740185,
        0.043847811887378664
      ],
      [
        0.4414300100916678,
        -0.0010208032996589234,
        0.03477159756528247
      ]
    ],
    "keypoints_3d": [
      [
        -0.0034292818695334905,
        -0.009371925071910535,
        0.03734546208706805
      ],
      [
        -0.006224447524343003,
        -0.012824925066361872,
        0.030843112286757436
      ],
      [
        -0.004910327241427823,
        -0.0020781990724647844,
        0.03991932660885363
      ],
      [
        4.36133206189915e-05,
        -0.0028899540018216966,
        0.040163220588049664
      ],
      [
        -0.001270506962296188,
        -0.013636679995718782,
        0.031087006265953475
      ],
      [
        -0.006902177059685973,
        -0.015853896141999373,
        0.034527703586086436
      ],
      [
        -0.005588056776770794,
        -0.005107170148102287,
        0.043603917908182625
      ],
      [
        -0.0006341162147239789,
        -0.005918925077459199,
        0.043847811887378664
      ],
      [
        -0.0019482364976391587,
        -0.016665651071356286,
        0.03477159756528247
      ]
    ],
    "model_matrix": [
      0.1002893672568812,
      0.9854195173808606,
      0.13744241550586228,
      -0.0046880728655768296,
      0.7624413348518592,
      -0.16486650455606985,
      0.6257014036941092,
      0.00012242763997989006,
      0.6392380258749707,
      0.04204058087532911,
      -0.76785892964472,
      0.044986170729234165,
      0.0,
      0.0,
      0.0,
      1.0
    ],
    "view_matrix": [
      0.99996829232727,
      -0.00356513694758595,
      -0.007120683859599706,
      0.0015794111192827351,
      0.003541681603410272,
      0.9999882703932242,
      -0.003303871575573404,
      -0.00932911908367268,
      0.007132379091402214,
      0.003278547622465499,
      0.9999691896723537,
      -0.007606286875468963,
      0.0,
      0.0,
      0.0,
      1.0
    ],
    "camera_intrinsics": {
      "fx": 574.0711314065294,
      "fy": 574.0711314065294,
      "cx": 256.0,
      "cy": 256.0,
      "image_width": 512,
      "image_height": 512,
      "model": "SIMPLE_RADIAL",
      "dist": [
        -0.29067416729527623,
        0.0,
        0.0,
        0.0
      ]
    },
    "visibility": [
      1.0,
      1.0,
      1.0,
      1.0,
      1.0,
      1.0,
      1.0,
      1.0,
      0.0
    ],
    "keypoints_2d_visibility": [
      1.0,
      1.0,
      1.0,
      1.0,
      1.0,
      1.0,
      1.0,
      1.0,
      0.0
    ],
    "pose_6dof": {
      "translation": [
        -0.0046880728655768296,
        0.00012242763997989006,
        0.044986170729234165
      ],
      "rotation": [
        0.1002893672568812,
        0.9854195173808606,
        0.13744241550586228,
        0.7624413348518592,
        -0.16486650455606985,
        0.6257014036941092,
        0.6392380258749707,
        0.04204058087532911,
        -0.76785892964472
      ]
    },
    "pose_9dof": {
      "translation": [
        -0.0046880728655768296,
        0.00012242763997989006,
        0.044986170729234165
      ],
      "rotation": [
        0.1002893672568812,
        0.9854195173808606,
        0.13744241550586228,
        0.7624413348518592,
        -0.16486650455606985,
        0.6257014036941092,
        0.6392380258749707,
        0.04204058087532911,
        -0.76785892964472
      ],
      "scale": [
        0.014127869553704705,
        0.005025928514286294,
        0.004817696144757964
      ]
    }
  },
  {
    "frame_id": 8,
    "image": "frame_000008.png",
    "keypoints_2d": [
      [
        0.399451057753959,
        0.2238803843395259,
        0.0371834648952542
      ],
      [
        0.288343755412199,
        0.06221261956800117,
        0.030674025393039893
      ],
      [
        0.3629857503512118,
        0.4410936556033788,
        0.03976492325300576
      ],
      [
        0.5012478749000211,
        0.41867452535148764,
        0.04001276741756236
      ],
      [
        0.45725050717496185,
        0.03549413491889236,
        0.030921869557596494
      ],
      [
        0.29275963075243705,
        0.02243981552891522,
        0.03435416237294603
      ],
      [
        0.35773232129702964,
        0.3690652264940394,
        0.04344506023291189
      ],
      [
        0.4838571529597977,
        0.34877269090281804,
        0.0436929043974685
      ],
      [
        0.44182601078440775,
        -0.0011804254778571277,
        0.03460200653750263
      ]
    ],
    "keypoints_3d": [
      [
        -0.003423238771675001,
        -0.009400629711607275,
        0.0371834648952542
      ],
      [
        -0.006210821952291904,
        -0.012846393821824464,
        0.030674025393039893
      ],
      [
        -0.004909123684467982,
        -0.002110572668055707,
        0.03976492325300576
      ],
      [
        4.482195095480081e-05,
        -0.002921099251263705,
        0.04001276741756236
      ],
      [
        -0.0012568763168691215,
        -0.013656920405032458,
        0.030921869557596494
      ],
      [
        -0.006891299494304801,
        -0.015880160171950847,
        0.03435416237294603
      ],
      [
        -0.00558960122648088,
        -0.005144339018182093,
        0.04344506023291189
      ],
      [
        -0.0006356555910580965,
        -0.00595486560139009,
        0.0436929043974685
      ],
      [
        -0.0019373538588820193,
        -0.016690686755158845,
        0.03460200653750263
      ]
    ],
    "model_matrix": [
      0.1002893672568812,
      0.9854195173808606,
      0.13744241550586228,
      -0.0046880728655768296,
      0.7624413348518592,
      -0.16486650455606985,
      0.6257014036941092,
      0.00012242763997989006,
      0.6392380258749707,
      0.04204058087532911,
      -0.76785892964472,
      0.044986170729234165,
      0.0,
      0.0,
      0.0,
      1.0
    ],
    "view_matrix": [
      0.999959503962628,
      -0.0038787853996963676,
      -0.008120680922067334,
      0.0016304374544680908,
      0.0038419126166175295,
      0.9999822625806795,
      -0.004551288990091544,
      -0.009300298950200556,
      0.008138190355429217,
      0.004519905734432495,
      0.999956669216167,
      -0.007763157479952438,
      0.0,
      0.0,
      0.0,
      1.0
    ],
    "camera_intrinsics": {
      "fx": 571.2475457338745,
      "fy": 571.2475457338745,
      "cx": 256.0,
      "cy": 256.0,
      "image_width": 512,
      "image_height": 512,
      "model": "SIMPLE_RADIAL",
      "dist": [
        -0.2915464473423721,
        0.0,
        0.0,
        0.0
      ]
    },
    "visibility": [
      1.0,
      1.0,
      1.0,
      1.0,
      1.0,
      1.0,
      1.0,
      1.0,
      0.0
    ],
    "keypoints_2d_visibility": [
      1.0,
      1.0,
      1.0,
      1.0,
      1.0,
      1.0,
      1.0,
      1.0,
      0.0
    ],
    "pose_6dof": {
      "translation": [
        -0.0046880728655768296,
        0.00012242763997989006,
        0.044986170729234165
      ],
      "rotation": [
        0.1002893672568812,
        0.9854195173808606,
        0.13744241550586228,
        0.7624413348518592,
        -0.16486650455606985,
        0.6257014036941092,
        0.6392380258749707,
        0.04204058087532911,
        -0.76785892964472
      ]
    },
    "pose_9dof": {
      "translation": [
        -0.0046880728655768296,
        0.00012242763997989006,
        0.044986170729234165
      ],
      "rotation": [
        0.1002893672568812,
        0.9854195173808606,
        0.13744241550586228,
        0.7624413348518592,
        -0.16486650455606985,
        0.6257014036941092,
        0.6392380258749707,
        0.04204058087532911,
        -0.76785892964472
      ],
      "scale": [
        0.014127869553704705,
        0.005025928514286294,
        0.004817696144757964
      ]
    }
  },
  {
    "frame_id": 9,
    "image": "frame_000009.png",
    "keypoints_2d": [
      [
        0.39965667142092265,
        0.22343803324582884,
        0.03719656819620368
      ],
      [
        0.28821512322109666,
        0.06187631516696668,
        0.03069023263402118
      ],
      [
        0.363444260506948,
        0.44084668604514343,
        0.03977974242879914
      ],
      [
        0.5017914455232038,
        0.4182522027147121,
        0.04002202803930843
      ],
      [
        0.45714926613052465,
        0.03490268638451832,
        0.03093251824453048
      ],
      [
        0.292664039333864,
        0.02213456924361351,
        0.03437110835309892
      ],
      [
