[
  {
    "frame_id": 0,
    "image": "frame_000000.png",
    "keypoints_2d": [
      [
        0.5300550841795557,
        0.42764282771983153,
        0.5949115105706854
      ],
      [
        0.4999532258290278,
        0.5225407710163597,
        0.6181770167709936
      ],
      [
        0.5424605372386355,
        0.5395746569126478,
        0.5994887617859371
      ],
      [
        0.5081967433149128,
        0.3559851676535004,
        0.5541048033270494
      ],
      [
        0.4633411002557469,
        0.34348802788096133,
        0.5727930583121058
      ],
      [
        0.5490996642871093,
        0.48991664790733463,
        0.6357182178143215
      ],
      [
        0.5919398136669107,
        0.5054734954334471,
        0.6170299628292649
      ],
      [
        0.5627900184832045,
        0.3244952731741041,
        0.5716460043703773
      ],
      [
        0.517496586639617,
        0.31341348957453363,
        0.5903342593554337
      ]
    ],
    "keypoints_3d": [
      [
        0.01324457569010068,
        -0.03188612080608452,
        0.5949115105706854
      ],
      [
        -2.143078690425293e-05,
        0.010327632756842287,
        0.6181770167709936
      ],
      [
        0.018860701942089053,
        0.017578812163750124,
        0.5994887617859371
      ],
      [
        0.0033593044420298646,
        -0.05902218081413063,
        0.5541048033270494
      ],
      [
        -0.015522828286963442,
        -0.06627336022103847,
        0.5727930583121058
      ],
      [
        0.023129846938171494,
        -0.0047500607980384135,
        0.6357182178143215
      ],
      [
        0.0420119796671648,
        0.002501118608869368,
        0.6170299628292649
      ],
      [
        0.026510582167105612,
        -0.07409987436901133,
        0.5716460043703773
      ],
      [
        0.00762844943811225,
        -0.08135105377591917,
        0.5903342593554337
      ]
    ],
    "model_matrix": [
      -0.7072009934847783,
      -0.09811992882924025,
      -0.7001708608480416,
      -0.08409482287765414,
      0.3574995687981795,
      -0.9040185373917576,
      -0.23440252208793183,
      0.0018139647055837316,
      -0.609967878763512,
      -0.4160804773341481,
      0.6744006400190684,
      0.40959300560390416,
      0.0,
      0.0,
      0.0,
      1.0
    ],
    "view_matrix": [
      0.027242351593722847,
      0.5660054076314888,
      -0.8239512927422086,
      0.351993489055036,
      -0.4256319822942245,
      0.7523738925273695,
      0.5027633056334792,
      -0.27497268011640047,
      0.9044861911206459,
      0.3370035673032653,
      0.2614064377496095,
      0.5632925555094438,
      0.0,
      0.0,
      0.0,
      1.0
    ],
    "camera_intrinsics": {
      "fx": 690.7614178771278,
      "fy": 690.7614178771278,
      "cx": 256.0,
      "cy": 256.0,
      "image_width": 512,
      "image_height": 512,
      "model": "SIMPLE_RADIAL",
      "dist": [
        0.1874703659333186,
        0.0,
        0.0,
        0.0
      ]
    },
    "visibility": [
      1.0,
      1.0,
      1.0,
      1.0,
      1.0,
      1.0,
      1.0,
      1.0,
      1.0
    ],
    "keypoints_2d_visibility": [
      1.0,
      1.0,
      1.0,
      1.0,
      1.0,
      1.0,
      1.0,
      1.0,
      1.0
    ],
    "pose_6dof": {
      "translation": [
        -0.08409482287765414,
        0.0018139647055837316,
        0.40959300560390416
      ],
      "rotation": [
        -0.7072009934847783,
        -0.09811992882924025,
        -0.7001708608480416,
        0.3574995687981795,
        -0.9040185373917576,
        -0.23440252208793183,
        -0.609967878763512,
        -0.4160804773341481,
        0.6744006400190684
      ]
    },
    "pose_9dof": {
      "translation": [
        -0.08409482287765414,
        0.0018139647055837316,
        0.40959300560390416
      ],
      "rotation": [
        -0.7072009934847783,
        -0.09811992882924025,
        -0.7001708608480416,
        0.3574995687981795,
        -0.9040185373917576,
        -0.23440252208793183,
        -0.609967878763512,
        -0.4160804773341481,
        0.6744006400190684
      ],
      "scale": [
        0.02753843520559893,
        0.0903753790312949,
        0.032726323308323646
      ]
    }
  },
  {
    "frame_id": 1,
    "image": "frame_000001.png",
    "keypoints_2d": [
      [
        0.5307604123075638,
        0.4265283444714008,
        0.5944135605197388
      ],
      [
        0.5005495895669874,
        0.5214681113668016,
        0.6177098810736672
      ],
      [
        0.543075429186509,
        0.5385404063193948,
        0.5990217289777748
      ],
      [
        0.5089708702293307,
        0.3547745765071353,
        0.5535915723310629
      ],
      [
        0.4640834785698775,
        0.3422431949653948,
        0.5722797244269553
      ],
      [
        0.5497421377254905,
        0.488872491998693,
        0.6352355487084147
      ],
      [
        0.5926039207565198,
        0.5044666542771672,
        0.6165473966125222
      ],
      [
        0.5636227232006027,
        0.3233093081441294,
        0.5711172399658103
      ],
      [
        0.5182939129423259,
        0.3121949068155234,
        0.5898053920617028
      ]
    ],
    "keypoints_3d": [
      [
        0.013546769860799335,
        -0.03235664069733943,
        0.5944135605197388
      ],
      [
        0.00025167527067876394,
        0.00983095943545298,
        0.6177098810736672
      ],
      [
        0.019123221558615622,
        0.017109910288152896,
        0.5990217289777748
      ],
      [
        0.0036738427833450382,
        -0.05947420488962829,
        0.5535915723310629
      ],
      [
        -0.015197703504591875,
        -0.06675315574232824,
        0.5722797244269553
      ],
      [
        0.023419696938253687,
        -0.005239076505050566,
        0.6352355487084147
      ],
      [
        0.042291243226190545,
        0.002039874347649351,
        0.6165473966125222
      ],
      [
        0.02684186445091996,
        -0.07454424083013186,
        0.5711172399658103
      ],
      [
        0.007970318162983103,
        -0.08182319168283178,
        0.5898053920617028
      ]
    ],
    "model_matrix": [
      -0.7072009934847783,
      -0.09811992882924025,
      -0.7001708608480416,
      -0.08409482287765414,
      0.3574995687981795,
      -0.9040185373917576,
      -0.23440252208793183,
      0.0018139647055837316,
      -0.609967878763512,
      -0.4160804773341481,
      0.6744006400190684,
      0.40959300560390416,
      0.0,
      0.0,
      0.0,
      1.0
    ],
    "view_matrix": [
      0.02781597253467863,
      0.5654675651181926,
      -0.824301343242417,
      0.3524882756409931,
      -0.4261996586352545,
      0.7526204372764242,
      0.5019126700662542,
      -0.275142971493826,
      0.9042013728429873,
      0.3373557620571296,
      0.26193695263500094,
      0.562552719660607,
      0.0,
      0.0,
      0.0,
      1.0
    ],
    "camera_intrinsics": {
      "fx": 690.6083483435092,
      "fy": 690.6083483435092,
      "cx": 256.0,
      "cy": 256.0,
      "image_width": 512,
      "image_height": 512,
      "model": "SIMPLE_RADIAL",
      "dist": [
        0.18733851535889592,
        0.0,
        0.0,
        0.0
      ]
    },
    "visibility": [
      1.0,
      1.0,
      1.0,
      1.0,
      1.0,
      1.0,
      1.0,
      1.0,
      1.0
    ],
    "keypoints_2d_visibility": [
      1.0,
      1.0,
      1.0,
      1.0,
      1.0,
      1.0,
      1.0,
      1.0,
      1.0
    ],
    "pose_6dof": {
      "translation": [
        -0.08409482287765414,
        0.0018139647055837316,
        0.40959300560390416
      ],
      "rotation": [
        -0.7072009934847783,
        -0.09811992882924025,
        -0.7001708608480416,
        0.3574995687981795,
        -0.9040185373917576,
        -0.23440252208793183,
        -0.609967878763512,
        -0.4160804773341481,
        0.6744006400190684
      ]
    },
    "pose_9dof": {
      "translation": [
        -0.08409482287765414,
        0.0018139647055837316,
        0.40959300560390416
      ],
      "rotation": [
        -0.7072009934847783,
        -0.09811992882924025,
        -0.7001708608480416,
        0.3574995687981795,
        -0.9040185373917576,
        -0.23440252208793183,
        -0.609967878763512,
        -0.4160804773341481,
        0.6744006400190684
      ],
      "scale": [
        0.02753843520559893,
        0.0903753790312949,
        0.032726323308323646
      ]
    }
  },
  {
    "frame_id": 2,
    "image": "frame_000002.png",
    "keypoints_2d": [
      [
        0.5311580069530225,
        0.4251603512957538,
        0.5945626996777307
      ],
      [
        0.5009196543356902,
        0.5201187072711974,
        0.6179091129434289
      ],
      [
        0.5434508728947071,
        0.5372057391861825,
        0.599223670558888
      ],
      [
        0.5093755318056117,
        0.3533777228097038,
        0.5537137052123701
      ],
      [
        0.46447282460665273,
        0.34082491817100746,
        0.5723991475969109
      ],
      [
        0.5501321520377372,
        0.4875206312169963,
        0.6354116941430912
      ],
      [
        0.5930022761729177,
        0.5031300227790279,
        0.6167262517585503
      ],
      [
        0.5640600349354423,
        0.32189055130657074,
        0.5712162864120324
      ],
      [
        0.518712654762867,
        0.3107561246828499,
        0.5899017287965732
      ]
    ],
    "keypoints_3d": [
      [
        0.013717438054260678,
        -0.032948456769104795,
        0.5945626996777307
      ],
      [
        0.00042104932449282817,
        0.009211034817608599,
        0.6179091129434289
      ],
      [
        0.0192859853145968,
        0.01651403738889773,
        0.599223670558888
      ],
      [
        0.003838075097307825,
        -0.060022974958903796,
        0.5537137052123701
      ],
      [
        -0.015026860892796146,
        -0.06732597753019293,
        0.5723991475969109
      ],
      [
        0.02359680101121353,
        -0.005873938579305793,
        0.6354116941430912
      ],
      [
        0.0424617370013175,
        0.001429063991983337,
        0.6167262517585503
      ],
      [
        0.027013826784028527,
        -0.07510794835581819,
        0.5712162864120324
      ],
      [
        0.008148890793924557,
        -0.08241095092710732,
        0.5899017287965732
      ]
    ],
    "model_matrix": [
      -0.7072009934847783,
      -0.09811992882924025,
      -0.7001708608480416,
      -0.08409482287765414,
      0.3574995687981795,
      -0.9040185373917576,
      -0.23440252208793183,
      0.0018139647055837316,
      -0.609967878763512,
      -0.4160804773341481,
      0.6744006400190684,
      0.40959300560390416,
      0.0,
      0.0,
      0.0,
      1.0
    ],
    "view_matrix": [
      0.028149515609653453,
      0.5654224277221408,
      -0.8243209829912994,
      0.3526951192616839,
      -0.42718804104684466,
      0.7523545169260926,
      0.5014708949156125,
      -0.27563647502754696,
      0.9037245057856409,
      0.3380239031336487,
      0.2627201144807768,
      0.5623397671692584,
      0.0,
      0.0,
      0.0,
      1.0
    ],
    "camera_intrinsics": {
      "fx": 690.9838328194343,
      "fy": 690.9838328194343,
      "cx": 256.0,
      "cy": 256.0,
      "image_width": 512,
      "image_height": 512,
      "model": "SIMPLE_RADIAL",
      "dist": [
        0.18947082784339034,
        0.0,
        0.0,
        0.0
      ]
    },
    "visibility": [
      1.0,
      1.0,
      1.0,
      1.0,
      1.0,
      1.0,
      1.0,
      1.0,
      1.0
    ],
    "keypoints_2d_visibility": [
      1.0,
      1.0,
      1.0,
      1.0,
      1.0,
      1.0,
      1.0,
      1.0,
      1.0
    ],
    "pose_6dof": {
      "translation": [
        -0.08409482287765414,
        0.0018139647055837316,
        0.40959300560390416
      ],
      "rotation": [
        -0.7072009934847783,
        -0.09811992882924025,
        -0.7001708608480416,
        0.3574995687981795,
        -0.9040185373917576,
        -0.23440252208793183,
        -0.609967878763512,
        -0.4160804773341481,
        0.6744006400190684
      ]
    },
    "pose_9dof": {
      "translation": [
        -0.08409482287765414,
        0.0018139647055837316,
        0.40959300560390416
      ],
      "rotation": [
        -0.7072009934847783,
        -0.09811992882924025,
        -0.7001708608480416,
        0.3574995687981795,
        -0.9040185373917576,
        -0.23440252208793183,
        -0.609967878763512,
        -0.4160804773341481,
        0.6744006400190684
      ],
      "scale": [
        0.02753843520559893,
        0.0903753790312949,
        0.032726323308323646
      ]
    }
  },
  {
    "frame_id": 3,
    "image": "frame_000003.png",
    "keypoints_2d": [
      [
        0.532998847048291,
        0.41878445125189445,
        0.5941640012523249
      ],
      [
        0.5027494616396248,
        0.5139969137381699,
        0.6177106822544616
      ],
      [
        0.545367667822188,
        0.5310777685174753,
        0.5990295382183785
      ],
      [
        0.511116666731281,
        0.34675698408619227,
        0.5532133102146192
      ],
      [
        0.466090733286762,
        0.33420955466185004,
        0.5718944542507023
      ],
      [
        0.5520500475008374,
        0.481311917398427,
        0.6351146922900307
      ],
      [
        0.5950177256300819,
        0.49691398487407606,
        0.6164335482539476
      ],
      [
        0.5659527175594095,
        0.31511260688524423,
        0.5706173202501883
      ],
      [
        0.5204692290328372,
        0.303990258285729,
        0.5892984642862714
      ]
    ],
    "keypoints_3d": [
      [
        0.014493363136888149,
        -0.03567053232633788,
        0.5941640012523249
      ],
      [
        0.001256425141346218,
        0.006396188282259907,
        0.6177106822544616
      ],
      [
        0.020098807047308875,
        0.013768088660448596,
        0.5990295382183785
      ],
      [
        0.0045385023213305176,
        -0.06256315856761954,
        0.5532133102146192
      ],
      [
        -0.01430387958463214,
        -0.06993505894580823,
        0.5718944542507023
      ],
      [
        0.024448223952445836,
        -0.008777906085056186,
        0.6351146922900307
      ],
      [
        0.04329060585840849,
        -0.001406005706867497,
        0.6164335482539476
      ],
      [
        0.027730301132430135,
        -0.07773725293493564,
        0.5706173202501883
      ],
      [
        0.008887919226467478,
        -0.08510915331312435,
        0.5892984642862714
      ]
    ],
    "model_matrix": [
      -0.7072009934847783,
      -0.09811992882924025,
      -0.7001708608480416,
      -0.08409482287765414,
      0.3574995687981795,
      -0.9040185373917576,
      -0.23440252208793183,
      0.0018139647055837316,
      -0.609967878763512,
      -0.4160804773341481,
      0.6744006400190684,
      0.40959300560390416,
      0.0,
      0.0,
      0.0,
      1.0
    ],
    "view_matrix": [
      0.029194065782901596,
      0.5663688461819999,
      -0.8236346499495599,
      0.3532760516230233,
      -0.431087488601955,
      0.7505523537048064,
      0.5008340458864938,
      -0.278422355967818,
      0.9018377258098729,
      0.3404372106903789,
      0.2660661983105549,
      0.5604074901284083,
      0.0,
      0.0,
      0.0,
      1.0
    ],
    "camera_intrinsics": {
      "fx": 692.0808940977336,
      "fy": 692.0808940977336,
      "cx": 256.0,
      "cy": 256.0,
      "image_width": 512,
      "image_height": 512,
      "model": "SIMPLE_RADIAL",
      "dist": [
        0.1914634737327705,
        0.0,
        0.0,
        0.0
      ]
    },
    "visibility": [
      1.0,
      1.0,
      1.0,
      1.0,
      1.0,
      1.0,
      1.0,
      1.0,
      1.0
    ],
    "keypoints_2d_visibility": [
      1.0,
      1.0,
      1.0,
      1.0,
      1.0,
      1.0,
      1.0,
      1.0,
      1.0
    ],
    "pose_6dof": {
      "translation": [
        -0.08409482287765414,
        0.0018139647055837316,
        0.40959300560390416
      ],
      "rotation": [
        -0.7072009934847783,
        -0.09811992882924025,
        -0.7001708608480416,
        0.3574995687981795,
        -0.9040185373917576,
        -0.23440252208793183,
        -0.609967878763512,
        -0.4160804773341481,
        0.6744006400190684
      ]
    },
    "pose_9dof": {
      "translation": [
        -0.08409482287765414,
        0.0018139647055837316,
        0.40959300560390416
      ],
      "rotation": [
        -0.7072009934847783,
        -0.09811992882924025,
        -0.7001708608480416,
        0.3574995687981795,
        -0.9040185373917576,
        -0.23440252208793183,
        -0.609967878763512,
        -0.4160804773341481,
        0.6744006400190684
      ],
      "scale": [
        0.02753843520559893,
        0.0903753790312949,
        0.032726323308323646
      ]
    }
  },
  {
    "frame_id": 4,
    "image": "frame_000004.png",
    "keypoints_2d": [
      [
        0.5305335036057797,
        0.4187835213854864,
        0.5948862298532602
      ],
      [
        0.500471529357777,
        0.5140905512404286,
        0.6183934900937734
      ],
      [
        0.5430827843433893,
        0.5310851453156346,
        0.5997212407729755
      ],
      [
        0.5084383470336371,
        0.3467280944665405,
        0.5539470108667817
      ],
      [
        0.4634353926794222,
        0.3342645192914857,
        0.5726192601875796
      ],
      [
        0.549771229271914,
        0.48134852041767556,
        0.6358254488397388
      ],
      [
        0.5927259143767767,
        0.49686674420243077,
        0.6171531995189409
      ],
      [
        0.5632677596134775,
        0.3150407489369558,
        0.571378969612747
      ],
      [
        0.5178141955916811,
        0.3039988736167585,
        0.590051218933545
      ]
    ],
    "keypoints_3d": [
      [
        0.013408483066196353,
        -0.03566540519747877,
        0.5948862298532602
      ],
      [
        0.00021541350136711213,
        0.006437128312019147,
        0.6183934900937734
      ],
      [
        0.019082450046574828,
        0.013768393610501195,
        0.5997212407729755
      ],
      [
        0.0034449006131062054,
        -0.06257226435929208,
        0.5539470108667817
      ],
      [
        -0.01542213593210151,
        -0.06990352965777413,
        0.5726192601875796
      ],
      [
        0.023372065519286445,
        -0.008758546035665449,
        0.6358254488397388
      ],
      [
        0.042239102064494216,
        -0.0014272807371834006,
        0.6171531995189409
      ],
      [
        0.026601552631025593,
        -0.07776793870697665,
        0.571378969612747
      ],
      [
        0.007734516085817822,
        -0.0850992040054587,
        0.590051218933545
      ]
    ],
    "model_matrix": [
      -0.7072009934847783,
      -0.09811992882924025,
      -0.7001708608480416,
      -0.08409482287765414,
      0.3574995687981795,
      -0.9040185373917576,
      -0.23440252208793183,
      0.0018139647055837316,
      -0.609967878763512,
      -0.4160804773341481,
      0.6744006400190684,
      0.40959300560390416,
      0.0,
      0.0,
      0.0,
      1.0
    ],
    "view_matrix": [
      0.02789283002127302,
      0.5672098429742147,
      -0.8231008346895121,
      0.3518615718261364,
      -0.43049543981247396,
      0.7499644038114843,
      0.5022221314481767,
      -0.2789349242177625,
      0.9021616630815508,
      0.34033275929427037,
      0.2650998804546678,
      0.5615529466829363,
      0.0,
      0.0,
      0.0,
      1.0
    ],
    "camera_intrinsics": {
      "fx": 693.0454492548473,
      "fy": 693.0454492548473,
      "cx": 256.0,
      "cy": 256.0,
      "image_width": 512,
      "image_height": 512,
      "model": "SIMPLE_RADIAL",
      "dist": [
        0.19043233332033987,
        0.0,
        0.0,
        0.0
      ]
    },
    "visibility": [
      1.0,
      1.0,
      1.0,
      1.0,
      1.0,
      1.0,
      1.0,
      1.0,
      1.0
    ],
    "keypoints_2d_visibility": [
      1.0,
      1.0,
      1.0,
      1.0,
      1.0,
      1.0,
      1.0,
      1.0,
      1.0
    ],
    "pose_6dof": {
      "translation": [
        -0.08409482287765414,
        0.0018139647055837316,
        0.40959300560390416
      ],
      "rotation": [
        -0.7072009934847783,
        -0.09811992882924025,
        -0.7001708608480416,
        0.3574995687981795,
        -0.9040185373917576,
        -0.23440252208793183,
        -0.609967878763512,
        -0.4160804773341481,
        0.6744006400190684
      ]
    },
    "pose_9dof": {
      "translation": [
        -0.08409482287765414,
        0.0018139647055837316,
        0.40959300560390416
      ],
      "rotation": [
        -0.7072009934847783,
        -0.09811992882924025,
        -0.7001708608480416,
        0.3574995687981795,
        -0.9040185373917576,
        -0.23440252208793183,
        -0.609967878763512,
        -0.4160804773341481,
        0.6744006400190684
      ],
      "scale": [
        0.02753843520559893,
        0.0903753790312949,
        0.032726323308323646
      ]
    }
  },
  {
    "frame_id": 5,
    "image": "frame_000005.png",
    "keypoints_2d": [
      [
        0.5286008222585328,
        0.42223107964713447,
        0.5950239068683009
      ],
      [
        0.498844145586602,
        0.5174757715407835,
        0.6183985754320109
      ],
      [
        0.541417283860342,
        0.5343298758343215,
        0.5997189332726557
      ],
      [
        0.5063140063045911,
        0.35034065267775366,
        0.554155989679771
      ],
      [
        0.4613877518180674,
        0.33802825711807083,
        0.5728356318391262
      ],
      [
        0.5480102217557735,
        0.48467814344024457,
        0.6358918240568308
      ],
      [
        0.5909175394895111,
        0.5000566956833971,
        0.6172121818974755
      ],
      [
        0.5609782797351708,
        0.3186298916839244,
        0.5716492383045908
      ],
      [
        0.5156118175930232,
        0.30773530363007784,
        0.590328880463946
      ]
    ],
    "keypoints_3d": [
      [
        0.012580553004621242,
        -0.034207968420191304,
        0.5950239068683009
      ],
      [
        -0.0005287548903356587,
        0.007994432133899831,
        0.6183985754320109
      ],
      [
        0.018369413459110695,
        0.015226002876649603,
        0.5997189332726557
      ],
      [
        0.002582409922098239,
        -0.06121023084482688,
        0.554155989679771
      ],
      [
        -0.01631575842734806,
        -0.06844180158757665,
        0.5728356318391262
      ],
      [
        0.0225786960871443,
        -0.0072057059955557,
        0.6358918240568308
      ],
      [
        0.0414768644365906,
        2.5864747194015436e-05,
        0.6172121818974755
      ],
      [
        0.025689860899578143,
        -0.07641036897428244,
        0.5716492383045908
      ],
      [
        0.006791692550131845,
        -0.08364193971703218,
        0.590328880463946
      ]
    ],
    "model_matrix": [
      -0.7072009934847783,
      -0.09811992882924025,
      -0.7001708608480416,
      -0.08409482287765414,
      0.3574995687981795,
      -0.9040185373917576,
      -0.23440252208793183,
      0.0018139647055837316,
      -0.609967878763512,
      -0.4160804773341481,
      0.6744006400190684,
      0.40959300560390416,
      0.0,
      0.0,
      0.0,
      1.0
    ],
    "view_matrix": [
      0.026202967791171677,
      0.5687565671346999,
      -0.8220884209256851,
      0.3504740498001563,
      -0.42792696848968265,
      0.7495942506365912,
      0.5049623441919184,
      -0.27838319282842694,
      0.9034334032556937,
      0.33856229375658325,
      0.2630278675884289,
      0.5626494640021985,
      0.0,
      0.0,
      0.0,
      1.0
    ],
    "camera_intrinsics": {
      "fx": 692.1071148957631,
      "fy": 692.1071148957631,
      "cx": 256.0,
      "cy": 256.0,
      "image_width": 512,
      "image_height": 512,
      "model": "SIMPLE_RADIAL",
      "dist": [
        0.19021434305194623,
        0.0,
        0.0,
        0.0
      ]
    },
    "visibility": [
      1.0,
      1.0,
      1.0,
      1.0,
      1.0,
      1.0,
      1.0,
      1.0,
      1.0
    ],
    "keypoints_2d_visibility": [
      1.0,
      1.0,
      1.0,
      1.0,
      1.0,
      1.0,
      1.0,
      1.0,
      1.0
    ],
    "pose_6dof": {
      "translation": [
        -0.08409482287765414,
        0.0018139647055837316,
        0.40959300560390416
      ],
      "rotation": [
        -0.7072009934847783,
        -0.09811992882924025,
        -0.7001708608480416,
        0.3574995687981795,
        -0.9040185373917576,
        -0.23440252208793183,
        -0.609967878763512,
        -0.4160804773341481,
        0.6744006400190684
      ]
    },
    "pose_9dof": {
      "translation": [
        -0.08409482287765414,
        0.0018139647055837316,
        0.40959300560390416
      ],
      "rotation": [
        -0.7072009934847783,
        -0.09811992882924025,
        -0.7001708608480416,
        0.3574995687981795,
        -0.9040185373917576,
        -0.23440252208793183,
        -0.609967878763512,
        -0.4160804773341481,
        0.6744006400190684
      ],
      "scale": [
        0.02753843520559893,
        0.0903753790312949,
        0.032726323308323646
      ]
    }
  },
  {
    "frame_id": 6,
    "image": "frame_000006.png",
    "keypoints_2d": [
      [
        0.5257233193681113,
        0.42501749763138824,
        0.5958627520675419
      ],
      [
        0.4963024726550065,
        0.5202707996099581,
        0.6190777332814807
      ],
      [
        0.5388456900427834,
        0.536934711679312,
        0.6003993654417403
      ],
      [
        0.5032096888236371,
        0.353211687209847,
        0.5550724053459546
      ],
      [
        0.4583560227351063,
        0.34109791020384117,
        0.573750773185695
      ],
      [
        0.5453374289261532,
        0.4874273410356877,
        0.6366530987891292
      ],
      [
        0.5882014728091514,
        0.5026199472000212,
        0.6179747309493888
      ],
      [
        0.5577020046964069,
        0.3215019979564361,
        0.5726477708536031
      ],
      [
        0.5124233087997061,
        0.3107979161583842,
        0.5913261386933435
      ]
    ],
    "keypoints_3d": [
      [
        0.011332131119517197,
        -0.03303273330906048,
        0.5958627520675419
      ],
      [
        -0.0016933899505079952,
        0.009283600943410186,
        0.6190777332814807
      ],
      [
        0.01724939469018144,
        0.01640082641916829,
        0.6003993654417403
      ],
      [
        0.0013151386326023529,
        -0.060145076850809304,
        0.5550724053459546
      ],
      [
        -0.01762764600808714,
        -0.06726230232656741,
        0.573750773185695
      ],
      [
        0.021349123606432097,
        -0.0059203897673116845,
        0.6366530987891292
      ],
      [
        0.04029190824712153,
        0.0011968357084464198,
        0.6179747309493888
      ],
      [
        0.024357652189542445,
        -0.07534906756153117,
        0.5726477708536031
      ],
      [
        0.005414867548852953,
        -0.08246629303728928,
        0.5913261386933435
      ]
    ],
    "model_matrix": [
      -0.7072009934847783,
      -0.09811992882924025,
      -0.7001708608480416,
      -0.08409482287765414,
      0.3574995687981795,
      -0.9040185373917576,
      -0.23440252208793183,
      0.0018139647055837316,
      -0.609967878763512,
      -0.4160804773341481,
      0.6744006400190684,
      0.40959300560390416,
      0.0,
      0.0,
      0.0,
      1.0
    ],
    "view_matrix": [
      0.02382775123895306,
      0.5703436105395645,
      -0.821060536250274,
      0.3486019912854588,
      -0.4249538814571933,
      0.7491792612501054,
      0.5080793571354891,
      -0.2782338904138622,
      0.9049013409788714,
      0.33680647325940716,
      0.260220988133548,
      0.5647646183529693,
      0.0,
      0.0,
      0.0,
      1.0
    ],
    "camera_intrinsics": {
      "fx": 692.0708255765487,
      "fy": 692.0708255765487,
      "cx": 256.0,
      "cy": 256.0,
      "image_width": 512,
      "image_height": 512,
      "model": "SIMPLE_RADIAL",
      "dist": [
        0.18847892833416982,
        0.0,
        0.0,
        0.0
      ]
    },
    "visibility": [
      1.0,
      1.0,
      1.0,
      1.0,
      1.0,
      1.0,
      1.0,
      1.0,
      1.0
    ],
    "keypoints_2d_visibility": [
      1.0,
      1.0,
      1.0,
      1.0,
      1.0,
      1.0,
      1.0,
      1.0,
      1.0
    ],
    "pose_6dof": {
      "translation": [
        -0.08409482287765414,
        0.0018139647055837316,
        0.40959300560390416
      ],
      "rotation": [
        -0.7072009934847783,
        -0.09811992882924025,
        -0.7001708608480416,
        0.3574995687981795,
        -0.9040185373917576,
        -0.23440252208793183,
        -0.609967878763512,
        -0.4160804773341481,
        0.6744006400190684
      ]
    },
    "pose_9dof": {
      "translation": [
        -0.08409482287765414,
        0.0018139647055837316,
        0.40959300560390416
      ],
      "rotation": [
        -0.7072009934847783,
        -0.09811992882924025,
        -0.7001708608480416,
        0.3574995687981795,
        -0.9040185373917576,
        -0.23440252208793183,
        -0.609967878763512,
        -0.4160804773341481,
        0.6744006400190684
      ],
      "scale": [
        0.02753843520559893,
        0.0903753790312949,
        0.032726323308323646
      ]
    }
  },
  {
    "frame_id": 7,
    "image": "frame_000007.png",
    "keypoints_2d": [
      [
        0.5256578412639455,
        0.42563407760890437,
        0.5959171805266577
      ],
      [
        0.4964483130535938,
        0.520906179868805,
        0.6190966126900799
      ],
      [
        0.5389734196739139,
        0.537465423282268,
        0.6003988298509002
      ],
      [
        0.5029782312463535,
        0.35387129012322255,
        0.5551613181978459
      ],
      [
        0.45816668522584547,
        0.3418774971749502,
        0.5738591010370255
      ],
      [
        0.5454194326628828,
        0.4880187041974843,
        0.6366730428554693
      ],
      [
        0.588264758746744,
        0.50310727848151,
        0.6179752600162897
      ],
      [
        0.557399976731398,
        0.3221225737237802,
        0.5727377483632353
      ],
      [
        0.5121634105120684,
        0.3115362640507488,
        0.591435531202415
      ]
    ],
    "keypoints_3d": [
      [
        0.011310670746954243,
        -0.03278251098003293,
        0.5959171805266577
      ],
      [
        -0.0016275294477700597,
        0.009580073888912077,
        0.6190966126900799
      ],
      [
        0.017315491174829778,
        0.01664550382371488,
        0.6003988298509002
      ],
      [
        0.001221218775350863,
        -0.059919834746824746,
        0.5551613181978459
      ],
      [
        -0.017721801847248975,
        -0.06698526468162752,
        0.5738591010370255
      ],
      [
        0.021400122718557624,
        -0.005645187213241143,
        0.6366730428554693
      ],
      [
        0.040343143341157406,
        0.0014202427215616598,
        0.6179752600162897
      ],
      [
        0.02424887094167849,
        -0.07514509584897797,
        0.5727377483632353
      ],
      [
        0.005305850319078653,
        -0.08221052578378077,
        0.591435531202415
      ]
    ],
    "model_matrix": [
      -0.7072009934847783,
      -0.09811992882924025,
      -0.7001708608480416,
      -0.08409482287765414,
      0.3574995687981795,
      -0.9040185373917576,
      -0.23440252208793183,
      0.0018139647055837316,
      -0.609967878763512,
      -0.4160804773341481,
      0.6744006400190684,
      0.40959300560390416,
      0.0,
      0.0,
      0.0,
      1.0
    ],
    "view_matrix": [
      0.023677464304021317,
      0.5718408613771322,
      -0.820022808794726,
      0.3481401306920316,
      -0.42405771919169405,
      0.7485489204182584,
      0.5097544159049516,
      -0.2785932544177737,
      0.9053255925235245,
      0.3356673099962512,
      0.2602172717592173,
      0.5648583127734735,
      0.0,
      0.0,
      0.0,
      1.0
    ],
    "camera_intrinsics": {
      "fx": 691.6945044690008,
      "fy": 691.6945044690008,
      "cx": 256.0,
      "cy": 256.0,
      "image_width": 512,
      "image_height": 512,
      "model": "SIMPLE_RADIAL",
      "dist": [
        0.1858777377914591,
        0.0,
        0.0,
        0.0
      ]
    },
    "visibility": [
      1.0,
      1.0,
      1.0,
      1.0,
      1.0,
      1.0,
      1.0,
      1.0,
      1.0
    ],
    "keypoints_2d_visibility": [
      1.0,
      1.0,
      1.0,
      1.0,
      1.0,
      1.0,
      1.0,
      1.0,
      1.0
    ],
    "pose_6dof": {
      "translation": [
        -0.08409482287765414,
        0.0018139647055837316,
        0.40959300560390416
      ],
      "rotation": [
        -0.7072009934847783,
        -0.09811992882924025,
        -0.7001708608480416,
        0.3574995687981795,
        -0.9040185373917576,
        -0.23440252208793183,
        -0.609967878763512,
        -0.4160804773341481,
        0.6744006400190684
      ]
    },
    "pose_9dof": {
      "translation": [
        -0.08409482287765414,
        0.0018139647055837316,
        0.40959300560390416
      ],
      "rotation": [
        -0.7072009934847783,
        -0.09811992882924025,
        -0.7001708608480416,
        0.3574995687981795,
        -0.9040185373917576,
        -0.23440252208793183,
        -0.609967878763512,
        -0.4160804773341481,
        0.6744006400190684
      ],
      "scale": [
        0.02753843520559893,
        0.0903753790312949,
        0.032726323308323646
      ]
    }
  },
  {
    "frame_id": 8,
    "image": "frame_000008.png",
    "keypoints_2d": [
      [
        0.5327024737626715,
        0.4260325883761402,
        0.5946389283640967
      ],
      [
        0.5036402550027531,
        0.5211634700977678,
        0.6178655012473055
      ],
      [
        0.5461207903754572,
        0.5376416445075576,
        0.5990692994619684
      ],
      [
        0.5100215787632973,
        0.3544039016292234,
        0.5539460175558328
      ],
      [
        0.4652804857322953,
        0.34254031572323523,
        0.57274221934117
      ],
      [
        0.5524712743294972,
        0.4882937477342798,
        0.6353318391723605
      ],
      [
        0.5952952673374163,
        0.5032971953896656,
        0.6165356373870233
      ],
      [
        0.5643198943662795,
        0.322615258738872,
        0.5714123554808878
      ],
      [
        0.5191260250300544,
        0.3121652358313554,
        0.5902085572662248
      ]
    ],
    "keypoints_3d": [
      [
        0.014443510526229997,
        -0.03266875454561716,
        0.5946389283640967
      ],
      [
        0.0016716414212052944,
        0.009718476646584207,
        0.6178655012473055
      ],
      [
        0.020528149959665065,
        0.016754121446945824,
        0.5990692994619684
      ],
      [
        0.0041168961528105785,
        -0.05981133625792681,
        0.5539460175558328
      ],
      [
        -0.014739612385649192,
        -0.06684698105828843,
        0.57274221934117
      ],
      [
        0.02477012489964936,
        -0.0055261728333074744,
        0.6353318391723605
      ],
      [
        0.04362663343810913,
        0.0015094719670541434,
        0.6165356373870233
      ],
      [
        0.027215379631254644,
        -0.07505598573781852,
        0.5714123554808878
      ],
      [
        0.008358871092794928,
        -0.08209163053818014,
        0.5902085572662248
      ]
    ],
    "model_matrix": [
      -0.7072009934847783,
      -0.09811992882924025,
      -0.7001708608480416,
      -0.08409482287765414,
      0.3574995687981795,
      -0.9040185373917576,
      -0.23440252208793183,
      0.0018139647055837316,
      -0.609967878763512,
      -0.4160804773341481,
      0.6744006400190684,
      0.40959300560390416,
      0.0,
      0.0,
      0.0,
      1.0
    ],
    "view_matrix": [
      0.02775869989299104,
      0.574395847732145,
      -0.8181068785240232,
      0.35082679496210784,
      -0.4237075015908204,
      0.7480245768583992,
      0.5108142377728696,
      -0.2788831909798179,
      0.9053736287720752,
      0.33245848240627474,
      0.2641400193083224,
      0.5619831909518573,
      0.0,
      0.0,
      0.0,
      1.0
    ],
    "camera_intrinsics": {
      "fx": 688.8607277869636,
      "fy": 688.8607277869636,
      "cx": 256.0,
      "cy": 256.0,
      "image_width": 512,
      "image_height": 512,
      "model": "SIMPLE_RADIAL",
      "dist": [
        0.19132761113672467,
        0.0,
        0.0,
        0.0
      ]
    },
    "visibility": [
      1.0,
      1.0,
      1.0,
      1.0,
      1.0,
      1.0,
      1.0,
      1.0,
      1.0
    ],
    "keypoints_2d_visibility": [
      1.0,
      1.0,
      1.0,
      1.0,
      1.0,
      1.0,
      1.0,
      1.0,
      1.0
    ],
    "pose_6dof": {
      "translation": [
        -0.08409482287765414,
        0.0018139647055837316,
        0.40959300560390416
      ],
      "rotation": [
        -0.7072009934847783,
        -0.09811992882924025,
        -0.7001708608480416,
        0.3574995687981795,
        -0.9040185373917576,
        -0.23440252208793183,
        -0.609967878763512,
        -0.4160804773341481,
        0.6744006400190684
      ]
    },
    "pose_9dof": {
      "translation": [
        -0.08409482287765414,
        0.0018139647055837316,
        0.40959300560390416
      ],
      "rotation": [
        -0.7072009934847783,
        -0.09811992882924025,
        -0.7001708608480416,
        0.3574995687981795,
        -0.9040185373917576,
        -0.23440252208793183,
        -0.609967878763512,
        -0.4160804773341481,
        0.6744006400190684
      ],
      "scale": [
        0.02753843520559893,
        0.0903753790312949,
        0.032726323308323646
      ]
    }
  },
  {
    "frame_id": 9,
    "image": "frame_000009.png",
    "keypoints_2d": [
      [
        0.5362937080762726,
        0.423029201644443,
        0.594634543096896
      ],
      [
        0.5071738968300656,
        0.5185752992797008,
        0.6178370590165773
      ],
      [
        0.5498264613469536,
        0.534935279922276,
        0.5990072339737187
      ],
      [
        0.5136247685825247,
        0.3509369497757646,
        0.5539832447047932
      ],
      [
        0.46870986784780533,
        0.3392391271414562,
        0.5728130697476517
      ],
      [
        0.556057346322764,
        0.4856926917495788,
        0.6352858414889989
      ],
      [
        0.5990597648397258,
        0.5005784497479712,
        0.6164560164461403
      ],
      [
        0.5679880066696612,
        0.3191363865065784,
        0.5714320271772149
      ],
      [
        0.5226123739545038,
        0.3088519304459105,
        0.5902618522200733
      ]
    ],
    "keypoints_3d": [
      [
        0.015990140246124718,
        -0.03391149391445514,
        0.594634543096896
      ],
      [
        0.003286369513981202,
        0.008509363698965433,
        0.6178370590165773
      ],
      [
        0.02212210172081941,
        0.015510670338485466,
        0.5990072339737187
      ],
      [
        0.005583409557648078,
