[
  {
    "frame_id": 0,
    "image": "frame_000000.png",
    "keypoints_2d": [
      [
        0.44827854705656267,
        0.2789439483362125,
        0.2592042517105989
      ],
      [
        0.4032572140725972,
        0.41734225351843734,
        0.24462894201012172
      ],
      [
        0.514267575431204,
        0.39329103114661634,
        0.2407385109554858
      ],
      [
        0.46934362906823973,
        0.10513922218285515,
        0.2572481986941635
      ],
      [
        0.36292543718036224,
        0.1329557286067567,
        0.2611386297487994
      ],
      [
        0.4275786891127466,
        0.442204635194932,
        0.26116030472703433
      ],
      [
        0.5316435688619267,
        0.4200282573538167,
        0.2572698736723984
      ],
      [
        0.4890359417042162,
        0.15064175271688274,
        0.27377956141107607
      ],
      [
        0.3894110490411419,
        0.1761294785501697,
        0.27766999246571206
      ]
    ],
    "keypoints_3d": [
      [
        -0.010672139863350468,
        -0.04561242901617463,
        0.2592042517105989
      ],
      [
        -0.018990548149834273,
        -0.01622566374812521,
        0.24462894201012172
      ],
      [
        0.0027591105354849346,
        -0.020635730409400352,
        0.2407385109554858
      ],
      [
        -0.006140549049034714,
        -0.07909161782793354,
        0.2572481986941635
      ],
      [
        -0.027890207734353925,
        -0.0746815511666584,
        0.2611386297487994
      ],
      [
        -0.015203730677666224,
        -0.012133240204415701,
        0.26116030472703433
      ],
      [
        0.006545928007652984,
        -0.016543306865690832,
        0.2572698736723984
      ],
      [
        -0.0023537315768666625,
        -0.07499919428422402,
        0.27377956141107607
      ],
      [
        -0.02410339026218588,
        -0.07058912762294887,
        0.27766999246571206
      ]
    ],
    "model_matrix": [
      0.9290107905494203,
      -0.20852025078245695,
      -0.30570943075797075,
      0.008979442168880835,
      -0.2633183998312312,
      -0.9529446795944716,
      -0.1501993939432171,
      -0.07400130627024802,
      -0.26000456025051005,
      0.22003577582795736,
      -0.9402031089093079,
      0.23363657367890403,
      0.0,
      0.0,
      0.0,
      1.0
    ],
    "view_matrix": [
      0.9933909831973381,
      -0.083443655130178,
      -0.07881313926460386,
      -0.007353544408995551,
      0.08842073376635735,
      0.9941566238007397,
      0.06192238039136927,
      0.012695158128233375,
      0.07318557468821897,
      -0.06848184994310827,
      0.9949643751843202,
      0.02101927217286046,
      0.0,
      0.0,
      0.0,
      1.0
    ],
    "camera_intrinsics": {
      "fx": 635.6544846923837,
      "fy": 635.6544846923837,
      "cx": 256.0,
      "cy": 256.0,
      "image_width": 512,
      "image_height": 512,
      "model": "SIMPLE_RADIAL",
      "dist": [
        0.3623930053802172,
        0.0,
        0.0,
        0.0
      ]
    },
    "visibility": [
      1.0,
      1.0,
      1.0,
      1.0,
      1.0,
      1.0,
      1.0,
      1.0,
      1.0
    ],
    "keypoints_2d_visibility": [
      1.0,
      1.0,
      1.0,
      1.0,
      1.0,
      1.0,
      1.0,
      1.0,
      1.0
    ],
    "pose_6dof": {
      "translation": [
        0.008979442168880835,
        -0.07400130627024802,
        0.23363657367890403
      ],
      "rotation": [
        0.9290107905494203,
        -0.20852025078245695,
        -0.30570943075797075,
        -0.2633183998312312,
        -0.9529446795944716,
        -0.1501993939432171,
        -0.26000456025051005,
        0.22003577582795736,
        -0.9402031089093079
      ]
    },
    "pose_9dof": {
      "translation": [
        0.008979442168880835,
        -0.07400130627024802,
        0.23363657367890403
      ],
      "rotation": [
        0.9290107905494203,
        -0.20852025078245695,
        -0.30570943075797075,
        -0.2633183998312312,
        -0.9529446795944716,
        -0.1501993939432171,
        -0.26000456025051005,
        0.22003577582795736,
        -0.9402031089093079
      ],
      "scale": [
        0.022530685623759046,
        0.06139107837336579,
        0.017446313946142385
      ]
    }
  },
  {
    "frame_id": 1,
    "image": "frame_000001.png",
    "keypoints_2d": [
      [
        0.44951360470793883,
        0.28002715108695,
        0.2571465759478168
      ],
      [
        0.40438170954632896,
        0.4183057783858512,
        0.2425343629007407
      ],
      [
        0.515353784843029,
        0.3940905279781932,
        0.23857844289569902
      ],
      [
        0.47043477729708544,
        0.10593911647187093,
        0.2552498689966646
      ],
      [
        0.3640787912705447,
        0.1340570096281215,
        0.25920578900170627
      ],
      [
        0.4289593163343288,
        0.44330289923009,
        0.2590432828989691
      ],
      [
        0.5329455115597381,
        0.4209951200774559,
        0.2550873628939274
      ],
      [
        0.4903535703110375,
        0.15180623339233779,
        0.27175878899489303
      ],
      [
        0.39084302972415796,
        0.17754068507960263,
        0.2757147089999347
      ]
    ],
    "keypoints_3d": [
      [
        -0.010418262694284232,
        -0.04539311852883676,
        0.2571465759478168
      ],
      [
        -0.018765543413712102,
        -0.016032878804631053,
        0.2425343629007407
      ],
      [
        0.0029672374198169305,
        -0.020467822866414864,
        0.23857844289569902
      ],
      [
        -0.005918130460254251,
        -0.07887996452577406,
        0.2552498689966646
      ],
      [
        -0.02765091129378329,
        -0.07444502046399025,
        0.25920578900170627
      ],
      [
        -0.014918394928314212,
        -0.011906272531899447,
        0.2590432828989691
      ],
      [
        0.006814385905214826,
        -0.01634121659368325,
        0.2550873628939274
      ],
      [
        -0.0020709819748563583,
        -0.07475335825304244,
        0.27175878899489303
      ],
      [
        -0.023803762808385392,
        -0.07031841419125864,
        0.2757147089999347
      ]
    ],
    "model_matrix": [
      0.9290107905494203,
      -0.20852025078245695,
      -0.30570943075797075,
      0.008979442168880835,
      -0.2633183998312312,
      -0.9529446795944716,
      -0.1501993939432171,
      -0.07400130627024802,
      -0.26000456025051005,
      0.22003577582795736,
      -0.9402031089093079,
      0.23363657367890403,
      0.0,
      0.0,
      0.0,
      1.0
    ],
    "view_matrix": [
      0.9937036857134737,
      -0.08294884154849423,
      -0.07531583289867232,
      -0.007882956959125822,
      0.08784535360693292,
      0.994062610863596,
      0.0642084070252773,
      0.012378578698197997,
      0.06954264051019958,
      -0.0704202766879935,
      0.9950903505622268,
      0.018821429359962272,
      0.0,
      0.0,
      0.0,
      1.0
    ],
    "camera_intrinsics": {
      "fx": 630.3022234848371,
      "fy": 630.3022234848371,
      "cx": 256.0,
      "cy": 256.0,
      "image_width": 512,
      "image_height": 512,
      "model": "SIMPLE_RADIAL",
      "dist": [
        0.3729544915609665,
        0.0,
        0.0,
        0.0
      ]
    },
    "visibility": [
      1.0,
      1.0,
      1.0,
      1.0,
      1.0,
      1.0,
      1.0,
      1.0,
      1.0
    ],
    "keypoints_2d_visibility": [
      1.0,
      1.0,
      1.0,
      1.0,
      1.0,
      1.0,
      1.0,
      1.0,
      1.0
    ],
    "pose_6dof": {
      "translation": [
        0.008979442168880835,
        -0.07400130627024802,
        0.23363657367890403
      ],
      "rotation": [
        0.9290107905494203,
        -0.20852025078245695,
        -0.30570943075797075,
        -0.2633183998312312,
        -0.9529446795944716,
        -0.1501993939432171,
        -0.26000456025051005,
        0.22003577582795736,
        -0.9402031089093079
      ]
    },
    "pose_9dof": {
      "translation": [
        0.008979442168880835,
        -0.07400130627024802,
        0.23363657367890403
      ],
      "rotation": [
        0.9290107905494203,
        -0.20852025078245695,
        -0.30570943075797075,
        -0.2633183998312312,
        -0.9529446795944716,
        -0.1501993939432171,
        -0.26000456025051005,
        0.22003577582795736,
        -0.9402031089093079
      ],
      "scale": [
        0.022530685623759046,
        0.06139107837336579,
        0.017446313946142385
      ]
    }
  },
  {
    "frame_id": 2,
    "image": "frame_000002.png",
    "keypoints_2d": [
      [
        0.4508358730986857,
        0.28200474689049543,
        0.25583718970830804
      ],
      [
        0.40579738903226137,
        0.42060044819355463,
        0.24130192669766562
      ],
      [
        0.5169175262159523,
        0.3963729061363025,
        0.23734466958229375
      ],
      [
        0.4717733867444406,
        0.10857503387645878,
        0.2538502738342314
      ],
      [
        0.3655428668600986,
        0.13664258784951078,
        0.2578075309496033
      ],
      [
        0.43028425054596103,
        0.4452516233805941,
        0.25782410558238467
      ],
      [
        0.5343922294494845,
        0.4229435530610381,
        0.25386684846701285
      ],
      [
        0.4915468881967836,
        0.15391637344542297,
        0.27037245271895044
      ],
      [
        0.3921197171273216,
        0.17960082226081803,
        0.27432970983432237
      ]
    ],
    "keypoints_3d": [
      [
        -0.01014203042761334,
        -0.04497007532646231,
        0.25583718970830804
      ],
      [
        -0.018467455081827025,
        -0.015565467256580432,
        0.24130192669766562
      ],
      [
        0.003265117117943679,
        -0.020000240799867577,
        0.23734466958229375
      ],
      [
        -0.005657494457724096,
        -0.07845378247858352,
        0.2538502738342314
      ],
      [
        -0.027390066657494806,
        -0.07401900893529637,
        0.2578075309496033
      ],
      [
        -0.014626566397502583,
        -0.011486368174341106,
        0.25782410558238467
      ],
      [
        0.007106005802268127,
        -0.015921141717628255,
        0.25386684846701285
      ],
      [
        -0.0018166057733996514,
        -0.07437468339634419,
        0.27037245271895044
      ],
      [
        -0.023549177973170365,
        -0.06993990985305704,
        0.27432970983432237
      ]
    ],
    "model_matrix": [
      0.9290107905494203,
      -0.20852025078245695,
      -0.30570943075797075,
      0.008979442168880835,
      -0.2633183998312312,
      -0.9529446795944716,
      -0.1501993939432171,
      -0.07400130627024802,
      -0.26000456025051005,
      0.22003577582795736,
      -0.9402031089093079,
      0.23363657367890403,
      0.0,
      0.0,
      0.0,
      1.0
    ],
    "view_matrix": [
      0.9937118949512084,
      -0.08242217903970182,
      -0.07578426112872089,
      -0.007458382726533194,
      0.0871605413038379,
      0.9942942504150271,
      0.061497834362206995,
      0.013458201672141816,
      0.07028306959788244,
      -0.06771652674175496,
      0.99522598545955,
      0.01767378623544836,
      0.0,
      0.0,
      0.0,
      1.0
    ],
    "camera_intrinsics": {
      "fx": 628.0862223891701,
      "fy": 628.0862223891701,
      "cx": 256.0,
      "cy": 256.0,
      "image_width": 512,
      "image_height": 512,
      "model": "SIMPLE_RADIAL",
      "dist": [
        0.33782882058640773,
        0.0,
        0.0,
        0.0
      ]
    },
    "visibility": [
      1.0,
      1.0,
      1.0,
      1.0,
      1.0,
      1.0,
      1.0,
      1.0,
      1.0
    ],
    "keypoints_2d_visibility": [
      1.0,
      1.0,
      1.0,
      1.0,
      1.0,
      1.0,
      1.0,
      1.0,
      1.0
    ],
    "pose_6dof": {
      "translation": [
        0.008979442168880835,
        -0.07400130627024802,
        0.23363657367890403
      ],
      "rotation": [
        0.9290107905494203,
        -0.20852025078245695,
        -0.30570943075797075,
        -0.2633183998312312,
        -0.9529446795944716,
        -0.1501993939432171,
        -0.26000456025051005,
        0.22003577582795736,
        -0.9402031089093079
      ]
    },
    "pose_9dof": {
      "translation": [
        0.008979442168880835,
        -0.07400130627024802,
        0.23363657367890403
      ],
      "rotation": [
        0.9290107905494203,
        -0.20852025078245695,
        -0.30570943075797075,
        -0.2633183998312312,
        -0.9529446795944716,
        -0.1501993939432171,
        -0.26000456025051005,
        0.22003577582795736,
        -0.9402031089093079
      ],
      "scale": [
        0.022530685623759046,
        0.06139107837336579,
        0.017446313946142385
      ]
    }
  },
  {
    "frame_id": 3,
    "image": "frame_000003.png",
    "keypoints_2d": [
      [
        0.4508086690168971,
        0.2821017602010954,
        0.25985641986485725
      ],
      [
        0.4058525138850424,
        0.42054114669092457,
        0.24523305181591365
      ],
      [
        0.5169074215279794,
        0.3963623541066696,
        0.2413083041453444
      ],
      [
        0.4718185380927631,
        0.10865494932968722,
        0.25796522534335514
      ],
      [
        0.3655108294833065,
        0.1365972978809556,
        0.26188997301392436
      ],
      [
        0.43016940215456645,
        0.44534780109593197,
        0.26174761438635935
      ],
      [
        0.5343146723248205,
        0.4230531175076966,
        0.25782286671579013
      ],
      [
        0.4915021538837576,
        0.15390981546733373,
        0.27447978791380084
      ],
      [
        0.39193021265617517,
        0.1795186548420472,
        0.2784045355843701
      ]
    ],
    "keypoints_3d": [
      [
        -0.01014777952747851,
        -0.04495067022407841,
        0.25985641986485725
      ],
      [
        -0.01847090820808777,
        -0.015589127722430842,
        0.24523305181591365
      ],
      [
        0.0032670784097346,
        -0.02002625384204747,
        0.2413083041453444
      ],
      [
        -0.005648457095339192,
        -0.07843793680614493,
        0.25796522534335514
      ],
      [
        -0.027386443713161568,
        -0.07400081068652829,
        0.26188997301392436
      ],
      [
        -0.014647101959617825,
        -0.011463403642011882,
        0.26174761438635935
      ],
      [
        0.007090884658204543,
        -0.015900529761628514,
        0.25782286671579013
      ],
      [
        -0.0018246508468692472,
        -0.07431221272572597,
        0.27447978791380084
      ],
      [
        -0.023562637464691623,
        -0.06987508660610932,
        0.2784045355843701
      ]
    ],
    "model_matrix": [
      0.9290107905494203,
      -0.20852025078245695,
      -0.30570943075797075,
      0.008979442168880835,
      -0.2633183998312312,
      -0.9529446795944716,
      -0.1501993939432171,
      -0.07400130627024802,
      -0.26000456025051005,
      0.22003577582795736,
      -0.9402031089093079,
      0.23363657367890403,
      0.0,
      0.0,
      0.0,
      1.0
    ],
    "view_matrix": [
      0.9936117806331038,
      -0.08274236307083602,
      -0.07674197508903914,
      -0.007263169883966261,
      0.08773836398548929,
      0.994073397684575,
      0.06418768963745732,
      0.012827626288423554,
      0.07097611480112552,
      -0.07051085993872645,
      0.9949827183214986,
      0.021536845026567403,
      0.0,
      0.0,
      0.0,
      1.0
    ],
    "camera_intrinsics": {
      "fx": 637.7685070450874,
      "fy": 637.7685070450874,
      "cx": 256.0,
      "cy": 256.0,
      "image_width": 512,
      "image_height": 512,
      "model": "SIMPLE_RADIAL",
      "dist": [
        0.35768537632751213,
        0.0,
        0.0,
        0.0
      ]
    },
    "visibility": [
      1.0,
      1.0,
      1.0,
      1.0,
      1.0,
      1.0,
      1.0,
      1.0,
      1.0
    ],
    "keypoints_2d_visibility": [
      1.0,
      1.0,
      1.0,
      1.0,
      1.0,
      1.0,
      1.0,
      1.0,
      1.0
    ],
    "pose_6dof": {
      "translation": [
        0.008979442168880835,
        -0.07400130627024802,
        0.23363657367890403
      ],
      "rotation": [
        0.9290107905494203,
        -0.20852025078245695,
        -0.30570943075797075,
        -0.2633183998312312,
        -0.9529446795944716,
        -0.1501993939432171,
        -0.26000456025051005,
        0.22003577582795736,
        -0.9402031089093079
      ]
    },
    "pose_9dof": {
      "translation": [
        0.008979442168880835,
        -0.07400130627024802,
        0.23363657367890403
      ],
      "rotation": [
        0.9290107905494203,
        -0.20852025078245695,
        -0.30570943075797075,
        -0.2633183998312312,
        -0.9529446795944716,
        -0.1501993939432171,
        -0.26000456025051005,
        0.22003577582795736,
        -0.9402031089093079
      ],
      "scale": [
        0.022530685623759046,
        0.06139107837336579,
        0.017446313946142385
      ]
    }
  },
  {
    "frame_id": 4,
    "image": "frame_000004.png",
    "keypoints_2d": [
      [
        0.44957381154103065,
        0.2798780351832654,
        0.23557302156058846
      ],
      [
        0.40415783570212244,
        0.4197517502433461,
        0.22136533852348805
      ],
      [
        0.5162769701145646,
        0.3953595955027667,
        0.21740542098104315
      ],
      [
        0.47044636601528667,
        0.1043323045409833,
        0.2332031118123051
      ],
      [
        0.3634889167266241,
        0.13299142537055225,
        0.23716302935475003
      ],
      [
        0.4291682381663337,
        0.4440237260593645,
        0.2379429313088718
      ],
      [
        0.5335951733740523,
        0.4217253590298435,
        0.23398301376642688
      ],
      [
        0.4903522762825485,
        0.15133109977917836,
        0.24978070459768884
      ],
      [
        0.3908092890513932,
        0.17733338620688127,
        0.2537406221401338
      ]
    ],
    "keypoints_3d": [
      [
        -0.010348857066427717,
        -0.045175152449270464,
        0.23557302156058846
      ],
      [
        -0.018629312845467923,
        -0.015598246982106549,
        0.22136533852348805
      ],
      [
        0.0031103592400742236,
        -0.019995690028444275,
        0.21740542098104315
      ],
      [
        -0.0058735015092787985,
        -0.07863516235104707,
        0.2332031118123051
      ],
      [
        -0.027613173594820944,
        -0.07423771930470935,
        0.23716302935475003
      ],
      [
        -0.014824212623576635,
        -0.01171514254749385,
        0.2379429313088718
      ],
      [
        0.006915459461965507,
        -0.016112585593831576,
        0.23398301376642688
      ],
      [
        -0.0020684012873875115,
        -0.07475205791643438,
        0.24978070459768884
      ],
      [
        -0.02380807337292966,
        -0.07035461487009664,
        0.2537406221401338
      ]
    ],
    "model_matrix": [
      0.9290107905494203,
      -0.20852025078245695,
      -0.30570943075797075,
      0.008979442168880835,
      -0.2633183998312312,
      -0.9529446795944716,
      -0.1501993939432171,
      -0.07400130627024802,
      -0.26000456025051005,
      0.22003577582795736,
      -0.9402031089093079,
      0.23363657367890403,
      0.0,
      0.0,
      0.0,
      1.0
    ],
    "view_matrix": [
      0.9935855673044025,
      -0.08186252539880542,
      -0.07801440495010241,
      -0.007101616751824758,
      0.08589693660118031,
      0.9950567148635008,
      0.04983824322335885,
      0.016045001304034575,
      0.07354887304997566,
      -0.056219757562513545,
      0.9957057306919002,
      -0.00188101710067791,
      0.0,
      0.0,
      0.0,
      1.0
    ],
    "camera_intrinsics": {
      "fx": 581.0116962336913,
      "fy": 581.0116962336913,
      "cx": 256.0,
      "cy": 256.0,
      "image_width": 512,
      "image_height": 512,
      "model": "SIMPLE_RADIAL",
      "dist": [
        0.2976347847898627,
        0.0,
        0.0,
        0.0
      ]
    },
    "visibility": [
      1.0,
      1.0,
      1.0,
      1.0,
      1.0,
      1.0,
      1.0,
      1.0,
      1.0
    ],
    "keypoints_2d_visibility": [
      1.0,
      1.0,
      1.0,
      1.0,
      1.0,
      1.0,
      1.0,
      1.0,
      1.0
    ],
    "pose_6dof": {
      "translation": [
        0.008979442168880835,
        -0.07400130627024802,
        0.23363657367890403
      ],
      "rotation": [
        0.9290107905494203,
        -0.20852025078245695,
        -0.30570943075797075,
        -0.2633183998312312,
        -0.9529446795944716,
        -0.1501993939432171,
        -0.26000456025051005,
        0.22003577582795736,
        -0.9402031089093079
      ]
    },
    "pose_9dof": {
      "translation": [
        0.008979442168880835,
        -0.07400130627024802,
        0.23363657367890403
      ],
      "rotation": [
        0.9290107905494203,
        -0.20852025078245695,
        -0.30570943075797075,
        -0.2633183998312312,
        -0.9529446795944716,
        -0.1501993939432171,
        -0.26000456025051005,
        0.22003577582795736,
        -0.9402031089093079
      ],
      "scale": [
        0.022530685623759046,
        0.06139107837336579,
        0.017446313946142385
      ]
    }
  },
  {
    "frame_id": 5,
    "image": "frame_000005.png",
    "keypoints_2d": [
      [
        0.4497614782219102,
        0.2809405810639534,
        0.2589907096580352
      ],
      [
        0.40492117746326795,
        0.41950155913154663,
        0.24436522170579458
      ],
      [
        0.51600674886005,
        0.39508660884327507,
        0.24042810335162595
      ],
      [
        0.47045718039595613,
        0.1070618654657643,
        0.25710503162255854
      ],
      [
        0.3640843600202243,
        0.13528319259531985,
        0.2610421499767272
      ],
      [
        0.4294151073840609,
        0.44439625129341376,
        0.26087638769351185
      ],
      [
        0.5335635405417035,
        0.4218876958944372,
        0.25693926933934325
      ],
      [
        0.49034013663791237,
        0.1525725485056988,
        0.27361619761027584
      ],
      [
        0.3907415352397772,
        0.17842883113980773,
        0.2775533159644445
      ]
    ],
    "keypoints_3d": [
      [
        -0.010354948396643571,
        -0.04515158684208734,
        0.2589907096580352
      ],
      [
        -0.01863784889413217,
        -0.015779726095575757,
        0.24436522170579458
      ],
      [
        0.0030902212060562838,
        -0.020254305792286105,
        0.24042810335162595
      ],
      [
        -0.005913014701301029,
        -0.07864682509467487,
        0.25710503162255854
      ],
      [
        -0.027641084801489482,
        -0.0741722453979645,
        0.2610421499767272
      ],
      [
        -0.01479688209198611,
        -0.011656348589499816,
        0.26087638769351185
      ],
      [
        0.006931188008202341,
        -0.01613092828621017,
        0.25693926933934325
      ],
      [
        -0.002072047899154968,
        -0.07452344758859894,
        0.27361619761027584
      ],
      [
        -0.023800117999343423,
        -0.07004886789188856,
        0.2775533159644445
      ]
    ],
    "model_matrix": [
      0.9290107905494203,
      -0.20852025078245695,
      -0.30570943075797075,
      0.008979442168880835,
      -0.2633183998312312,
      -0.9529446795944716,
      -0.1501993939432171,
      -0.07400130627024802,
      -0.26000456025051005,
      0.22003577582795736,
      -0.9402031089093079,
      0.23363657367890403,
      0.0,
      0.0,
      0.0,
      1.0
    ],
    "view_matrix": [
      0.9938014758258658,
      -0.08111739663632374,
      -0.07601706788134158,
      -0.007521157307586826,
      0.08608782581569306,
      0.9941934507594251,
      0.0645621306447781,
      0.012562931552823195,
      0.07033855907436581,
      -0.07070608481603148,
      0.9950141389333772,
      0.020655071814484026,
      0.0,
      0.0,
      0.0,
      1.0
    ],
    "camera_intrinsics": {
      "fx": 635.9521643647562,
      "fy": 635.9521643647562,
      "cx": 256.0,
      "cy": 256.0,
      "image_width": 512,
      "image_height": 512,
      "model": "SIMPLE_RADIAL",
      "dist": [
        0.36330521723461484,
        0.0,
        0.0,
        0.0
      ]
    },
    "visibility": [
      1.0,
      1.0,
      1.0,
      1.0,
      1.0,
      1.0,
      1.0,
      1.0,
      1.0
    ],
    "keypoints_2d_visibility": [
      1.0,
      1.0,
      1.0,
      1.0,
      1.0,
      1.0,
      1.0,
      1.0,
      1.0
    ],
    "pose_6dof": {
      "translation": [
        0.008979442168880835,
        -0.07400130627024802,
        0.23363657367890403
      ],
      "rotation": [
        0.9290107905494203,
        -0.20852025078245695,
        -0.30570943075797075,
        -0.2633183998312312,
        -0.9529446795944716,
        -0.1501993939432171,
        -0.26000456025051005,
        0.22003577582795736,
        -0.9402031089093079
      ]
    },
    "pose_9dof": {
      "translation": [
        0.008979442168880835,
        -0.07400130627024802,
        0.23363657367890403
      ],
      "rotation": [
        0.9290107905494203,
        -0.20852025078245695,
        -0.30570943075797075,
        -0.2633183998312312,
        -0.9529446795944716,
        -0.1501993939432171,
        -0.26000456025051005,
        0.22003577582795736,
        -0.9402031089093079
      ],
      "scale": [
        0.022530685623759046,
        0.06139107837336579,
        0.017446313946142385
      ]
    }
  },
  {
    "frame_id": 6,
    "image": "frame_000006.png",
    "keypoints_2d": [
      [
        0.4490708443033285,
        0.28249161694844116,
        0.2608020034250834
      ],
      [
        0.4043606312961733,
        0.42130232119560074,
        0.24619942201633993
      ],
      [
        0.5155378734765806,
        0.39693082375154154,
        0.24230336525034646
      ],
      [
        0.4697837229187587,
        0.10919501892684841,
        0.25887937778135
      ],
      [
        0.3634497529697347,
        0.1372188568666206,
        0.2627754345473435
      ],
      [
        0.42869432417667547,
        0.44594698303512087,
        0.26272462906881683
      ],
      [
        0.532979344223898,
        0.42346138176755366,
        0.25882857230282336
      ],
      [
        0.4895197437698118,
        0.1541159647045916,
        0.2754045848338269
      ],
      [
        0.3898759880050387,
        0.179821970870217,
        0.2793006415998204
      ]
    ],
    "keypoints_3d": [
      [
        -0.010492610191235548,
        -0.04481186945801091,
        0.2608020034250834
      ],
      [
        -0.01873678459597472,
        -0.015417724687493037,
        0.24619942201633993
      ],
      [
        0.0029987531918243488,
        -0.01989197696323284,
        0.24230336525034646
      ],
      [
        -0.006054428523578958,
        -0.07830550461939398,
        0.25887937778135
      ],
      [
        -0.02778996631137803,
        -0.07383125234365419,
        0.2627754345473435
      ],
      [
        -0.01493079185889214,
        -0.011318234296627832,
        0.26272462906881683
      ],
      [
        0.006804745928906932,
        -0.015792486572367634,
        0.25882857230282336
      ],
      [
        -0.002248435786496375,
        -0.0742060142285288,
        0.2754045848338269
      ],
      [
        -0.023983973574295447,
        -0.06973176195278899,
        0.2793006415998204
      ]
    ],
    "model_matrix": [
      0.9290107905494203,
      -0.20852025078245695,
      -0.30570943075797075,
      0.008979442168880835,
      -0.2633183998312312,
      -0.9529446795944716,
      -0.1501993939432171,
      -0.07400130627024802,
      -0.26000456025051005,
      0.22003577582795736,
      -0.9402031089093079,
      0.23363657367890403,
      0.0,
      0.0,
      0.0,
      1.0
    ],
    "view_matrix": [
      0.9936661914927549,
      -0.08073048699520925,
      -0.07816705414559204,
      -0.007126657081246071,
      0.08575411241659235,
      0.9943100771416065,
      0.06319574905240923,
      0.01323351271527381,
      0.07262046604040771,
      -0.06949862562791433,
      0.9949352787734009,
      0.022553653504661195,
      0.0,
      0.0,
      0.0,
      1.0
    ],
    "camera_intrinsics": {
      "fx": 641.2925809529195,
      "fy": 641.2925809529195,
      "cx": 256.0,
      "cy": 256.0,
      "image_width": 512,
      "image_height": 512,
      "model": "SIMPLE_RADIAL",
      "dist": [
        0.342493299147183,
        0.0,
        0.0,
        0.0
      ]
    },
    "visibility": [
      1.0,
      1.0,
      1.0,
      1.0,
      1.0,
      1.0,
      1.0,
      1.0,
      1.0
    ],
    "keypoints_2d_visibility": [
      1.0,
      1.0,
      1.0,
      1.0,
      1.0,
      1.0,
      1.0,
      1.0,
      1.0
    ],
    "pose_6dof": {
      "translation": [
        0.008979442168880835,
        -0.07400130627024802,
        0.23363657367890403
      ],
      "rotation": [
        0.9290107905494203,
        -0.20852025078245695,
        -0.30570943075797075,
        -0.2633183998312312,
        -0.9529446795944716,
        -0.1501993939432171,
        -0.26000456025051005,
        0.22003577582795736,
        -0.9402031089093079
      ]
    },
    "pose_9dof": {
      "translation": [
        0.008979442168880835,
        -0.07400130627024802,
        0.23363657367890403
      ],
      "rotation": [
        0.9290107905494203,
        -0.20852025078245695,
        -0.30570943075797075,
        -0.2633183998312312,
        -0.9529446795944716,
        -0.1501993939432171,
        -0.26000456025051005,
        0.22003577582795736,
        -0.9402031089093079
      ],
      "scale": [
        0.022530685623759046,
        0.06139107837336579,
        0.017446313946142385
      ]
    }
  },
  {
    "frame_id": 7,
    "image": "frame_000007.png",
    "keypoints_2d": [
      [
        0.44868340954550123,
        0.2825383204202154,
        0.26411401740494994
      ],
      [
        0.40406382086340126,
        0.42075147123333667,
        0.2493272574131133
      ],
      [
        0.5150591792891207,
        0.3964242285724993,
        0.2454851163966145
      ],
      [
        0.4694506158256336,
        0.10904163828372476,
        0.2623953618643915
      ],
      [
        0.36306108702379425,
        0.13696705246225194,
        0.2662375028808903
      ],
      [
        0.42822059907754023,
        0.44583535375822414,
        0.26583267294550833
      ],
      [
        0.5323995819383577,
        0.4233639962034326,
        0.2619905319290095
      ],
      [
        0.4890911429836721,
        0.15433974217585794,
        0.2789007773967866
      ],
      [
        0.389383531932377,
        0.1799823611192809,
        0.2827429184132854
      ]
    ],
    "keypoints_3d": [
      [
        -0.010585201978013999,
        -0.04485636673136292,
        0.26411401740494994
      ],
      [
        -0.01883001266358081,
        -0.015554619890809482,
        0.2493272574131133
      ],
      [
        0.002913323668518944,
        -0.020037595714319546,
        0.2454851163966145
      ],
      [
        -0.006122864158867254,
        -0.07835787873493708,
        0.2623953618643915
      ],
      [
        -0.027866200490967007,
        -0.073874902911427,
        0.2662375028808903
      ],
      [
        -0.015047539797160742,
        -0.0113548547277888,
        0.26583267294550833
      ],
      [
        0.006695796534939008,
        -0.015837830551298865,
        0.2619905319290095
      ],
      [
        -0.0023403912924471826,
        -0.0741581135719164,
        0.2789007773967866
      ],
      [
        -0.02408372762454694,
        -0.06967513774840632,
        0.2827429184132854
      ]
    ],
    "model_matrix": [
      0.9290107905494203,
      -0.20852025078245695,
      -0.30570943075797075,
      0.008979442168880835,
      -0.2633183998312312,
      -0.9529446795944716,
      -0.1501993939432171,
      -0.07400130627024802,
      -0.26000456025051005,
      0.22003577582795736,
      -0.9402031089093079,
      0.23363657367890403,
      0.0,
      0.0,
      0.0,
      1.0
    ],
    "view_matrix": [
      0.9935178931141422,
      -0.08128790552145934,
      -0.07946365507557679,
      -0.006956233531681254,
      0.08683480096004065,
      0.9938279266886078,
      0.06903455276927176,
      0.011779473603511217,
      0.07336152536763438,
      -0.07548727409144898,
      0.9944444469380763,
      0.025530521644318054,
      0.0,
      0.0,
      0.0,
      1.0
    ],
    "camera_intrinsics": {
      "fx": 648.0008065647941,
      "fy": 648.0008065647941,
      "cx": 256.0,
      "cy": 256.0,
      "image_width": 512,
      "image_height": 512,
      "model": "SIMPLE_RADIAL",
      "dist": [
        0.38367112409782483,
        0.0,
        0.0,
        0.0
      ]
    },
    "visibility": [
      1.0,
      1.0,
      1.0,
      1.0,
      1.0,
      1.0,
      1.0,
      1.0,
      1.0
    ],
    "keypoints_2d_visibility": [
      1.0,
      1.0,
      1.0,
      1.0,
      1.0,
      1.0,
      1.0,
      1.0,
      1.0
    ],
    "pose_6dof": {
      "translation": [
        0.008979442168880835,
        -0.07400130627024802,
        0.23363657367890403
      ],
      "rotation": [
        0.9290107905494203,
        -0.20852025078245695,
        -0.30570943075797075,
        -0.2633183998312312,
        -0.9529446795944716,
        -0.1501993939432171,
        -0.26000456025051005,
        0.22003577582795736,
        -0.9402031089093079
      ]
    },
    "pose_9dof": {
      "translation": [
        0.008979442168880835,
        -0.07400130627024802,
        0.23363657367890403
      ],
      "rotation": [
        0.9290107905494203,
        -0.20852025078245695,
        -0.30570943075797075,
        -0.2633183998312312,
        -0.9529446795944716,
        -0.1501993939432171,
        -0.26000456025051005,
        0.22003577582795736,
        -0.9402031089093079
      ],
      "scale": [
        0.022530685623759046,
        0.06139107837336579,
        0.017446313946142385
      ]
    }
  },
  {
    "frame_id": 8,
    "image": "frame_000008.png",
    "keypoints_2d": [
      [
        0.4485237752713245,
        0.28205978465382464,
        0.25669706696166167
      ],
      [
        0.4038742193210295,
        0.42088631768436835,
        0.24207474009391322
      ],
      [
        0.5151742177396232,
        0.39644008810100856,
        0.2382105339653607
      ],
      [
        0.4691403660591031,
        0.10797951257351113,
        0.254789981495062
      ],
      [
        0.3625774841524807,
        0.1361679126725126,
        0.2586541876236145
      ],
      [
        0.42824008953964054,
        0.4456597113241289,
        0.25860415242826135
      ],
      [
        0.5325122269687219,
        0.42313101460592684,
        0.25473994629970886
      ],
      [
        0.48887355196544374,
        0.15358009604327727,
        0.27131939382941017
      ],
      [
        0.38916935814920794,
        0.17939518931697956,
        0.2751835999579627
      ]
    ],
    "keypoints_3d": [
      [
        -0.010599692888505992,
        -0.04487701580487994,
        0.25669706696166167
      ],
      [
        -0.018813962376489052,
        -0.015484314738859948,
        0.24207474009391322
      ],
      [
        0.0029256174113761156,
        -0.019966543684233992,
        0.2382105339653607
      ],
      [
        -0.006169446529195572,
        -0.07837258990689829,
        0.254789981495062
      ],
      [
        -0.027909026317060742,
        -0.07389036096152424,
        0.2586541876236145
      ],
      [
        -0.015029939247816412,
        -0.011381441702861591,
        0.25860415242826135
      ],
      [
        0.00670964054004876,
        -0.015863670648235635,
        0.25473994629970886
      ],
      [
        -0.002385423400522931,
        -0.07426971687089994,
        0.27131939382941017
      ],
      [
        -0.024125003188388103,
        -0.06978748792552589,
        0.2751835999579627
      ]
    ],
    "model_matrix": [
      0.9290107905494203,
      -0.20852025078245695,
      -0.30570943075797075,
      0.008979442168880835,
      -0.2633183998312312,
      -0.9529446795944716,
      -0.1501993939432171,
      -0.07400130627024802,
      -0.26000456025051005,
      0.22003577582795736,
      -0.9402031089093079,
      0.23363657367890403,
      0.0,
      0.0,
      0.0,
      1.0
    ],
    "view_matrix": [
      0.9935901420071588,
      -0.08031674977509104,
      -0.07954778068406114,
      -0.006879851584181808,
      0.08545907161053573,
      0.9943162925137867,
      0.06349690953978046,
      0.01310111351152364,
      0.07399578897247734,
      -0.06988798285258455,
      0.9948066611493599,
      0.018437604246271715,
      0.0,
      0.0,
      0.0,
      1.0
    ],
    "camera_intrinsics": {
      "fx": 630.9606730190739,
      "fy": 630.9606730190739,
      "cx": 256.0,
      "cy": 256.0,
      "image_width": 512,
      "image_height": 512,
      "model": "SIMPLE_RADIAL",
      "dist": [
        0.3589868050580748,
        0.0,
        0.0,
        0.0
      ]
    },
    "visibility": [
      1.0,
      1.0,
      1.0,
      1.0,
      1.0,
      1.0,
      1.0,
      1.0,
      1.0
    ],
    "keypoints_2d_visibility": [
      1.0,
      1.0,
      1.0,
      1.0,
      1.0,
      1.0,
      1.0,
      1.0,
      1.0
    ],
    "pose_6dof": {
      "translation": [
        0.008979442168880835,
        -0.07400130627024802,
        0.23363657367890403
      ],
      "rotation": [
        0.9290107905494203,
        -0.20852025078245695,
        -0.30570943075797075,
        -0.2633183998312312,
        -0.9529446795944716,
        -0.1501993939432171,
        -0.26000456025051005,
        0.22003577582795736,
        -0.9402031089093079
      ]
    },
    "pose_9dof": {
      "translation": [
        0.008979442168880835,
        -0.07400130627024802,
        0.23363657367890403
      ],
      "rotation": [
        0.9290107905494203,
        -0.20852025078245695,
        -0.30570943075797075,
        -0.2633183998312312,
        -0.9529446795944716,
        -0.1501993939432171,
        -0.26000456025051005,
        0.22003577582795736,
        -0.9402031089093079
      ],
      "scale": [
        0.022530685623759046,
        0.06139107837336579,
        0.017446313946142385
      ]
    }
  },
  {
    "frame_id": 9,
    "image": "frame_000009.png",
    "keypoints_2d": [
      [
        0.4477805823978799,
        0.28271006246822494,
        0.2514581026156651
      ],
      [
        0.40318940560530925,
        0.42192700894426916,
        0.2369562610194893
      ],
      [
        0.5146016360527157,
        0.39731890230335654,
        0.23306585705719463
      ],
      [
        0.4681091035831588,
        0.1084936041697031,
        0.24941575749244557
      ],
      [
        0.3615882044724155,
        0.13692755284645963,
        0.2533061614547403
      ],
      [
        0.42778757242816445,
        0.44639090072995424,
        0.2535004477388846
      ],
      [
        0.5320269715236317,
        0.4237508523679049,
        0.2496100437765899
      ],
      [
        0.48799807514775545,
        0.15416441684020898,
        0.2659599442118409
      ],
      [
        0.38844167513259076,
        0.18015700075229124,
        0.26985034817413556
      ]
    ],
