[
  {
    "frame_id": 0,
    "image": "frame_000003.png",
    "keypoints_2d": [
      [
        0.5236346870899976,
        0.6031216880788358,
        0.15842681300458805
      ],
      [
        0.5516995528512323,
        0.7461104677233088,
        0.1431599151176394
      ],
      [
        0.60546875,
        0.7235220584504843,
        0.1503228073286628
      ],
      [
        0.5339132709955741,
        0.4453125,
        0.15962714459939317
      ],
      [
        0.479275879679307,
        0.4542585988190504,
        0.1524642523883698
      ],
      [
        0.5139898882798287,
        0.7578125,
        0.15722648140978293
      ],
      [
        0.5646254529411981,
        0.7374824630488923,
        0.1643893736208063
      ],
      [
        0.500386506301778,
        0.48152095295659814,
        0.1736937108915367
      ],
      [
        0.44921875,
        0.4913318064341805,
        0.16653081868051334
      ]
    ],
    "keypoints_3d": [
      [
        -0.004356098015321719,
        0.011359495395996871,
        0.15842681300458805
      ],
      [
        0.0014910808410069643,
        0.032891452819781446,
        0.1431599151176394
      ],
      [
        0.012633781210699219,
        0.030764699802492544,
        0.1503228073286628
      ],
      [
        -0.002189470580727687,
        -0.01556183057042354,
        0.15962714459939317
      ],
      [
        -0.013332170950419997,
        -0.013435077553134639,
        0.1524642523883698
      ],
      [
        -0.006522725449915723,
        0.0382808213624173,
        0.15722648140978293
      ],
      [
        0.004619974919776587,
        0.03615406834512839,
        0.1643893736208063
      ],
      [
        -0.010203276871650374,
        -0.010172462027787696,
        0.1736937108915367
      ],
      [
        -0.021345977241342656,
        -0.008045709010498794,
        0.16653081868051334
      ]
    ],
    "model_matrix": [
      -0.835531658734536,
      0.30826653551725425,
      0.45481709547081034,
      0.022501858996219863,
      -0.42494915925807436,
      -0.8872871747815627,
      -0.17927543477567817,
      -0.044561736425818156,
      0.34828875850100377,
      -0.3430644437249977,
      0.8723541300145757,
      0.2660320171308232,
      0.0,
      0.0,
      0.0,
      1.0
    ],
    "view_matrix": [
      -0.5726103761602852,
      -0.17155449416435187,
      0.8016772496744512,
      -0.21238788204159179,
      -0.29958025449006326,
      0.9540205165417979,
      -0.009824720707997336,
      0.06322710911123793,
      -0.7631310688428613,
      -0.245792411496642,
      -0.5976763858622991,
      0.32364679857715273,
      0.0,
      0.0,
      0.0,
      1.0
    ],
    "camera_intrinsics": {
      "fx": 693.0032186841522,
      "fy": 693.0032186841522,
      "cx": 256.0,
      "cy": 256.0,
      "image_width": 512,
      "image_height": 512,
      "model": "SIMPLE_RADIAL",
      "dist": [
        -0.4527985896520054,
        0.0,
        0.0,
        0.0
      ]
    },
    "visibility": [
      1.0,
      1.0,
      1.0,
      1.0,
      1.0,
      1.0,
      1.0,
      1.0,
      1.0
    ],
    "keypoints_2d_visibility": [
      1.0,
      1.0,
      1.0,
      1.0,
      1.0,
      1.0,
      1.0,
      1.0,
      1.0
    ],
    "pose_6dof": {
      "translation": [
        0.022501858996219863,
        -0.044561736425818156,
        0.2660320171308232
      ],
      "rotation": [
        -0.835531658734536,
        0.30826653551725425,
        0.45481709547081034,
        -0.42494915925807436,
        -0.8872871747815627,
        -0.17927543477567817,
        0.34828875850100377,
        -0.3430644437249977,
        0.8723541300145757
      ]
    },
    "pose_9dof": {
      "translation": [
        0.022501858996219863,
        -0.044561736425818156,
        0.2660320171308232
      ],
      "rotation": [
        -0.835531658734536,
        0.30826653551725425,
        0.45481709547081034,
        -0.42494915925807436,
        -0.8872871747815627,
        -0.17927543477567817,
        0.34828875850100377,
        -0.3430644437249977,
        0.8723541300145757
      ],
      "scale": [
        0.013416030513979433,
        0.04952218595854045,
        0.017062668953245617
      ]
    }
  },
  {
    "frame_id": 1,
    "image": "frame_000006.png",
    "keypoints_2d": [
      [
        0.5146844997835349,
        0.5791972145924412,
        0.06731147480180283
      ],
      [
        0.5386194331727582,
        0.759765625,
        0.05138526183071923
      ],
      [
        0.607421875,
        0.7165456648749743,
        0.05742465950403439
      ],
      [
        0.5238024158829122,
        0.4453125,
        0.06848599411025094
      ],
      [
        0.4629597370351793,
        0.44931119277649134,
        0.062446596436935814
      ],
      [
        0.503038354612087,
        0.7344076885655716,
        0.06613695549335472
      ],
      [
        0.560322273028152,
        0.7013073748985221,
        0.07217635316666984
      ],
      [
        0.500472770732315,
        0.4817862489228241,
        0.08323768777288643
      ],
      [
        0.44921875,
        0.48792899258235434,
        0.07719829009957127
      ]
    ],
    "keypoints_3d": [
      [
        -0.0033377106791491473,
        0.011559847136512702,
        0.06731147480180283
      ],
      [
        0.00123731781358552,
        0.03292144157275364,
        0.05138526183071923
      ],
      [
        0.013007528870403628,
        0.030690369594188333,
        0.05742465950403439
      ],
      [
        -0.0014009121057472762,
        -0.015380126468675495,
        0.06848599411025094
      ],
      [
        -0.01317112316256544,
        -0.013149054490110168,
        0.062446596436935814
      ],
      [
        -0.0052745092525510184,
        0.038499820741700885,
        0.06613695549335472
      ],
      [
        0.006495701804267118,
        0.03626874876313557,
        0.07217635316666984
      ],
      [
        -0.007912739171883842,
        -0.009801747299728242,
        0.08323768777288643
      ],
      [
        -0.01968295022870195,
        -0.007570675321162942,
        0.07719829009957127
      ]
    ],
    "model_matrix": [
      -0.835531658734536,
      0.30826653551725425,
      0.45481709547081034,
      0.022501858996219863,
      -0.42494915925807436,
      -0.8872871747815627,
      -0.17927543477567817,
      -0.044561736425818156,
      0.34828875850100377,
      -0.3430644437249977,
      0.8723541300145757,
      0.2660320171308232,
      0.0,
      0.0,
      0.0,
      1.0
    ],
    "view_matrix": [
      -0.6491450268985424,
      -0.1830817592924202,
      0.73830332754721,
      -0.19330150539952784,
      -0.2965278558257612,
      0.9547233465111508,
      -0.023970030161134415,
      0.0671532007380136,
      -0.7004869483239977,
      -0.2344875285403073,
      -0.6740427539754369,
      0.25194151537222775,
      0.0,
      0.0,
      0.0,
      1.0
    ],
    "camera_intrinsics": {
      "fx": 250.94579290342995,
      "fy": 250.94579290342995,
      "cx": 256.0,
      "cy": 256.0,
      "image_width": 512,
      "image_height": 512,
      "model": "SIMPLE_RADIAL",
      "dist": [
        0.27888831771266914,
        0.0,
        0.0,
        0.0
      ]
    },
    "visibility": [
      1.0,
      1.0,
      1.0,
      1.0,
      1.0,
      1.0,
      1.0,
      1.0,
      1.0
    ],
    "keypoints_2d_visibility": [
      1.0,
      1.0,
      1.0,
      1.0,
      1.0,
      1.0,
      1.0,
      1.0,
      1.0
    ],
    "pose_6dof": {
      "translation": [
        0.022501858996219863,
        -0.044561736425818156,
        0.2660320171308232
      ],
      "rotation": [
        -0.835531658734536,
        0.30826653551725425,
        0.45481709547081034,
        -0.42494915925807436,
        -0.8872871747815627,
        -0.17927543477567817,
        0.34828875850100377,
        -0.3430644437249977,
        0.8723541300145757
      ]
    },
    "pose_9dof": {
      "translation": [
        0.022501858996219863,
        -0.044561736425818156,
        0.2660320171308232
      ],
      "rotation": [
        -0.835531658734536,
        0.30826653551725425,
        0.45481709547081034,
        -0.42494915925807436,
        -0.8872871747815627,
        -0.17927543477567817,
        0.34828875850100377,
        -0.3430644437249977,
        0.8723541300145757
      ],
      "scale": [
        0.013416030513979433,
        0.04952218595854045,
        0.017062668953245617
      ]
    }
  },
  {
    "frame_id": 2,
    "image": "frame_000009.png",
    "keypoints_2d": [
      [
        0.5195337543523371,
        0.5819707794108951,
        0.08407891106418416
      ],
      [
        0.5535524850375735,
        0.755859375,
        0.0696196774793432
      ],
      [
        0.60546875,
        0.7124858171809723,
        0.07761210574266361
      ],
      [
        0.5267925243826574,
        0.43945312500000006,
        0.08507729549676193
      ],
      [
        0.4743228381369803,
        0.4432342186020892,
        0.07708486723344155
      ],
      [
        0.5083889614760142,
        0.749767964380854,
        0.08308052663160642
      ],
      [
        0.5572621597563667,
        0.7107942968655578,
        0.09107295489492678
      ],
      [
        0.4959960748141052,
        0.4756117456389853,
        0.09853814464902513
      ],
      [
        0.447265625,
        0.4819797225920075,
        0.09054571638570474
      ]
    ],
    "keypoints_3d": [
      [
        -0.00562395483273348,
        0.010881411663666983,
        0.08407891106418416
      ],
      [
        0.0017191286299479969,
        0.03251246692149449,
        0.0696196774793432
      ],
      [
        0.012227319586199326,
        0.03012732792456746,
        0.07761210574266361
      ],
      [
        -0.003939316756291278,
        -0.01608260297147726,
        0.08507729549676193
      ],
      [
        -0.014447507712542662,
        -0.013697463974550225,
        0.07708486723344155
      ],
      [
        -0.007308592909175682,
        0.03784542629881123,
        0.08308052663160642
      ],
      [
        0.0031995980470757024,
        0.035460287301884205,
        0.09107295489492678
      ],
      [
        -0.012967038295414957,
        -0.010749643594160516,
        0.09853814464902513
      ],
      [
        -0.023475229251666313,
        -0.00836450459723348,
        0.09054571638570474
      ]
    ],
    "model_matrix": [
      -0.835531658734536,
      0.30826653551725425,
      0.45481709547081034,
      0.022501858996219863,
      -0.42494915925807436,
      -0.8872871747815627,
      -0.17927543477567817,
      -0.044561736425818156,
      0.34828875850100377,
      -0.3430644437249977,
      0.8723541300145757,
      0.2660320171308232,
      0.0,
      0.0,
      0.0,
      1.0
    ],
    "view_matrix": [
      -0.5144297345756633,
      -0.13804029477604787,
      0.8463491745151971,
      -0.22535562280708657,
      -0.281258901033402,
      0.9595230300609273,
      -0.014456326372205702,
      0.06381411782132919,
      -0.8100959688665884,
      -0.24548000285326418,
      -0.5324322392805172,
      0.2330125837453471,
      0.0,
      0.0,
      0.0,
      1.0
    ],
    "camera_intrinsics": {
      "fx": 334.27064664618644,
      "fy": 334.27064664618644,
      "cx": 256.0,
      "cy": 256.0,
      "image_width": 512,
      "image_height": 512,
      "model": "SIMPLE_RADIAL",
      "dist": [
        0.5838606945788463,
        0.0,
        0.0,
        0.0
      ]
    },
    "visibility": [
      1.0,
      1.0,
      1.0,
      1.0,
      1.0,
      1.0,
      1.0,
      1.0,
      1.0
    ],
    "keypoints_2d_visibility": [
      1.0,
      1.0,
      1.0,
      1.0,
      1.0,
      1.0,
      1.0,
      1.0,
      1.0
    ],
    "pose_6dof": {
      "translation": [
        0.022501858996219863,
        -0.044561736425818156,
        0.2660320171308232
      ],
      "rotation": [
        -0.835531658734536,
        0.30826653551725425,
        0.45481709547081034,
        -0.42494915925807436,
        -0.8872871747815627,
        -0.17927543477567817,
        0.34828875850100377,
        -0.3430644437249977,
        0.8723541300145757
      ]
    },
    "pose_9dof": {
      "translation": [
        0.022501858996219863,
        -0.044561736425818156,
        0.2660320171308232
      ],
      "rotation": [
        -0.835531658734536,
        0.30826653551725425,
        0.45481709547081034,
        -0.42494915925807436,
        -0.8872871747815627,
        -0.17927543477567817,
        0.34828875850100377,
        -0.3430644437249977,
        0.8723541300145757
      ],
      "scale": [
        0.013416030513979433,
        0.04952218595854045,
        0.017062668953245617
      ]
    }
  },
  {
    "frame_id": 3,
    "image": "frame_000020.png",
    "keypoints_2d": [
      [
        0.4313780790580052,
        0.5573058040448958,
        0.09162074395218095
      ],
      [
        0.41448506905542276,
        0.732421875,
        0.07767997380444752
      ],
      [
        0.517578125,
        0.7030475617123152,
        0.08214228968317713
      ],
      [
        0.4552623214524442,
        0.40457264646832336,
        0.08968136407488803
      ],
      [
        0.35870109032305536,
        0.404296875,
        0.08521904819615847
      ],
      [
        0.39631794125280095,
        0.7171931843885213,
        0.0935601238294739
      ],
      [
        0.484310305552188,
        0.6924979864440941,
        0.09802243970820346
      ],
      [
        0.43566766974209115,
        0.44142797205505235,
        0.10556151409991438
      ],
      [
        0.353515625,
        0.4434136917112405,
        0.10109919822118482
      ]
    ],
    "keypoints_3d": [
      [
        -0.01283032816897256,
        0.005523587485792163,
        0.09162074395218095
      ],
      [
        -0.011887734856572546,
        0.02866790228886137,
        0.07767997380444752
      ],
      [
        0.0006481983088497678,
        0.026956764824328072,
        0.08214228968317713
      ],
      [
        -0.00859610076977349,
        -0.021107277806036207,
        0.08968136407488803
      ],
      [
        -0.02113203393519586,
        -0.019396140341502898,
        0.08521904819615847
      ],
      [
        -0.017064555568171658,
        0.032154452777620524,
        0.0935601238294739
      ],
      [
        -0.004528622402749288,
        0.030443315313087225,
        0.09802243970820346
      ],
      [
        -0.013772921481372602,
        -0.017620727317277044,
        0.10556151409991438
      ],
      [
        -0.026308854646794944,
        -0.01590958985274375,
        0.10109919822118482
      ]
    ],
    "model_matrix": [
      -0.835531658734536,
      0.30826653551725425,
      0.45481709547081034,
      0.022501858996219863,
      -0.42494915925807436,
      -0.8872871747815627,
      -0.17927543477567817,
      -0.044561736425818156,
      0.34828875850100377,
      -0.3430644437249977,
      0.8723541300145757,
      0.2660320171308232,
      0.0,
      0.0,
      0.0,
      1.0
    ],
    "view_matrix": [
      -0.7002728002435651,
      -0.28583478753516384,
      0.6541532538127158,
      -0.1838358924469637,
      -0.2855589917094314,
      0.9519942653916484,
      0.11028590533385697,
      0.025032131328548538,
      -0.6542736946362192,
      -0.10956912382666613,
      -0.7482783837656463,
      0.30052653576601634,
      0.0,
      0.0,
      0.0,
      1.0
    ],
    "camera_intrinsics": {
      "fx": 381.3750687286533,
      "fy": 381.3750687286533,
      "cx": 256.0,
      "cy": 256.0,
      "image_width": 512,
      "image_height": 512,
      "model": "SIMPLE_RADIAL",
      "dist": [
        0.7852166604547102,
        0.0,
        0.0,
        0.0
      ]
    },
    "visibility": [
      1.0,
      1.0,
      1.0,
      1.0,
      1.0,
      1.0,
      1.0,
      1.0,
      1.0
    ],
    "keypoints_2d_visibility": [
      1.0,
      1.0,
      1.0,
      1.0,
      1.0,
      1.0,
      1.0,
      1.0,
      1.0
    ],
    "pose_6dof": {
      "translation": [
        0.022501858996219863,
        -0.044561736425818156,
        0.2660320171308232
      ],
      "rotation": [
        -0.835531658734536,
        0.30826653551725425,
        0.45481709547081034,
        -0.42494915925807436,
        -0.8872871747815627,
        -0.17927543477567817,
        0.34828875850100377,
        -0.3430644437249977,
        0.8723541300145757
      ]
    },
    "pose_9dof": {
      "translation": [
        0.022501858996219863,
        -0.044561736425818156,
        0.2660320171308232
      ],
      "rotation": [
        -0.835531658734536,
        0.30826653551725425,
        0.45481709547081034,
        -0.42494915925807436,
        -0.8872871747815627,
        -0.17927543477567817,
        0.34828875850100377,
        -0.3430644437249977,
        0.8723541300145757
      ],
      "scale": [
        0.013416030513979433,
        0.04952218595854045,
        0.017062668953245617
      ]
    }
  },
  {
    "frame_id": 4,
    "image": "frame_000022.png",
    "keypoints_2d": [
      [
        0.4194374145004131,
        0.5360352985321419,
        0.08921202048738228
      ],
      [
        0.3860828875582516,
        0.708984375,
        0.0761329823552197
      ],
      [
        0.5,
        0.6826811005169303,
        0.0796986688273163
      ],
      [
        0.44565366162616027,
        0.3782861890023153,
        0.0859852985891238
      ],
      [
        0.3359375,
        0.375,
        0.08241961211702722
      ],
      [
        0.3798103637100243,
        0.6904755193936529,
        0.09243874238564079
      ],
      [
        0.4747352456053815,
        0.6692783677756489,
        0.09600442885773736
      ],
      [
        0.4323903226419161,
        0.4179602567814552,
        0.10229105861954488
      ],
      [
        0.34191939521019316,
        0.4176635081199533,
        0.09872537214744828
      ]
    ],
    "keypoints_3d": [
      [
        -0.013947422852332136,
        0.002325197922708821,
        0.08921202048738228
      ],
      [
        -0.014518919540036507,
        0.025979056281155655,
        0.0761329823552197
      ],
      [
        -0.0016753624698345182,
        0.02445629677315763,
        0.0796986688273163
      ],
      [
        -0.009176336961781995,
        -0.024089151726381132,
        0.0859852985891238
      ],
      [
        -0.02201989403198404,
        -0.0225663922183831,
        0.08241961211702722
      ],
      [
        -0.01871850874288225,
        0.02873954757179876,
        0.09243874238564079
      ],
      [
        -0.0058749516726802065,
        0.027216788063800748,
        0.09600442885773736
      ],
      [
        -0.013375926164627738,
        -0.02132866043573803,
        0.10229105861954488
      ],
      [
        -0.026219483234829755,
        -0.01980590092773999,
        0.09872537214744828
      ]
    ],
    "model_matrix": [
      -0.835531658734536,
      0.30826653551725425,
      0.45481709547081034,
      0.022501858996219863,
      -0.42494915925807436,
      -0.8872871747815627,
      -0.17927543477567817,
      -0.044561736425818156,
      0.34828875850100377,
      -0.3430644437249977,
      0.8723541300145757,
      0.2660320171308232,
      0.0,
      0.0,
      0.0,
      1.0
    ],
    "view_matrix": [
      -0.7346280849205452,
      -0.31654611884998574,
      0.6001001012222736,
      -0.1711686103941684,
      -0.28093396745757726,
      0.9470241577257841,
      0.15563210019888007,
      0.009444653804932217,
      -0.617574030197609,
      -0.054256790586801384,
      -0.7846391004154093,
      0.3094299300364021,
      0.0,
      0.0,
      0.0,
      1.0
    ],
    "camera_intrinsics": {
      "fx": 373.95162687444144,
      "fy": 373.95162687444144,
      "cx": 256.0,
      "cy": 256.0,
      "image_width": 512,
      "image_height": 512,
      "model": "SIMPLE_RADIAL",
      "dist": [
        0.8873140603200411,
        0.0,
        0.0,
        0.0
      ]
    },
    "visibility": [
      1.0,
      1.0,
      1.0,
      1.0,
      1.0,
      1.0,
      1.0,
      1.0,
      1.0
    ],
    "keypoints_2d_visibility": [
      1.0,
      1.0,
      1.0,
      1.0,
      1.0,
      1.0,
      1.0,
      1.0,
      1.0
    ],
    "pose_6dof": {
      "translation": [
        0.022501858996219863,
        -0.044561736425818156,
        0.2660320171308232
      ],
      "rotation": [
        -0.835531658734536,
        0.30826653551725425,
        0.45481709547081034,
        -0.42494915925807436,
        -0.8872871747815627,
        -0.17927543477567817,
        0.34828875850100377,
        -0.3430644437249977,
        0.8723541300145757
      ]
    },
    "pose_9dof": {
      "translation": [
        0.022501858996219863,
        -0.044561736425818156,
        0.2660320171308232
      ],
      "rotation": [
        -0.835531658734536,
        0.30826653551725425,
        0.45481709547081034,
        -0.42494915925807436,
        -0.8872871747815627,
        -0.17927543477567817,
        0.34828875850100377,
        -0.3430644437249977,
        0.8723541300145757
      ],
      "scale": [
        0.013416030513979433,
        0.04952218595854045,
        0.017062668953245617
      ]
    }
  },
  {
    "frame_id": 5,
    "image": "frame_000024.png",
    "keypoints_2d": [
      [
        0.4110946716847713,
        0.5415530359642593,
        0.11974734630051498
      ],
      [
        0.38627464212845364,
        0.705078125,
        0.10598531427738556
      ],
      [
        0.50390625,
        0.6968841229236009,
        0.10868111101691783
      ],
      [
        0.4545893066479359,
        0.369140625,
        0.11704501498234618
      ],
      [
        0.3454641545110493,
        0.376943487734457,
        0.11434921824281394
      ],
      [
        0.37988579412316587,
        0.701010233706183,
        0.1224496776186838
      ],
      [
        0.4816727868530002,
        0.6943810624274797,
        0.12514547435821602
      ],
      [
        0.4386381896719915,
        0.40542415923587405,
        0.1335093783236444
      ],
      [
        0.341796875,
        0.41247218632330035,
        0.13081358158411216
      ]
    ],
    "keypoints_3d": [
      [
        -0.012793798926606093,
        0.002047859084349849,
        0.11974734630051498
      ],
      [
        -0.014772587765639639,
        0.02523371105258604,
        0.10598531427738556
      ],
      [
        -0.0016818528381526143,
        0.024069574570284566,
        0.10868111101691783
      ],
      [
        -0.007711655624018432,
        -0.02436732759049484,
        0.11704501498234618
      ],
      [
        -0.020802390551505512,
        -0.023203191108193362,
        0.11434921824281394
      ],
      [
        -0.01787594222919378,
        0.02846304575919454,
        0.1224496776186838
      ],
      [
        -0.004785207301706701,
        0.027298909276893078,
        0.12514547435821602
      ],
      [
        -0.010815010087572546,
        -0.02113799288388634,
        0.1335093783236444
      ],
      [
        -0.0239057450150596,
        -0.019973856401584868,
        0.13081358158411216
      ]
    ],
    "model_matrix": [
      -0.835531658734536,
      0.30826653551725425,
      0.45481709547081034,
      0.022501858996219863,
      -0.42494915925807436,
      -0.8872871747815627,
      -0.17927543477567817,
      -0.044561736425818156,
      0.34828875850100377,
      -0.3430644437249977,
      0.8723541300145757,
      0.2660320171308232,
      0.0,
      0.0,
      0.0,
      1.0
    ],
    "view_matrix": [
      -0.7700850883298911,
      -0.3392163319644055,
      0.5402788510209872,
      -0.15431299418048278,
      -0.3150901694685002,
      0.9386461311234694,
      0.14021991881061152,
      0.013662687297955814,
      -0.5546955397659653,
      -0.062255286165569496,
      -0.829721120321875,
      0.35018720676421167,
      0.0,
      0.0,
      0.0,
      1.0
    ],
    "camera_intrinsics": {
      "fx": 553.5523571726625,
      "fy": 553.5523571726625,
      "cx": 256.0,
      "cy": 256.0,
      "image_width": 512,
      "image_height": 512,
      "model": "SIMPLE_RADIAL",
      "dist": [
        -0.8789173986989766,
        0.0,
        0.0,
        0.0
      ]
    },
    "visibility": [
      1.0,
      1.0,
      1.0,
      1.0,
      1.0,
      1.0,
      1.0,
      1.0,
      1.0
    ],
    "keypoints_2d_visibility": [
      1.0,
      1.0,
      1.0,
      1.0,
      1.0,
      1.0,
      1.0,
      1.0,
      1.0
    ],
    "pose_6dof": {
      "translation": [
        0.022501858996219863,
        -0.044561736425818156,
        0.2660320171308232
      ],
      "rotation": [
        -0.835531658734536,
        0.30826653551725425,
        0.45481709547081034,
        -0.42494915925807436,
        -0.8872871747815627,
        -0.17927543477567817,
        0.34828875850100377,
        -0.3430644437249977,
        0.8723541300145757
      ]
    },
    "pose_9dof": {
      "translation": [
        0.022501858996219863,
        -0.044561736425818156,
        0.2660320171308232
      ],
      "rotation": [
        -0.835531658734536,
        0.30826653551725425,
        0.45481709547081034,
        -0.42494915925807436,
        -0.8872871747815627,
        -0.17927543477567817,
        0.34828875850100377,
        -0.3430644437249977,
        0.8723541300145757
      ],
      "scale": [
        0.013416030513979433,
        0.04952218595854045,
        0.017062668953245617
      ]
    }
  },
  {
    "frame_id": 6,
    "image": "frame_000025.png",
    "keypoints_2d": [
      [
        0.4474331953132513,
        0.5057598200440037,
        0.10841909153552406
      ],
      [
        0.4053007852508569,
        0.671875,
        0.09605996588175253
      ],
      [
        0.533203125,
        0.6640733737816564,
        0.0971734371952665
      ],
      [
        0.4904156201120957,
        0.3359375,
        0.1039347526649338
      ],
      [
        0.373046875,
        0.3436963303656938,
        0.10282128135141988
      ],
      [
        0.4125258368181267,
        0.6643127365214168,
        0.11290343040611434
      ],
      [
        0.5218069536849526,
        0.6576430994007034,
        0.11401690171962825
      ],
      [
        0.4851812252226318,
        0.3727036261384396,
        0.12077821718929557
      ],
      [
        0.3824421419355327,
        0.3793658331768455,
        0.11966474587578163
      ]
    ],
    "keypoints_3d": [
      [
        -0.008523620123764536,
        -0.001990889360508857,
        0.10841909153552406
      ],
      [
        -0.012212390021420494,
        0.021769115940090705,
        0.09605996588175253
      ],
      [
        0.001108631342866595,
        0.020628744860917293,
        0.0971734371952665
      ],
      [
        -0.003636578943239807,
        -0.028199674062620743,
        0.1039347526649338
      ],
      [
        -0.016957600307526938,
        -0.027059302983447338,
        0.10282128135141988
      ],
      [
        -0.013410661304289265,
        0.024217895341603027,
        0.11290343040611434
      ],
      [
        -8.963994000214803e-05,
        0.02307752426242963,
        0.11401690171962825
      ],
      [
        -0.004834850226108578,
        -0.02575089466110842,
        0.12077821718929557
      ],
      [
        -0.01815587159039568,
        -0.024610523581935016,
        0.11966474587578163
      ]
    ],
    "model_matrix": [
      -0.835531658734536,
      0.30826653551725425,
      0.45481709547081034,
      0.022501858996219863,
      -0.42494915925807436,
      -0.8872871747815627,
      -0.17927543477567817,
      -0.044561736425818156,
      0.34828875850100377,
      -0.3430644437249977,
      0.8723541300145757,
      0.2660320171308232,
      0.0,
      0.0,
      0.0,
      1.0
    ],
    "view_matrix": [
      -0.8272119467053551,
      -0.34951010669437094,
      0.4399580440751431,
      -0.12252751670992817,
      -0.29820113092726747,
      0.9367069579109178,
      0.18345615420304845,
      -0.002344731750914252,
      -0.4762315411033113,
      0.020561136149625306,
      -0.8790794952327129,
      0.3539147177878027,
      0.0,
      0.0,
      0.0,
      1.0
    ],
    "camera_intrinsics": {
      "fx": 491.7113481519624,
      "fy": 491.7113481519624,
      "cx": 256.0,
      "cy": 256.0,
      "image_width": 512,
      "image_height": 512,
      "model": "SIMPLE_RADIAL",
      "dist": [
        -0.5672992690488442,
        0.0,
        0.0,
        0.0
      ]
    },
    "visibility": [
      1.0,
      1.0,
      1.0,
      1.0,
      1.0,
      1.0,
      1.0,
      1.0,
      1.0
    ],
    "keypoints_2d_visibility": [
      1.0,
      1.0,
      1.0,
      1.0,
      1.0,
      1.0,
      1.0,
      1.0,
      1.0
    ],
    "pose_6dof": {
      "translation": [
        0.022501858996219863,
        -0.044561736425818156,
        0.2660320171308232
      ],
      "rotation": [
        -0.835531658734536,
        0.30826653551725425,
        0.45481709547081034,
        -0.42494915925807436,
        -0.8872871747815627,
        -0.17927543477567817,
        0.34828875850100377,
        -0.3430644437249977,
        0.8723541300145757
      ]
    },
    "pose_9dof": {
      "translation": [
        0.022501858996219863,
        -0.044561736425818156,
        0.2660320171308232
      ],
      "rotation": [
        -0.835531658734536,
        0.30826653551725425,
        0.45481709547081034,
        -0.42494915925807436,
        -0.8872871747815627,
        -0.17927543477567817,
        0.34828875850100377,
        -0.3430644437249977,
        0.8723541300145757
      ],
      "scale": [
        0.013416030513979433,
        0.04952218595854045,
        0.017062668953245617
      ]
    }
  },
  {
    "frame_id": 7,
    "image": "frame_000027.png",
    "keypoints_2d": [
      [
        0.5670292946321062,
        0.43851440480076365,
        0.1514044607696735
      ],
      [
        0.49837541655439643,
        0.603515625,
        0.14091322132306017
      ],
      [
        0.642578125,
        0.6015747926489368,
        0.14011496853491218
      ],
      [
        0.6283385097240758,
        0.2578125,
        0.14494474682869135
      ],
      [
        0.48828125,
        0.26179139026394666,
        0.1457429996168394
      ],
      [
        0.511328988532848,
        0.6030627074566381,
        0.15786417471065567
      ],
      [
        0.6400363774971877,
        0.601335209672006,
        0.15706592192250762
      ],
      [
        0.6272411741603824,
        0.29399028532587546,
        0.16189570021628685
      ],
      [
        0.5019910850047128,
        0.29736179015603537,
        0.1626939530044349
      ]
    ],
    "keypoints_3d": [
      [
        0.004214022455951552,
        -0.009780518154391096,
        0.1514044607696735
      ],
      [
        -0.002486494457492869,
        0.014218019928887122,
        0.14091322132306017
      ],
      [
        0.010900896449196854,
        0.013856866291604767,
        0.14011496853491218
      ],
      [
        0.009859580863983933,
        -0.0354182370121651,
        0.14494474682869135
      ],
      [
        -0.0035278100427058035,
        -0.03505708337488275,
        0.1457429996168394
      ],
      [
        -0.0014315359520808285,
        0.015857200703382913,
        0.15786417471065567
      ],
      [
        0.011955854954608908,
        0.015496047066100565,
        0.15706592192250762
      ],
      [
        0.010914539369395973,
        -0.033779056237669323,
        0.16189570021628685
      ],
      [
        -0.002472851537293763,
        -0.03341790260038696,
        0.1626939530044349
      ]
    ],
    "model_matrix": [
      -0.835531658734536,
      0.30826653551725425,
      0.45481709547081034,
      0.022501858996219863,
      -0.42494915925807436,
      -0.8872871747815627,
      -0.17927543477567817,
      -0.044561736425818156,
      0.34828875850100377,
      -0.3430644437249977,
      0.8723541300145757,
      0.2660320171308232,
      0.0,
      0.0,
      0.0,
      1.0
    ],
    "view_matrix": [
      -0.8683506622582767,
      -0.39430047092571807,
      0.3008226487207533,
      -0.07384564307842545,
      -0.3279298298779837,
      0.9115223259257071,
      0.24817146494950962,
      -0.027804025142501698,
      -0.37206068595298997,
      0.11685113592407223,
      -0.9208239017322721,
      0.40995224738324176,
      0.0,
      0.0,
      0.0,
      1.0
    ],
    "camera_intrinsics": {
      "fx": 721.0665657768934,
      "fy": 721.0665657768934,
      "cx": 256.0,
      "cy": 256.0,
      "image_width": 512,
      "image_height": 512,
      "model": "SIMPLE_RADIAL",
      "dist": [
        0.10707086707014442,
        0.0,
        0.0,
        0.0
      ]
    },
    "visibility": [
      1.0,
      1.0,
      1.0,
      1.0,
      1.0,
      1.0,
      1.0,
      1.0,
      1.0
    ],
    "keypoints_2d_visibility": [
      1.0,
      1.0,
      1.0,
      1.0,
      1.0,
      1.0,
      1.0,
      1.0,
      1.0
    ],
    "pose_6dof": {
      "translation": [
        0.022501858996219863,
        -0.044561736425818156,
        0.2660320171308232
      ],
      "rotation": [
        -0.835531658734536,
        0.30826653551725425,
        0.45481709547081034,
        -0.42494915925807436,
        -0.8872871747815627,
        -0.17927543477567817,
        0.34828875850100377,
        -0.3430644437249977,
        0.8723541300145757
      ]
    },
    "pose_9dof": {
      "translation": [
        0.022501858996219863,
        -0.044561736425818156,
        0.2660320171308232
      ],
      "rotation": [
        -0.835531658734536,
        0.30826653551725425,
        0.45481709547081034,
        -0.42494915925807436,
        -0.8872871747815627,
        -0.17927543477567817,
        0.34828875850100377,
        -0.3430644437249977,
        0.8723541300145757
      ],
      "scale": [
        0.013416030513979433,
        0.04952218595854045,
        0.017062668953245617
      ]
    }
  },
  {
    "frame_id": 8,
    "image": "frame_000028.png",
    "keypoints_2d": [
      [
        0.24382734316754354,
        0.7789835328222003,
        0.14362209823086486
      ],
      [
        0.16437938477172193,
        0.99609375,
        0.12861844891776325
      ],
      [
        0.3298934166131813,
        0.9633514700547572,
        0.13071078761366234
      ],
      [
        0.28319295661877925,
        0.603515625,
        0.14224728741503226
      ],
      [
        0.140625,
        0.6157116037334177,
        0.1401549487191332
      ],
      [
        0.18904311277149993,
        0.9771703428537204,
        0.14499690904669743
      ],
      [
        0.333984375,
        0.9493075855489275,
        0.1470892477425965
      ],
      [
        0.2923360284660809,
        0.6274879449126226,
        0.15862574754396644
      ],
      [
        0.16587033359256492,
        0.6393098723228701,
        0.15653340884806738
      ]
    ],
    "keypoints_3d": [
      [
        -0.03019094464878952,
        0.028129870843499785,
        0.14362209823086486
      ],
      [
        -0.031645494178250855,
        0.05057241203481534,
        0.12861844891776325
      ],
      [
        -0.018511012308448094,
        0.04881247466505101,
        0.13071078761366234
      ],
      [
        -0.026707732176438376,
        0.0013554429642487972,
        0.14224728741503226
      ],
      [
        -0.03984221404624118,
        0.0031153803340131445,
        0.1401549487191332
      ],
      [
        -0.03367415712114068,
        0.054904298722750766,
        0.14499690904669743
      ],
      [
        -0.020539675251337874,
        0.05314436135298644,
        0.1470892477425965
      ],
      [
        -0.028736395119328184,
        0.005687329652184214,
        0.15862574754396644
      ],
      [
        -0.04187087698913097,
        0.0074472670219485615,
        0.15653340884806738
      ]
    ],
    "model_matrix": [
      -0.835531658734536,
      0.30826653551725425,
      0.45481709547081034,
      0.022501858996219863,
      -0.42494915925807436,
      -0.8872871747815627,
      -0.17927543477567817,
      -0.044561736425818156,
      0.34828875850100377,
      -0.3430644437249977,
      0.8723541300145757,
      0.2660320171308232,
      0.0,
      0.0,
      0.0,
      1.0
    ],
    "view_matrix": [
      -0.8149448852667265,
      -0.29048577527962544,
      0.5014806559956204,
      -0.15820763077089053,
      -0.3012742836628724,
      0.9515460438629965,
      0.06159490573175401,
      0.06092542928052031,
      -0.49507437823121686,
      -0.10088677202128875,
      -0.8629734754035604,
      0.37984507673080664,
      0.0,
      0.0,
      0.0,
      1.0
    ],
    "camera_intrinsics": {
      "fx": 670.6193043005712,
      "fy": 670.6193043005712,
      "cx": 256.0,
      "cy": 256.0,
      "image_width": 512,
      "image_height": 512,
      "model": "SIMPLE_RADIAL",
      "dist": [
        0.6801403892966913,
        0.0,
        0.0,
        0.0
      ]
    },
    "visibility": [
      1.0,
      1.0,
      1.0,
      1.0,
      1.0,
      1.0,
      1.0,
      1.0,
      1.0
    ],
    "keypoints_2d_visibility": [
      1.0,
      1.0,
      1.0,
      1.0,
      1.0,
      1.0,
      1.0,
      1.0,
      1.0
    ],
    "pose_6dof": {
      "translation": [
        0.022501858996219863,
        -0.044561736425818156,
        0.2660320171308232
      ],
      "rotation": [
        -0.835531658734536,
        0.30826653551725425,
        0.45481709547081034,
        -0.42494915925807436,
        -0.8872871747815627,
        -0.17927543477567817,
        0.34828875850100377,
        -0.3430644437249977,
        0.8723541300145757
      ]
    },
    "pose_9dof": {
      "translation": [
        0.022501858996219863,
        -0.044561736425818156,
        0.2660320171308232
      ],
      "rotation": [
        -0.835531658734536,
        0.30826653551725425,
        0.45481709547081034,
        -0.42494915925807436,
        -0.8872871747815627,
        -0.17927543477567817,
        0.34828875850100377,
        -0.3430644437249977,
        0.8723541300145757
      ],
      "scale": [
        0.013416030513979433,
        0.04952218595854045,
        0.017062668953245617
      ]
    }
  },
  {
    "frame_id": 9,
    "image": "frame_000029.png",
    "keypoints_2d": [
      [
        0.24427793332975378,
        0.7745139882595867,
        0.1439179503859995
      ],
      [
        0.16544214373063326,
        0.9921875,
        0.12901396084898287
      ],
      [
        0.3305059443275776,
        0.9583502786691628,
        0.13116391528992824
      ],
      [
        0.28296723466473594,
        0.599609375,
        0.14243349098735358
      ],
      [
        0.140625,
        0.6119738077003842,
        0.14028353654640824
      ],
      [
        0.1894416518873018,
        0.9729547050830368,
        0.14540240978464541
      ],
      [
        0.333984375,
        0.9441612423484042,
        0.14755236422559076
      ],
      [
        0.2916998896571027,
        0.6233188615332936,
        0.15882193992301613
      ],
      [
        0.16547743275527843,
        0.6353338328537883,
        0.15667198548207079
      ]
    ],
    "keypoints_3d": [
      [
        -0.03041495793015045,
        0.027773949468018,
        0.1439179503859995
      ],
      [
        -0.03174286422296005,
        0.05029062379896884,
        0.12901396084898287
      ],
      [
        -0.01862312596538676,
        0.048490613047152666,
        0.13116391528992824
      ],
      [
        -0.026985759367846585,
