[
  {
    "frame_id": 0,
    "image": "frame_000000.png",
    "keypoints_2d": [
      [
        0.4742894109716458,
        0.3380548656986013,
        0.19945990886134354
      ],
      [
        0.41909956896521977,
        0.41203037700169853,
        0.2222891434759036
      ],
      [
        0.4682797803501062,
        0.4715126576702494,
        0.21491229339094015
      ],
      [
        0.45469273669824917,
        0.2932343809569631,
        0.17181652926222934
      ],
      [
        0.3943129069852581,
        0.2269418527537152,
        0.17919337934719282
      ],
      [
        0.48912139649014247,
        0.37198173018664416,
        0.22710328846045774
      ],
      [
        0.5395828416814024,
        0.4288103601638195,
        0.21972643837549427
      ],
      [
        0.5437094295256742,
        0.24506223124575732,
        0.1766306742467835
      ],
      [
        0.4813139223259427,
        0.18245477589866727,
        0.18400752433174694
      ]
    ],
    "keypoints_3d": [
      [
        -0.004538499767091791,
        -0.02858697455348011,
        0.19945990886134354
      ],
      [
        -0.01591286735117866,
        -0.017303355789332592,
        0.2222891434759036
      ],
      [
        -0.006031318205344083,
        -0.005416615279203119,
        0.21491229339094015
      ],
      [
        -0.006890811838108246,
        -0.03144712065097255,
        0.17181652926222934
      ],
      [
        -0.01677236098394283,
        -0.04333386116110202,
        0.17919337934719282
      ],
      [
        -0.0021861876960753285,
        -0.025726828455987644,
        0.22710328846045774
      ],
      [
        0.007695361449759255,
        -0.01384008794585817,
        0.21972643837549427
      ],
      [
        0.006835867816995085,
        -0.0398705933176276,
        0.1766306742467835
      ],
      [
        -0.003045681328839492,
        -0.051757333827757074,
        0.18400752433174694
      ]
    ],
    "model_matrix": [
      -0.35333606486437885,
      -0.14892601651288878,
      0.9235662763828908,
      0.036742842247029825,
      -0.7465580328373277,
      -0.5500385863410036,
      -0.3743109097288641,
      -0.022273057763158764,
      0.5637417217771052,
      -0.8217533663707091,
      0.08316655569513459,
      0.2162209894300886,
      0.0,
      0.0,
      0.0,
      1.0
    ],
    "view_matrix": [
      -0.9555051531175853,
      -0.11565962082663082,
      0.27135355991027577,
      -0.030678953284581513,
      0.2945860348343841,
      -0.42135150274232014,
      0.8577190561118153,
      -0.23425255208428974,
      0.0151317694370047,
      0.8994919472941536,
      0.4366752412338909,
      0.12452000802436558,
      0.0,
      0.0,
      0.0,
      1.0
    ],
    "camera_intrinsics": {
      "fx": 578.714778608344,
      "fy": 578.714778608344,
      "cx": 256.0,
      "cy": 256.0,
      "image_width": 512,
      "image_height": 512,
      "model": "SIMPLE_RADIAL",
      "dist": [
        -0.015227211700241496,
        0.0,
        0.0,
        0.0
      ]
    },
    "visibility": [
      1.0,
      1.0,
      1.0,
      1.0,
      1.0,
      1.0,
      1.0,
      1.0,
      1.0
    ],
    "keypoints_2d_visibility": [
      1.0,
      1.0,
      1.0,
      1.0,
      1.0,
      1.0,
      1.0,
      1.0,
      1.0
    ],
    "pose_6dof": {
      "translation": [
        0.036742842247029825,
        -0.022273057763158764,
        0.2162209894300886
      ],
      "rotation": [
        -0.35333606486437885,
        -0.14892601651288878,
        0.9235662763828908,
        -0.7465580328373277,
        -0.5500385863410036,
        -0.3743109097288641,
        0.5637417217771052,
        -0.8217533663707091,
        0.08316655569513459
      ]
    },
    "pose_9dof": {
      "translation": [
        0.036742842247029825,
        -0.022273057763158764,
        0.2162209894300886
      ],
      "rotation": [
        -0.35333606486437885,
        -0.14892601651288878,
        0.9235662763828908,
        -0.7465580328373277,
        -0.5500385863410036,
        -0.3743109097288641,
        0.5637417217771052,
        -0.8217533663707091,
        0.08316655569513459
      ],
      "scale": [
        0.017127683166520864,
        0.050354451889102675,
        0.016809301533734836
      ]
    }
  },
  {
    "frame_id": 1,
    "image": "frame_000001.png",
    "keypoints_2d": [
      [
        0.47438501336493827,
        0.3394990257253163,
        0.19836320737404972
      ],
      [
        0.41899745338352123,
        0.41328452857684794,
        0.22117428511593504
      ],
      [
        0.4681710375543056,
        0.47279290858231593,
        0.21381966797274055
      ],
      [
        0.45512090294215257,
        0.29477803669080904,
        0.170714579859654
      ],
      [
        0.394656191081543,
        0.22838314403252696,
        0.17806919700284846
      ],
      [
        0.48894212605103893,
        0.3732969663909982,
        0.22601183488844545
      ],
      [
        0.5393888914012432,
        0.43013762444851006,
        0.21865721774525093
      ],
      [
        0.5441278933301996,
        0.24665038571797704,
        0.17555212963216438
      ],
      [
        0.48165486875315106,
        0.18396749727336625,
        0.18290674677535887
      ]
    ],
    "keypoints_3d": [
      [
        -0.0045232247207676705,
        -0.02834207899030669,
        0.19836320737404972
      ],
      [
        -0.015946209068478462,
        -0.017070858813023643,
        0.22117428511593504
      ],
      [
        -0.0060565543679117345,
        -0.005177084507391683,
        0.21381966797274055
      ],
      [
        -0.00682191753831627,
        -0.031195086410543027,
        0.170714579859654
      ],
      [
        -0.016711572238882998,
        -0.04308886071617496,
        0.17806919700284846
      ],
      [
        -0.002224531903219071,
        -0.025489071570070326,
        0.22601183488844545
      ],
      [
        0.00766512279734766,
        -0.013595297264438394,
        0.21865721774525093
      ],
      [
        0.006899759626943117,
        -0.03961329916758974,
        0.17555212963216438
      ],
      [
        -0.0029898950736236135,
        -0.05150707347322167,
        0.18290674677535887
      ]
    ],
    "model_matrix": [
      -0.35333606486437885,
      -0.14892601651288878,
      0.9235662763828908,
      0.036742842247029825,
      -0.7465580328373277,
      -0.5500385863410036,
      -0.3743109097288641,
      -0.022273057763158764,
      0.5637417217771052,
      -0.8217533663707091,
      0.08316655569513459,
      0.2162209894300886,
      0.0,
      0.0,
      0.0,
      1.0
    ],
    "view_matrix": [
      -0.955675907228479,
      -0.11715253863091474,
      0.2701089466036912,
      -0.0304215445707807,
      0.2941149520234853,
      -0.4216775419020127,
      0.857720493897458,
      -0.23399792036818132,
      0.013414743353737296,
      0.899145891025371,
      0.43744338069394184,
      0.12331259935024687,
      0.0,
      0.0,
      0.0,
      1.0
    ],
    "camera_intrinsics": {
      "fx": 575.339556808797,
      "fy": 575.339556808797,
      "cx": 256.0,
      "cy": 256.0,
      "image_width": 512,
      "image_height": 512,
      "model": "SIMPLE_RADIAL",
      "dist": [
        -0.01618581874018381,
        0.0,
        0.0,
        0.0
      ]
    },
    "visibility": [
      1.0,
      1.0,
      1.0,
      1.0,
      1.0,
      1.0,
      1.0,
      1.0,
      1.0
    ],
    "keypoints_2d_visibility": [
      1.0,
      1.0,
      1.0,
      1.0,
      1.0,
      1.0,
      1.0,
      1.0,
      1.0
    ],
    "pose_6dof": {
      "translation": [
        0.036742842247029825,
        -0.022273057763158764,
        0.2162209894300886
      ],
      "rotation": [
        -0.35333606486437885,
        -0.14892601651288878,
        0.9235662763828908,
        -0.7465580328373277,
        -0.5500385863410036,
        -0.3743109097288641,
        0.5637417217771052,
        -0.8217533663707091,
        0.08316655569513459
      ]
    },
    "pose_9dof": {
      "translation": [
        0.036742842247029825,
        -0.022273057763158764,
        0.2162209894300886
      ],
      "rotation": [
        -0.35333606486437885,
        -0.14892601651288878,
        0.9235662763828908,
        -0.7465580328373277,
        -0.5500385863410036,
        -0.3743109097288641,
        0.5637417217771052,
        -0.8217533663707091,
        0.08316655569513459
      ],
      "scale": [
        0.017127683166520864,
        0.050354451889102675,
        0.016809301533734836
      ]
    }
  },
  {
    "frame_id": 2,
    "image": "frame_000002.png",
    "keypoints_2d": [
      [
        0.4744994915288115,
        0.33898469534463394,
        0.19884211424506731
      ],
      [
        0.41911468195154467,
        0.4128973984070021,
        0.22164830457128626
      ],
      [
        0.4683553789052632,
        0.4723628744714998,
        0.21428827065619876
      ],
      [
        0.45525449383229594,
        0.2941874823905153,
        0.1711947881146852
      ],
      [
        0.39473885552398513,
        0.22787138329560414,
        0.1785548220297727
      ],
      [
        0.4890519638296164,
        0.37286284566709926,
        0.22648944037544944
      ],
      [
        0.5395617878774328,
        0.42966406187187367,
        0.21912940646036194
      ],
      [
        0.5441983553127264,
        0.24602659157290385,
        0.1760359239188484
      ],
      [
        0.4816838949698193,
        0.1834134191952682,
        0.18339595783393586
      ]
    ],
    "keypoints_3d": [
      [
        -0.004502595270347076,
        -0.02843028600837033,
        0.19884211424506731
      ],
      [
        -0.015917489161994477,
        -0.01714099357324031,
        0.22164830457128626
      ],
      [
        -0.006019688069818934,
        -0.00525735082527734,
        0.21428827065619876
      ],
      [
        -0.006803603176934465,
        -0.031294018519148176,
        0.1711947881146852
      ],
      [
        -0.01670140426911,
        -0.043177661267111145,
        0.1785548220297727
      ],
      [
        -0.0022015873637596974,
        -0.025566553497592487,
        0.22648944037544944
      ],
      [
        0.007696213728415835,
        -0.01368291074962949,
        0.21912940646036194
      ],
      [
        0.006912298621300307,
        -0.03971957844350035,
        0.1760359239188484
      ],
      [
        -0.0029855024708752252,
        -0.05160322119146332,
        0.18339595783393586
      ]
    ],
    "model_matrix": [
      -0.35333606486437885,
      -0.14892601651288878,
      0.9235662763828908,
      0.036742842247029825,
      -0.7465580328373277,
      -0.5500385863410036,
      -0.3743109097288641,
      -0.022273057763158764,
      0.5637417217771052,
      -0.8217533663707091,
      0.08316655569513459,
      0.2162209894300886,
      0.0,
      0.0,
      0.0,
      1.0
    ],
    "view_matrix": [
      -0.9554717747111524,
      -0.11743357923517689,
      0.270708408067308,
      -0.030544291313642682,
      0.29478284740687466,
      -0.42119564421635647,
      0.8577279884484729,
      -0.23410155490520157,
      0.013295134637001466,
      0.8993350786893525,
      0.43705795454813556,
      0.12388345199584126,
      0.0,
      0.0,
      0.0,
      1.0
    ],
    "camera_intrinsics": {
      "fx": 576.7711325278852,
      "fy": 576.7711325278852,
      "cx": 256.0,
      "cy": 256.0,
      "image_width": 512,
      "image_height": 512,
      "model": "SIMPLE_RADIAL",
      "dist": [
        -0.01529842590788739,
        0.0,
        0.0,
        0.0
      ]
    },
    "visibility": [
      1.0,
      1.0,
      1.0,
      1.0,
      1.0,
      1.0,
      1.0,
      1.0,
      1.0
    ],
    "keypoints_2d_visibility": [
      1.0,
      1.0,
      1.0,
      1.0,
      1.0,
      1.0,
      1.0,
      1.0,
      1.0
    ],
    "pose_6dof": {
      "translation": [
        0.036742842247029825,
        -0.022273057763158764,
        0.2162209894300886
      ],
      "rotation": [
        -0.35333606486437885,
        -0.14892601651288878,
        0.9235662763828908,
        -0.7465580328373277,
        -0.5500385863410036,
        -0.3743109097288641,
        0.5637417217771052,
        -0.8217533663707091,
        0.08316655569513459
      ]
    },
    "pose_9dof": {
      "translation": [
        0.036742842247029825,
        -0.022273057763158764,
        0.2162209894300886
      ],
      "rotation": [
        -0.35333606486437885,
        -0.14892601651288878,
        0.9235662763828908,
        -0.7465580328373277,
        -0.5500385863410036,
        -0.3743109097288641,
        0.5637417217771052,
        -0.8217533663707091,
        0.08316655569513459
      ],
      "scale": [
        0.017127683166520864,
        0.050354451889102675,
        0.016809301533734836
      ]
    }
  },
  {
    "frame_id": 3,
    "image": "frame_000003.png",
    "keypoints_2d": [
      [
        0.4750429903916718,
        0.33894065216457064,
        0.19872644158659694
      ],
      [
        0.4197168322970939,
        0.4126433654478509,
        0.22155246720169725
      ],
      [
        0.46892237894231853,
        0.47207065499777556,
        0.21420866665995503
      ],
      [
        0.4558536384615819,
        0.2944166812370083,
        0.1710752212378886
      ],
      [
        0.3953589545216627,
        0.22809086044005283,
        0.1784190217796308
      ],
      [
        0.48955033744391685,
        0.37260512008431734,
        0.22637766193530529
      ],
      [
        0.5400211289234156,
        0.42937494973734286,
        0.2190338613935631
      ],
      [
        0.5446914263093998,
        0.24621513829551928,
        0.17590041597149667
      ],
      [
        0.4822028903103643,
        0.18358725399851233,
        0.18324421651323886
      ]
    ],
    "keypoints_3d": [
      [
        -0.0044114775828983065,
        -0.028469344430396476,
        0.19872644158659694
      ],
      [
        -0.015818729893864646,
        -0.017212462412185853,
        0.22155246720169725
      ],
      [
        -0.005919579170209112,
        -0.005319904268280079,
        0.21420866665995503
      ],
      [
        -0.006719088597255986,
        -0.03128983872621882,
        0.1710752212378886
      ],
      [
        -0.016618239320911506,
        -0.043182396870124595,
        0.1784190217796308
      ],
      [
        -0.0021038665685406237,
        -0.02564885013457413,
        0.22637766193530529
      ],
      [
        0.0077952841551149,
        -0.013756291990668357,
        0.2190338613935631
      ],
      [
        0.006995774728068033,
        -0.0397262264486071,
        0.17590041597149667
      ],
      [
        -0.0029033759955874976,
        -0.05161878459251287,
        0.18324421651323886
      ]
    ],
    "model_matrix": [
      -0.35333606486437885,
      -0.14892601651288878,
      0.9235662763828908,
      0.036742842247029825,
      -0.7465580328373277,
      -0.5500385863410036,
      -0.3743109097288641,
      -0.022273057763158764,
      0.5637417217771052,
      -0.8217533663707091,
      0.08316655569513459,
      0.2162209894300886,
      0.0,
      0.0,
      0.0,
      1.0
    ],
    "view_matrix": [
      -0.9553964383207277,
      -0.11734518950980925,
      0.2710124575420384,
      -0.03051971486810586,
      0.294996479783303,
      -0.42255431055584936,
      0.8569859576131514,
      -0.23401828180039325,
      0.013954302545361758,
      0.8987090525468061,
      0.4383233011270272,
      0.12345602162920559,
      0.0,
      0.0,
      0.0,
      1.0
    ],
    "camera_intrinsics": {
      "fx": 575.8018550864097,
      "fy": 575.8018550864097,
      "cx": 256.0,
      "cy": 256.0,
      "image_width": 512,
      "image_height": 512,
      "model": "SIMPLE_RADIAL",
      "dist": [
        -0.015223997896348969,
        0.0,
        0.0,
        0.0
      ]
    },
    "visibility": [
      1.0,
      1.0,
      1.0,
      1.0,
      1.0,
      1.0,
      1.0,
      1.0,
      1.0
    ],
    "keypoints_2d_visibility": [
      1.0,
      1.0,
      1.0,
      1.0,
      1.0,
      1.0,
      1.0,
      1.0,
      1.0
    ],
    "pose_6dof": {
      "translation": [
        0.036742842247029825,
        -0.022273057763158764,
        0.2162209894300886
      ],
      "rotation": [
        -0.35333606486437885,
        -0.14892601651288878,
        0.9235662763828908,
        -0.7465580328373277,
        -0.5500385863410036,
        -0.3743109097288641,
        0.5637417217771052,
        -0.8217533663707091,
        0.08316655569513459
      ]
    },
    "pose_9dof": {
      "translation": [
        0.036742842247029825,
        -0.022273057763158764,
        0.2162209894300886
      ],
      "rotation": [
        -0.35333606486437885,
        -0.14892601651288878,
        0.9235662763828908,
        -0.7465580328373277,
        -0.5500385863410036,
        -0.3743109097288641,
        0.5637417217771052,
        -0.8217533663707091,
        0.08316655569513459
      ],
      "scale": [
        0.017127683166520864,
        0.050354451889102675,
        0.016809301533734836
      ]
    }
  },
  {
    "frame_id": 4,
    "image": "frame_000004.png",
    "keypoints_2d": [
      [
        0.4742520658447184,
        0.34062660462513983,
        0.1998623038024112
      ],
      [
        0.41895235375226747,
        0.41442595061429977,
        0.22264646205611854
      ],
      [
        0.4681088886119028,
        0.47379170709758656,
        0.21526293128159002
      ],
      [
        0.4550332831444871,
        0.29593895838726314,
        0.17222069534462728
      ],
      [
        0.3946894232976945,
        0.22978327452594266,
        0.1796042261191558
      ],
      [
        0.4888054700983427,
        0.3744693615371697,
        0.22750391226019517
      ],
      [
        0.5392267816047979,
        0.4311801962785595,
        0.22012038148566665
      ],
      [
        0.5437531898060184,
        0.247920891237549,
        0.17707814554870394
      ],
      [
        0.48142551386269855,
        0.18544500649905993,
        0.18446167632323246
      ]
    ],
    "keypoints_3d": [
      [
        -0.004555235782885438,
        -0.028195791905994833,
        0.1998623038024112
      ],
      [
        -0.015971360495292408,
        -0.016863339715053688,
        0.22264646205611854
      ],
      [
        -0.006075369506827546,
        -0.004992772487219327,
        0.21526293128159002
      ],
      [
        -0.006856289845093153,
        -0.0311141605442134,
        0.17222069534462728
      ],
      [
        -0.01675228083355801,
        -0.04298472777204776,
        0.1796042261191558
      ],
      [
        -0.0022541817206777164,
        -0.025277423267776267,
        0.22750391226019517
      ],
      [
        0.0076418092677871426,
        -0.013406856039941906,
        0.22012038148566665
      ],
      [
        0.006860888929521535,
        -0.03952824409693598,
        0.17707814554870394
      ],
      [
        -0.0030351020589433203,
        -0.05139881132477034,
        0.18446167632323246
      ]
    ],
    "model_matrix": [
      -0.35333606486437885,
      -0.14892601651288878,
      0.9235662763828908,
      0.036742842247029825,
      -0.7465580328373277,
      -0.5500385863410036,
      -0.3743109097288641,
      -0.022273057763158764,
      0.5637417217771052,
      -0.8217533663707091,
      0.08316655569513459,
      0.2162209894300886,
      0.0,
      0.0,
      0.0,
      1.0
    ],
    "view_matrix": [
      -0.9555134521994394,
      -0.11735895784682548,
      0.2705936393912792,
      -0.030568923033624,
      0.2946725992682505,
      -0.4194447252944856,
      0.8586234224985522,
      -0.23401762329085268,
      0.012731924693605512,
      0.9001627616357729,
      0.4353675466291158,
      0.12530827219015345,
      0.0,
      0.0,
      0.0,
      1.0
    ],
    "camera_intrinsics": {
      "fx": 578.5533647408276,
      "fy": 578.5533647408276,
      "cx": 256.0,
      "cy": 256.0,
      "image_width": 512,
      "image_height": 512,
      "model": "SIMPLE_RADIAL",
      "dist": [
        -0.012518792225264063,
        0.0,
        0.0,
        0.0
      ]
    },
    "visibility": [
      1.0,
      1.0,
      1.0,
      1.0,
      1.0,
      1.0,
      1.0,
      1.0,
      1.0
    ],
    "keypoints_2d_visibility": [
      1.0,
      1.0,
      1.0,
      1.0,
      1.0,
      1.0,
      1.0,
      1.0,
      1.0
    ],
    "pose_6dof": {
      "translation": [
        0.036742842247029825,
        -0.022273057763158764,
        0.2162209894300886
      ],
      "rotation": [
        -0.35333606486437885,
        -0.14892601651288878,
        0.9235662763828908,
        -0.7465580328373277,
        -0.5500385863410036,
        -0.3743109097288641,
        0.5637417217771052,
        -0.8217533663707091,
        0.08316655569513459
      ]
    },
    "pose_9dof": {
      "translation": [
        0.036742842247029825,
        -0.022273057763158764,
        0.2162209894300886
      ],
      "rotation": [
        -0.35333606486437885,
        -0.14892601651288878,
        0.9235662763828908,
        -0.7465580328373277,
        -0.5500385863410036,
        -0.3743109097288641,
        0.5637417217771052,
        -0.8217533663707091,
        0.08316655569513459
      ],
      "scale": [
        0.017127683166520864,
        0.050354451889102675,
        0.016809301533734836
      ]
    }
  },
  {
    "frame_id": 5,
    "image": "frame_000005.png",
    "keypoints_2d": [
      [
        0.4751400072499933,
        0.33818953467155216,
        0.19909716425942814
      ],
      [
        0.4194591027722145,
        0.4113972097475641,
        0.22192137050719185
      ],
      [
        0.46839238026221053,
        0.4709481567198936,
        0.21461796071353867
      ],
      [
        0.456428470996735,
        0.2938964402670108,
        0.17143654340275674
      ],
      [
        0.396225651267079,
        0.2273388367068822,
        0.17873995319640992
      ],
      [
        0.4892918456931203,
        0.37169268386418486,
        0.2267577851160995
      ],
      [
        0.5394782052580596,
        0.42860435230745364,
        0.21945437532244633
      ],
      [
        0.5452058627073606,
        0.24612155556064497,
        0.1762729580116644
      ],
      [
        0.4830323751562483,
        0.18323642907636,
        0.18357636780531758
      ]
    ],
    "keypoints_3d": [
      [
        -0.004403335615788304,
        -0.028660739854313583,
        0.19909716425942814
      ],
      [
        -0.01589902338393347,
        -0.01749046611836441,
        0.22192137050719185
      ],
      [
        -0.0060332559475739685,
        -0.005545409863563361,
        0.21461796071353867
      ],
      [
        -0.006646726586127152,
        -0.03144057693890179,
        0.17143654340275674
      ],
      [
        -0.016512494022486637,
        -0.04338563319370284,
        0.17873995319640992
      ],
      [
        -0.002159944645449448,
        -0.025880902769725378,
        0.2267577851160995
      ],
      [
        0.007705822790910043,
        -0.013935846514924327,
        0.21945437532244633
      ],
      [
        0.00709235215235687,
        -0.039831013590262754,
        0.1762729580116644
      ],
      [
        -0.0027734152840026283,
        -0.051776069845063805,
        0.18357636780531758
      ]
    ],
    "model_matrix": [
      -0.35333606486437885,
      -0.14892601651288878,
      0.9235662763828908,
      0.036742842247029825,
      -0.7465580328373277,
      -0.5500385863410036,
      -0.3743109097288641,
      -0.022273057763158764,
      0.5637417217771052,
      -0.8217533663707091,
      0.08316655569513459,
      0.2162209894300886,
      0.0,
      0.0,
      0.0,
      1.0
    ],
    "view_matrix": [
      -0.9565884624740065,
      -0.1173830187942409,
      0.2667578309260433,
      -0.029548677542848522,
      0.29116761506806543,
      -0.42463605472301547,
      0.85726637690093,
      -0.23417599319603533,
      0.01264647765947155,
      0.897722366841789,
      0.44038008433032616,
      0.12340810129854336,
      0.0,
      0.0,
      0.0,
      1.0
    ],
    "camera_intrinsics": {
      "fx": 575.6851893192669,
      "fy": 575.6851893192669,
      "cx": 256.0,
      "cy": 256.0,
      "image_width": 512,
      "image_height": 512,
      "model": "SIMPLE_RADIAL",
      "dist": [
        -0.014197744440200513,
        0.0,
        0.0,
        0.0
      ]
    },
    "visibility": [
      1.0,
      1.0,
      1.0,
      1.0,
      1.0,
      1.0,
      1.0,
      1.0,
      1.0
    ],
    "keypoints_2d_visibility": [
      1.0,
      1.0,
      1.0,
      1.0,
      1.0,
      1.0,
      1.0,
      1.0,
      1.0
    ],
    "pose_6dof": {
      "translation": [
        0.036742842247029825,
        -0.022273057763158764,
        0.2162209894300886
      ],
      "rotation": [
        -0.35333606486437885,
        -0.14892601651288878,
        0.9235662763828908,
        -0.7465580328373277,
        -0.5500385863410036,
        -0.3743109097288641,
        0.5637417217771052,
        -0.8217533663707091,
        0.08316655569513459
      ]
    },
    "pose_9dof": {
      "translation": [
        0.036742842247029825,
        -0.022273057763158764,
        0.2162209894300886
      ],
      "rotation": [
        -0.35333606486437885,
        -0.14892601651288878,
        0.9235662763828908,
        -0.7465580328373277,
        -0.5500385863410036,
        -0.3743109097288641,
        0.5637417217771052,
        -0.8217533663707091,
        0.08316655569513459
      ],
      "scale": [
        0.017127683166520864,
        0.050354451889102675,
        0.016809301533734836
      ]
    }
  },
  {
    "frame_id": 6,
    "image": "frame_000006.png",
    "keypoints_2d": [
      [
        0.4756022101354646,
        0.33512114678472316,
        0.2004709735363122
      ],
      [
        0.41995712286720027,
        0.4085329450812353,
        0.22332213024008812
      ],
      [
        0.46889413611667624,
        0.4681210843193371,
        0.21601001268070205
      ],
      [
        0.4567019591006519,
        0.29067255270352776,
        0.17281233883315
      ],
      [
        0.39659077651804026,
        0.22415265607667562,
        0.18012445639253608
      ],
      [
        0.48992516970126093,
        0.36880905048340173,
        0.22812960823947437
      ],
      [
        0.5401215429056351,
        0.4257784331934723,
        0.22081749068008832
      ],
      [
        0.5455279643369542,
        0.2429248756469476,
        0.17761981683253625
      ],
      [
        0.4834411917185147,
        0.18004158952553845,
        0.18493193439192235
      ]
    ],
    "keypoints_3d": [
      [
        -0.004318194100427237,
        -0.029182106051105494,
        0.2004709735363122
      ],
      [
        -0.015779317286038264,
        -0.018031431808580967,
        0.22332213024008812
      ],
      [
        -0.0059304090587709545,
        -0.006077793275426846,
        0.21601001268070205
      ],
      [
        -0.006607462639692231,
        -0.03194424640802768,
        0.17281233883315
      ],
      [
        -0.016456370866959537,
        -0.0438978849411818,
        0.18012445639253608
      ],
      [
        -0.002028925561162246,
        -0.02641996569418334,
        0.22812960823947437
      ],
      [
        0.007819982666105067,
        -0.014466327161029219,
        0.22081749068008832
      ],
      [
        0.007142929085183786,
        -0.04033278029363005,
        0.17761981683253625
      ],
      [
        -0.0027059791420835227,
        -0.05228641882678417,
        0.18493193439192235
      ]
    ],
    "model_matrix": [
      -0.35333606486437885,
      -0.14892601651288878,
      0.9235662763828908,
      0.036742842247029825,
      -0.7465580328373277,
      -0.5500385863410036,
      -0.3743109097288641,
      -0.022273057763158764,
      0.5637417217771052,
      -0.8217533663707091,
      0.08316655569513459,
      0.2162209894300886,
      0.0,
      0.0,
      0.0,
      1.0
    ],
    "view_matrix": [
      -0.956674192951227,
      -0.11570170661405613,
      0.2671845871821851,
      -0.02951521174272848,
      0.2908010985436428,
      -0.4252814184514728,
      0.8570708466665488,
      -0.23465598901685022,
      0.014464080576737065,
      0.897635132003254,
      0.44050194116095676,
      0.12468683568708519,
      0.0,
      0.0,
      0.0,
      1.0
    ],
    "camera_intrinsics": {
      "fx": 580.1116376697249,
      "fy": 580.1116376697249,
      "cx": 256.0,
      "cy": 256.0,
      "image_width": 512,
      "image_height": 512,
      "model": "SIMPLE_RADIAL",
      "dist": [
        -0.015074951007418886,
        0.0,
        0.0,
        0.0
      ]
    },
    "visibility": [
      1.0,
      1.0,
      1.0,
      1.0,
      1.0,
      1.0,
      1.0,
      1.0,
      1.0
    ],
    "keypoints_2d_visibility": [
      1.0,
      1.0,
      1.0,
      1.0,
      1.0,
      1.0,
      1.0,
      1.0,
      1.0
    ],
    "pose_6dof": {
      "translation": [
        0.036742842247029825,
        -0.022273057763158764,
        0.2162209894300886
      ],
      "rotation": [
        -0.35333606486437885,
        -0.14892601651288878,
        0.9235662763828908,
        -0.7465580328373277,
        -0.5500385863410036,
        -0.3743109097288641,
        0.5637417217771052,
        -0.8217533663707091,
        0.08316655569513459
      ]
    },
    "pose_9dof": {
      "translation": [
        0.036742842247029825,
        -0.022273057763158764,
        0.2162209894300886
      ],
      "rotation": [
        -0.35333606486437885,
        -0.14892601651288878,
        0.9235662763828908,
        -0.7465580328373277,
        -0.5500385863410036,
        -0.3743109097288641,
        0.5637417217771052,
        -0.8217533663707091,
        0.08316655569513459
      ],
      "scale": [
        0.017127683166520864,
        0.050354451889102675,
        0.016809301533734836
      ]
    }
  },
  {
    "frame_id": 7,
    "image": "frame_000007.png",
    "keypoints_2d": [
      [
        0.4738594011620778,
        0.3343348128118765,
        0.20061989314322065
      ],
      [
        0.4185000368631635,
        0.40784646654270307,
        0.22347142790971578
      ],
      [
        0.4674117640598291,
        0.4673143420775239,
        0.2161574717665667
      ],
      [
        0.45465948439733533,
        0.2897958135801493,
        0.1729616848725942
      ],
      [
        0.39460352016312294,
        0.22341438508218875,
        0.18027564101574328
      ],
      [
        0.48841180630462155,
        0.36809605927248445,
        0.22827810141384713
      ],
      [
        0.5385806109491382,
        0.4249494317312721,
        0.22096414527069808
      ],
      [
        0.5434203397475782,
        0.2420132280318834,
        0.17776835837672555
      ],
      [
        0.48139372320029955,
        0.17926051060403608,
        0.18508231451987467
      ]
    ],
    "keypoints_3d": [
      [
        -0.004630106385747772,
        -0.029343147257325453,
        0.20061989314322065
      ],
      [
        -0.016077711391803074,
        -0.018179369138777157,
        0.22347142790971578
      ],
      [
        -0.006217549866537057,
        -0.00623613712711138,
        0.2161574717665667
      ],
      [
        -0.006924952666410696,
        -0.03210492915420843,
        0.1729616848725942
      ],
      [
        -0.016785114191676706,
        -0.044048161165874206,
        0.18027564101574328
      ],
      [
        -0.0023352601050848354,
        -0.02658136536044245,
        0.22827810141384713
      ],
      [
        0.007524901420181172,
        -0.0146381333487767,
        0.22096414527069808
      ],
      [
        0.006817498620307529,
        -0.04050692537587375,
        0.17776835837672555
      ],
      [
        -0.0030426629049584847,
        -0.052450157387539525,
        0.18508231451987467
      ]
    ],
    "model_matrix": [
      -0.35333606486437885,
      -0.14892601651288878,
      0.9235662763828908,
      0.036742842247029825,
      -0.7465580328373277,
      -0.5500385863410036,
      -0.3743109097288641,
      -0.022273057763158764,
      0.5637417217771052,
      -0.8217533663707091,
      0.08316655569513459,
      0.2162209894300886,
      0.0,
      0.0,
      0.0,
      1.0
    ],
    "view_matrix": [
      -0.9563803061990372,
      -0.11603751674033366,
      0.26808954590467055,
      -0.03004107285133244,
      0.29176236900414454,
      -0.4251020529486659,
      0.8568331019585547,
      -0.23479694961775813,
      0.01454063092596325,
      0.8976767454309855,
      0.4404146123424023,
      0.12485275179842129,
      0.0,
      0.0,
      0.0,
      1.0
    ],
    "camera_intrinsics": {
      "fx": 580.0842353101865,
      "fy": 580.0842353101865,
      "cx": 256.0,
      "cy": 256.0,
      "image_width": 512,
      "image_height": 512,
      "model": "SIMPLE_RADIAL",
      "dist": [
        -0.012867770384110114,
        0.0,
        0.0,
        0.0
      ]
    },
    "visibility": [
      1.0,
      1.0,
      1.0,
      1.0,
      1.0,
      1.0,
      1.0,
      1.0,
      1.0
    ],
    "keypoints_2d_visibility": [
      1.0,
      1.0,
      1.0,
      1.0,
      1.0,
      1.0,
      1.0,
      1.0,
      1.0
    ],
    "pose_6dof": {
      "translation": [
        0.036742842247029825,
        -0.022273057763158764,
        0.2162209894300886
      ],
      "rotation": [
        -0.35333606486437885,
        -0.14892601651288878,
        0.9235662763828908,
        -0.7465580328373277,
        -0.5500385863410036,
        -0.3743109097288641,
        0.5637417217771052,
        -0.8217533663707091,
        0.08316655569513459
      ]
    },
    "pose_9dof": {
      "translation": [
        0.036742842247029825,
        -0.022273057763158764,
        0.2162209894300886
      ],
      "rotation": [
        -0.35333606486437885,
        -0.14892601651288878,
        0.9235662763828908,
        -0.7465580328373277,
        -0.5500385863410036,
        -0.3743109097288641,
        0.5637417217771052,
        -0.8217533663707091,
        0.08316655569513459
      ],
      "scale": [
        0.017127683166520864,
        0.050354451889102675,
        0.016809301533734836
      ]
    }
  },
  {
    "frame_id": 8,
    "image": "frame_000008.png",
    "keypoints_2d": [
      [
        0.47104245892683505,
        0.3368958557666296,
        0.20139115582284314
      ],
      [
        0.4159221194194701,
        0.41046061237377995,
        0.22419082406894064
      ],
      [
        0.4649226247133245,
        0.4697399622014795,
        0.21686220658660663
      ],
      [
        0.45173581388098744,
        0.2924694690398624,
        0.17373647126627872
      ],
      [
        0.39167045156715236,
        0.22640883855490207,
        0.18106508874861277
      ],
      [
        0.48569329826826557,
        0.3706125636638822,
        0.22904584037940756
      ],
      [
        0.5359359970118474,
        0.42727070778803516,
        0.22171722289707352
      ],
      [
        0.5402006391623005,
        0.24465588234491326,
        0.17859148757674564
      ],
      [
        0.47818806775192313,
        0.1822249784305422,
        0.1859201050590797
      ]
    ],
    "keypoints_3d": [
      [
        -0.00513649108585738,
        -0.028931426905492552,
        0.20139115582284314
      ],
      [
        -0.01659959095320284,
        -0.017677862459578864,
        0.22419082406894064
      ],
      [
        -0.0066979051078774575,
        -0.00577805095389386,
        0.21686220658660663
      ],
      [
        -0.007387158714358185,
        -0.031763945350641754,
        0.17373647126627872
      ],
      [
        -0.01728884455968356,
        -0.04366375685632676,
        0.18106508874861277
      ],
      [
        -0.002885823457356586,
        -0.026098908460343323,
        0.22904584037940756
      ],
      [
        0.007015862387968797,
        -0.014199096954658319,
        0.22171722289707352
      ],
      [
        0.00632660878148807,
        -0.04018499135140621,
        0.17859148757674564
      ],
      [
        -0.0035750770638373133,
        -0.05208480285709122,
        0.1859201050590797
      ]
    ],
    "model_matrix": [
      -0.35333606486437885,
      -0.14892601651288878,
      0.9235662763828908,
      0.036742842247029825,
      -0.7465580328373277,
      -0.5500385863410036,
      -0.3743109097288641,
      -0.022273057763158764,
      0.5637417217771052,
      -0.8217533663707091,
      0.08316655569513459,
      0.2162209894300886,
      0.0,
      0.0,
      0.0,
      1.0
    ],
    "view_matrix": [
      -0.9557146152520998,
      -0.11868445325826538,
      0.26930201400716797,
      -0.03089303335162438,
      0.29405111680297863,
      -0.42235450215003967,
      0.8574092460549472,
      -0.2345327024541723,
      0.011979770467387574,
      0.8986271056830961,
      0.43854966655006156,
      0.12614251562313433,
      0.0,
      0.0,
      0.0,
      1.0
    ],
    "camera_intrinsics": {
      "fx": 581.5050593488796,
      "fy": 581.5050593488796,
      "cx": 256.0,
      "cy": 256.0,
      "image_width": 512,
      "image_height": 512,
      "model": "SIMPLE_RADIAL",
      "dist": [
        -0.01600540114093231,
        0.0,
        0.0,
        0.0
      ]
    },
    "visibility": [
      1.0,
      1.0,
      1.0,
      1.0,
      1.0,
      1.0,
      1.0,
      1.0,
      1.0
    ],
    "keypoints_2d_visibility": [
      1.0,
      1.0,
      1.0,
      1.0,
      1.0,
      1.0,
      1.0,
      1.0,
      1.0
    ],
    "pose_6dof": {
      "translation": [
        0.036742842247029825,
        -0.022273057763158764,
        0.2162209894300886
      ],
      "rotation": [
        -0.35333606486437885,
        -0.14892601651288878,
        0.9235662763828908,
        -0.7465580328373277,
        -0.5500385863410036,
        -0.3743109097288641,
        0.5637417217771052,
        -0.8217533663707091,
        0.08316655569513459
      ]
    },
    "pose_9dof": {
      "translation": [
        0.036742842247029825,
        -0.022273057763158764,
        0.2162209894300886
      ],
      "rotation": [
        -0.35333606486437885,
        -0.14892601651288878,
        0.9235662763828908,
        -0.7465580328373277,
        -0.5500385863410036,
        -0.3743109097288641,
        0.5637417217771052,
        -0.8217533663707091,
        0.08316655569513459
      ],
      "scale": [
        0.017127683166520864,
        0.050354451889102675,
        0.016809301533734836
      ]
    }
  },
  {
    "frame_id": 9,
    "image": "frame_000009.png",
    "keypoints_2d": [
      [
        0.4668123388006346,
        0.34111127131997254,
        0.2017802737963141
      ],
      [
        0.4117839292052787,
        0.4147527256753046,
        0.22447363719331526
      ],
      [
        0.46081862993655337,
        0.4738197975043096,
        0.21712516549057354
      ],
      [
        0.44760450335661894,
        0.2965472286135933,
        0.1741314043651468
      ],
      [
        0.38755354591182056,
        0.2308084631784581,
        0.1814798760678885
      ],
      [
        0.4813964150502588,
        0.37495063642039617,
        0.2294291432274814
      ],
      [
        0.5316489874908684,
        0.43137781581798007,
        0.2220806715247397
      ],
      [
        0.5357575856711061,
        0.24890006746869148,
        0.17908691039931293
      ],
      [
        0.4738016838019697,
        0.18680376023629341,
        0.18643538210205465
      ]
