[
  {
    "frame_id": 0,
    "image": "frame_000000.png",
    "keypoints_2d": [
      [
        0.4784285429232372,
        0.34843944302627927,
        0.27374332087946435
      ],
      [
        0.3996410001873485,
        0.5019334881428387,
        0.25309625068233405
      ],
      [
        0.5379740202948676,
        0.5098150053464173,
        0.25391755532859456
      ],
      [
        0.5513273148980186,
        0.18334235396163956,
        0.2785001125762348
      ],
      [
        0.42460602162996225,
        0.17500984376290996,
        0.27767880792997424
      ],
      [
        0.4032468979135049,
        0.5179814009148076,
        0.26898652918269395
      ],
      [
        0.5334212786928955,
        0.5253431497351566,
        0.26980783382895446
      ],
      [
        0.5463735569607501,
        0.2155732753670429,
        0.29439039107659465
      ],
      [
        0.42662461347093417,
        0.20780569512782343,
        0.2935690864303342
      ]
    ],
    "keypoints_3d": [
      [
        -0.0058664220276142195,
        -0.04121734506779777,
        0.27374332087946435
      ],
      [
        -0.025252497971182154,
        0.00048650749305481633,
        0.25309625068233405
      ],
      [
        0.009590507416149266,
        0.0024788231752507633,
        0.25391755532859456
      ],
      [
        0.014141353549226875,
        -0.08724336614123665,
        0.2785001125762348
      ],
      [
        -0.020701651838104553,
        -0.0892356818234326,
        0.27767880792997424
      ],
      [
        -0.025874197604455314,
        0.004808676005641083,
        0.26898652918269395
      ],
      [
        0.008968807782876106,
        0.00680099168783703,
        0.26980783382895446
      ],
      [
        0.013519653915953719,
        -0.08292119762865037,
        0.29439039107659465
      ],
      [
        -0.021323351471377712,
        -0.08491351331084632,
        0.2935690864303342
      ]
    ],
    "model_matrix": [
      0.9988758648194311,
      0.041790199138699496,
      0.022373777892465748,
      -0.03891042721976669,
      0.046312566310194495,
      -0.960998061608211,
      -0.2726497236144299,
      0.06714335370561601,
      0.010107070940553822,
      0.2733794155403969,
      -0.9618531812474259,
      0.34540299609773456,
      0.0,
      0.0,
      0.0,
      1.0
    ],
    "view_matrix": [
      0.9998568555030689,
      -0.011016307684935637,
      -0.012841708161537905,
      0.038213671696050173,
      0.010881800181649784,
      0.9998856878894433,
      -0.01049750344898129,
      -0.10430373883812928,
      0.012955883926692457,
      0.010356259886926135,
      0.9998624370146287,
      -0.07180339559302869,
      0.0,
      0.0,
      0.0,
      1.0
    ],
    "camera_intrinsics": {
      "fx": 514.7206589576924,
      "fy": 514.7206589576924,
      "cx": 256.0,
      "cy": 256.0,
      "image_width": 512,
      "image_height": 512,
      "model": "SIMPLE_RADIAL",
      "dist": [
        0.05459390209402305,
        0.0,
        0.0,
        0.0
      ]
    },
    "visibility": [
      1.0,
      1.0,
      1.0,
      1.0,
      1.0,
      1.0,
      1.0,
      1.0,
      1.0
    ],
    "keypoints_2d_visibility": [
      1.0,
      1.0,
      1.0,
      1.0,
      1.0,
      1.0,
      1.0,
      1.0,
      1.0
    ],
    "pose_6dof": {
      "translation": [
        -0.03891042721976669,
        0.06714335370561601,
        0.34540299609773456
      ],
      "rotation": [
        0.9988758648194311,
        0.041790199138699496,
        0.022373777892465748,
        0.046312566310194495,
        -0.960998061608211,
        -0.2726497236144299,
        0.010107070940553822,
        0.2733794155403969,
        -0.9618531812474259
      ]
    },
    "pose_9dof": {
      "translation": [
        -0.03891042721976669,
        0.06714335370561601,
        0.34540299609773456
      ],
      "rotation": [
        0.9988758648194311,
        0.041790199138699496,
        0.022373777892465748,
        0.046312566310194495,
        -0.960998061608211,
        -0.2726497236144299,
        0.010107070940553822,
        0.2733794155403969,
        -0.9618531812474259
      ],
      "scale": [
        0.03490958160048756,
        0.09314012871530758,
        0.01647933863673552
      ]
    }
  },
  {
    "frame_id": 1,
    "image": "frame_000001.png",
    "keypoints_2d": [
      [
        0.475212528646967,
        0.348286436075567,
        0.2806840597205459
      ],
      [
        0.39664306203314137,
        0.5012883044052424,
        0.2598394253269536
      ],
      [
        0.5346237962034308,
        0.509162623076721,
        0.2607631132311588
      ],
      [
        0.5479894836300696,
        0.1835896014655355,
        0.28565473851759304
      ],
      [
        0.42145189274875133,
        0.17515214712258909,
        0.28473105061338777
      ],
      [
        0.4000873217925666,
        0.5175572381440056,
        0.2757133809234987
      ],
      [
        0.5301385246426833,
        0.5249179328920037,
        0.27663706882770395
      ],
      [
        0.5431141252153456,
        0.21555454038114258,
        0.30152869411413813
      ],
      [
        0.4233678631494515,
        0.20768560056796764,
        0.3006050062099329
      ]
    ],
    "keypoints_3d": [
      [
        -0.006749433110046957,
        -0.04131040786737401,
        0.2806840597205459
      ],
      [
        -0.02607117049157931,
        0.00032496709417650926,
        0.2598394253269536
      ],
      [
        0.008769081512556471,
        0.002320594430388595,
        0.2607631132311588
      ],
      [
        0.013243718604716574,
        -0.0873201786062005,
        0.28565473851759304
      ],
      [
        -0.021596533399419207,
        -0.0893158059424126,
        0.28473105061338777
      ],
      [
        -0.026742584824810497,
        0.004699362871452492,
        0.2757133809234987
      ],
      [
        0.00809766717932529,
        0.006694990207664578,
        0.27663706882770395
      ],
      [
        0.012572304271485393,
        -0.08294578282892451,
        0.30152869411413813
      ],
      [
        -0.022267947732650388,
        -0.08494141016513661,
        0.3006050062099329
      ]
    ],
    "model_matrix": [
      0.9988758648194311,
      0.041790199138699496,
      0.022373777892465748,
      -0.03891042721976669,
      0.046312566310194495,
      -0.960998061608211,
      -0.2726497236144299,
      0.06714335370561601,
      0.010107070940553822,
      0.2733794155403969,
      -0.9618531812474259,
      0.34540299609773456,
      0.0,
      0.0,
      0.0,
      1.0
    ],
    "view_matrix": [
      0.9998113757591198,
      -0.011056180277259013,
      -0.015967898431947725,
      0.038411363642691196,
      0.010942178969862527,
      0.9999141442753572,
      -0.007209216148222056,
      -0.10553214721615811,
      0.016046233889849295,
      0.007033132712883797,
      0.9998465149322646,
      -0.064513784476414,
      0.0,
      0.0,
      0.0,
      1.0
    ],
    "camera_intrinsics": {
      "fx": 527.1169565439153,
      "fy": 527.1169565439153,
      "cx": 256.0,
      "cy": 256.0,
      "image_width": 512,
      "image_height": 512,
      "model": "SIMPLE_RADIAL",
      "dist": [
        0.0565299957689571,
        0.0,
        0.0,
        0.0
      ]
    },
    "visibility": [
      1.0,
      1.0,
      1.0,
      1.0,
      1.0,
      1.0,
      1.0,
      1.0,
      1.0
    ],
    "keypoints_2d_visibility": [
      1.0,
      1.0,
      1.0,
      1.0,
      1.0,
      1.0,
      1.0,
      1.0,
      1.0
    ],
    "pose_6dof": {
      "translation": [
        -0.03891042721976669,
        0.06714335370561601,
        0.34540299609773456
      ],
      "rotation": [
        0.9988758648194311,
        0.041790199138699496,
        0.022373777892465748,
        0.046312566310194495,
        -0.960998061608211,
        -0.2726497236144299,
        0.010107070940553822,
        0.2733794155403969,
        -0.9618531812474259
      ]
    },
    "pose_9dof": {
      "translation": [
        -0.03891042721976669,
        0.06714335370561601,
        0.34540299609773456
      ],
      "rotation": [
        0.9988758648194311,
        0.041790199138699496,
        0.022373777892465748,
        0.046312566310194495,
        -0.960998061608211,
        -0.2726497236144299,
        0.010107070940553822,
        0.2733794155403969,
        -0.9618531812474259
      ],
      "scale": [
        0.03490958160048756,
        0.09314012871530758,
        0.01647933863673552
      ]
    }
  },
  {
    "frame_id": 2,
    "image": "frame_000002.png",
    "keypoints_2d": [
      [
        0.47374643025554114,
        0.34726214738593925,
        0.2761293819710804
      ],
      [
        0.3950500142806464,
        0.500676759320714,
        0.2553906226886006
      ],
      [
        0.5333139395763836,
        0.5085204259103977,
        0.2563784645016557
      ],
      [
        0.5465685156165343,
        0.18224149419486707,
        0.2809809406688729
      ],
      [
        0.4198272894800614,
        0.17373098615049304,
        0.2799930988558178
      ],
      [
        0.3985934820244328,
        0.5168019895655741,
        0.27127782327328775
      ],
      [
        0.5287758861079408,
        0.5241216722550821,
        0.272265665086343
      ],
      [
        0.5416407597917382,
        0.2143872769621455,
        0.2968681412535601
      ],
      [
        0.42181478146391926,
        0.20646700630616743,
        0.295880299440505
      ]
    ],
    "keypoints_3d": [
      [
        -0.007139922086254878,
        -0.04153859371891726,
        0.2761293819710804
      ],
      [
        -0.02641687549473464,
        0.00017034653785505394,
        0.2553906226886006
      ],
      [
        0.00842229471004818,
        0.0021540994245957124,
        0.2563784645016557
      ],
      [
        0.012833602176802093,
        -0.0875695992841587,
        0.2809809406688729
      ],
      [
        -0.022005568027980732,
        -0.08955335217089935,
        0.2799930988558178
      ],
      [
        -0.02711344634931185,
        0.004492411846324193,
        0.27127782327328775
      ],
      [
        0.007725723855470979,
        0.006476164733064851,
        0.272265665086343
      ],
      [
        0.012137031322224889,
        -0.08324753397568954,
        0.2968681412535601
      ],
      [
        -0.02270213888255794,
        -0.0852312868624302,
        0.295880299440505
      ]
    ],
    "model_matrix": [
      0.9988758648194311,
      0.041790199138699496,
      0.022373777892465748,
      -0.03891042721976669,
      0.046312566310194495,
      -0.960998061608211,
      -0.2726497236144299,
      0.06714335370561601,
      0.010107070940553822,
      0.2733794155403969,
      -0.9618531812474259,
      0.34540299609773456,
      0.0,
      0.0,
      0.0,
      1.0
    ],
    "view_matrix": [
      0.9997861618641188,
      -0.010820408397451914,
      -0.017622409231604685,
      0.03857553605561476,
      0.010636253834748892,
      0.9998881941633776,
      -0.010510436578112783,
      -0.10463024294059524,
      0.01773416615960794,
      0.010320752628180453,
      0.9997894685461591,
      -0.06920382189429017,
      0.0,
      0.0,
      0.0,
      1.0
    ],
    "camera_intrinsics": {
      "fx": 519.1818602058157,
      "fy": 519.1818602058157,
      "cx": 256.0,
      "cy": 256.0,
      "image_width": 512,
      "image_height": 512,
      "model": "SIMPLE_RADIAL",
      "dist": [
        0.0551792966253412,
        0.0,
        0.0,
        0.0
      ]
    },
    "visibility": [
      1.0,
      1.0,
      1.0,
      1.0,
      1.0,
      1.0,
      1.0,
      1.0,
      1.0
    ],
    "keypoints_2d_visibility": [
      1.0,
      1.0,
      1.0,
      1.0,
      1.0,
      1.0,
      1.0,
      1.0,
      1.0
    ],
    "pose_6dof": {
      "translation": [
        -0.03891042721976669,
        0.06714335370561601,
        0.34540299609773456
      ],
      "rotation": [
        0.9988758648194311,
        0.041790199138699496,
        0.022373777892465748,
        0.046312566310194495,
        -0.960998061608211,
        -0.2726497236144299,
        0.010107070940553822,
        0.2733794155403969,
        -0.9618531812474259
      ]
    },
    "pose_9dof": {
      "translation": [
        -0.03891042721976669,
        0.06714335370561601,
        0.34540299609773456
      ],
      "rotation": [
        0.9988758648194311,
        0.041790199138699496,
        0.022373777892465748,
        0.046312566310194495,
        -0.960998061608211,
        -0.2726497236144299,
        0.010107070940553822,
        0.2733794155403969,
        -0.9618531812474259
      ],
      "scale": [
        0.03490958160048756,
        0.09314012871530758,
        0.01647933863673552
      ]
    }
  },
  {
    "frame_id": 3,
    "image": "frame_000003.png",
    "keypoints_2d": [
      [
        0.4736740691958732,
        0.3481153567297868,
        0.2765196757108296
      ],
      [
        0.39521821665529194,
        0.5015386135036936,
        0.25574687429390214
      ],
      [
        0.5334438382701647,
        0.5090843666073414,
        0.2566675767179476
      ],
      [
        0.5461229515304851,
        0.18308249756924916,
        0.281411243155176
      ],
      [
        0.4194611621979887,
        0.17493091908687225,
        0.2804905407311305
      ],
      [
        0.3988867367650973,
        0.5177111734613307,
        0.2716281082664832
      ],
      [
        0.5290449376996368,
        0.5247548418725564,
        0.2725488106905287
      ],
      [
        0.5413573448878779,
        0.21523965940745837,
        0.297292477127757
      ],
      [
        0.4215945279127137,
        0.20765046526215108,
        0.2963717747037116
      ]
    ],
    "keypoints_3d": [
      [
        -0.007163442911992675,
        -0.04132871803732359,
        0.2765196757108296
      ],
      [
        -0.02638796582552949,
        0.0003874803353965256,
        0.25574687429390214
      ],
      [
        0.008457178170557408,
        0.0022972275593571706,
        0.2566675767179476
      ],
      [
        0.01271911092604917,
        -0.0873948594803305,
        0.281411243155176
      ],
      [
        -0.022126033070037722,
        -0.08930460670429113,
        0.2804905407311305
      ],
      [
        -0.027045996750034523,
        0.004737423405683311,
        0.2716281082664832
      ],
      [
        0.007799147246052376,
        0.006647170629643956,
        0.2725488106905287
      ],
      [
        0.012061080001544138,
        -0.0830449164100437,
        0.297292477127757
      ],
      [
        -0.02278406399454276,
        -0.08495466363400433,
        0.2963717747037116
      ]
    ],
    "model_matrix": [
      0.9988758648194311,
      0.041790199138699496,
      0.022373777892465748,
      -0.03891042721976669,
      0.046312566310194495,
      -0.960998061608211,
      -0.2726497236144299,
      0.06714335370561601,
      0.010107070940553822,
      0.2733794155403969,
      -0.9618531812474259,
      0.34540299609773456,
      0.0,
      0.0,
      0.0,
      1.0
    ],
    "view_matrix": [
      0.9998377445929738,
      -0.008633629017732732,
      -0.015809646966941118,
      0.03778106111709753,
      0.008495047120658187,
      0.9999250892205896,
      -0.008811930640530275,
      -0.10509282882461984,
      0.01588454159404495,
      0.008676197161192374,
      0.9998361890535704,
      -0.06879121427041372,
      0.0,
      0.0,
      0.0,
      1.0
    ],
    "camera_intrinsics": {
      "fx": 519.6411050465572,
      "fy": 519.6411050465572,
      "cx": 256.0,
      "cy": 256.0,
      "image_width": 512,
      "image_height": 512,
      "model": "SIMPLE_RADIAL",
      "dist": [
        0.055518194327708055,
        0.0,
        0.0,
        0.0
      ]
    },
    "visibility": [
      1.0,
      1.0,
      1.0,
      1.0,
      1.0,
      1.0,
      1.0,
      1.0,
      1.0
    ],
    "keypoints_2d_visibility": [
      1.0,
      1.0,
      1.0,
      1.0,
      1.0,
      1.0,
      1.0,
      1.0,
      1.0
    ],
    "pose_6dof": {
      "translation": [
        -0.03891042721976669,
        0.06714335370561601,
        0.34540299609773456
      ],
      "rotation": [
        0.9988758648194311,
        0.041790199138699496,
        0.022373777892465748,
        0.046312566310194495,
        -0.960998061608211,
        -0.2726497236144299,
        0.010107070940553822,
        0.2733794155403969,
        -0.9618531812474259
      ]
    },
    "pose_9dof": {
      "translation": [
        -0.03891042721976669,
        0.06714335370561601,
        0.34540299609773456
      ],
      "rotation": [
        0.9988758648194311,
        0.041790199138699496,
        0.022373777892465748,
        0.046312566310194495,
        -0.960998061608211,
        -0.2726497236144299,
        0.010107070940553822,
        0.2733794155403969,
        -0.9618531812474259
      ],
      "scale": [
        0.03490958160048756,
        0.09314012871530758,
        0.01647933863673552
      ]
    }
  },
  {
    "frame_id": 4,
    "image": "frame_000004.png",
    "keypoints_2d": [
      [
        0.47782847514849425,
        0.35508488645761893,
        0.2745556304010024
      ],
      [
        0.3996891690689828,
        0.5081075793588165,
        0.253727642618229
      ],
      [
        0.5374236116568981,
        0.5156825346688027,
        0.25456521502808926
      ],
      [
        0.5499990314235309,
        0.19094422931120109,
        0.27951127298917566
      ],
      [
        0.4240053436694055,
        0.1828966499254372,
        0.2786737005793154
      ],
      [
        0.40327067591684645,
        0.5239666799551349,
        0.2695999878128291
      ],
      [
        0.5329109405648088,
        0.5310415241232161,
        0.2704375602226894
      ],
      [
        0.5451355320053796,
        0.2228059316184725,
        0.2953836181837758
      ],
      [
        0.4260373895982077,
        0.2153049877750634,
        0.2945460457739155
      ]
    ],
    "keypoints_3d": [
      [
        -0.006059923830528363,
        -0.03960821620706011,
        0.2745556304010024
      ],
      [
        -0.025352319111945396,
        0.0020490901851989013,
        0.253727642618229
      ],
      [
        0.009493842477196604,
        0.003978437868418325,
        0.25456521502808926
      ],
      [
        0.013856891343698607,
        -0.0856527038954502,
        0.27951127298917566
      ],
      [
        -0.0209892702454434,
        -0.08758205157866963,
        0.2786737005793154
      ],
      [
        -0.02597673900475532,
        0.006436271481329983,
        0.2695999878128291
      ],
      [
        0.00886942258438669,
        0.008365619164549407,
        0.2704375602226894
      ],
      [
        0.01323247145088869,
        -0.0812655225993191,
        0.2953836181837758
      ],
      [
        -0.021613690138253323,
        -0.08319487028253854,
        0.2945460457739155
      ]
    ],
    "model_matrix": [
      0.9988758648194311,
      0.041790199138699496,
      0.022373777892465748,
      -0.03891042721976669,
      0.046312566310194495,
      -0.960998061608211,
      -0.2726497236144299,
      0.06714335370561601,
      0.010107070940553822,
      0.2733794155403969,
      -0.9618531812474259,
      0.34540299609773456,
      0.0,
      0.0,
      0.0,
      1.0
    ],
    "view_matrix": [
      0.9998665968380319,
      -0.00911947880171719,
      -0.01355077982691204,
      0.03813810495768441,
      0.009032666697827808,
      0.9999383772762611,
      -0.006453881192235864,
      -0.10416677753593649,
      0.013608800823671717,
      0.006330620546405709,
      0.9998873555474331,
      -0.07070399280584735,
      0.0,
      0.0,
      0.0,
      1.0
    ],
    "camera_intrinsics": {
      "fx": 513.7297966229852,
      "fy": 513.7297966229852,
      "cx": 256.0,
      "cy": 256.0,
      "image_width": 512,
      "image_height": 512,
      "model": "SIMPLE_RADIAL",
      "dist": [
        0.05343098471001744,
        0.0,
        0.0,
        0.0
      ]
    },
    "visibility": [
      1.0,
      1.0,
      1.0,
      1.0,
      1.0,
      1.0,
      1.0,
      1.0,
      1.0
    ],
    "keypoints_2d_visibility": [
      1.0,
      1.0,
      1.0,
      1.0,
      1.0,
      1.0,
      1.0,
      1.0,
      1.0
    ],
    "pose_6dof": {
      "translation": [
        -0.03891042721976669,
        0.06714335370561601,
        0.34540299609773456
      ],
      "rotation": [
        0.9988758648194311,
        0.041790199138699496,
        0.022373777892465748,
        0.046312566310194495,
        -0.960998061608211,
        -0.2726497236144299,
        0.010107070940553822,
        0.2733794155403969,
        -0.9618531812474259
      ]
    },
    "pose_9dof": {
      "translation": [
        -0.03891042721976669,
        0.06714335370561601,
        0.34540299609773456
      ],
      "rotation": [
        0.9988758648194311,
        0.041790199138699496,
        0.022373777892465748,
        0.046312566310194495,
        -0.960998061608211,
        -0.2726497236144299,
        0.010107070940553822,
        0.2733794155403969,
        -0.9618531812474259
      ],
      "scale": [
        0.03490958160048756,
        0.09314012871530758,
        0.01647933863673552
      ]
    }
  },
  {
    "frame_id": 5,
    "image": "frame_000005.png",
    "keypoints_2d": [
      [
        0.4798215489149532,
        0.3530289554600211,
        0.2702776943869908
      ],
      [
        0.4015995978031256,
        0.5066879700159305,
        0.2497052186601648
      ],
      [
        0.5396569699274448,
        0.5141918443861971,
        0.2504834083372225
      ],
      [
        0.5520799708208861,
        0.18824958780819928,
        0.2749539991341893
      ],
      [
        0.4257644037118511,
        0.18033002979095503,
        0.2741758094571315
      ],
      [
        0.4052893839705587,
        0.5223371249748561,
        0.2656013896397922
      ],
      [
        0.5350976365300303,
        0.5293417821214849,
        0.26637957931684997
      ],
      [
        0.5471691019730391,
        0.2202820755406874,
        0.29085017011381664
      ],
      [
        0.42787963123302725,
        0.21290322879741125,
        0.29007198043675897
      ]
    ],
    "keypoints_3d": [
      [
        -0.005504143440783718,
        -0.04008978228210211,
        0.2702776943869908
      ],
      [
        -0.024813438617837864,
        0.0016864924305490109,
        0.2497052186601648
      ],
      [
        0.010035447713052596,
        0.0035913362152979744,
        0.2504834083372225
      ],
      [
        0.014395424429979958,
        -0.08617092961048944,
        0.2749539991341893
      ],
      [
        -0.020453461900910498,
        -0.08807577339523841,
        0.2741758094571315
      ],
      [
        -0.0254037113115474,
        0.005991365046285238,
        0.2656013896397922
      ],
      [
        0.009445175019343055,
        0.007896208831034188,
        0.26637957931684997
      ],
      [
        0.01380515173627041,
        -0.08186605699475322,
        0.29085017011381664
      ],
      [
        -0.021043734594620042,
        -0.08377090077950217,
        0.29007198043675897
      ]
    ],
    "model_matrix": [
      0.9988758648194311,
      0.041790199138699496,
      0.022373777892465748,
      -0.03891042721976669,
      0.046312566310194495,
      -0.960998061608211,
      -0.2726497236144299,
      0.06714335370561601,
      0.010107070940553822,
      0.2733794155403969,
      -0.9618531812474259,
      0.34540299609773456,
      0.0,
      0.0,
      0.0,
      1.0
    ],
    "view_matrix": [
      0.9998968208876936,
      -0.008519202846851754,
      -0.011565931070939704,
      0.03796918413024148,
      0.008384447561180649,
      0.9998969842889648,
      -0.011649972056938681,
      -0.10287604147786607,
      0.011663988073439862,
      0.011551796080602927,
      0.9998652446152605,
      -0.07540053236826574,
      0.0,
      0.0,
      0.0,
      1.0
    ],
    "camera_intrinsics": {
      "fx": 506.74845983489746,
      "fy": 506.74845983489746,
      "cx": 256.0,
      "cy": 256.0,
      "image_width": 512,
      "image_height": 512,
      "model": "SIMPLE_RADIAL",
      "dist": [
        0.04993093763657591,
        0.0,
        0.0,
        0.0
      ]
    },
    "visibility": [
      1.0,
      1.0,
      1.0,
      1.0,
      1.0,
      1.0,
      1.0,
      1.0,
      1.0
    ],
    "keypoints_2d_visibility": [
      1.0,
      1.0,
      1.0,
      1.0,
      1.0,
      1.0,
      1.0,
      1.0,
      1.0
    ],
    "pose_6dof": {
      "translation": [
        -0.03891042721976669,
        0.06714335370561601,
        0.34540299609773456
      ],
      "rotation": [
        0.9988758648194311,
        0.041790199138699496,
        0.022373777892465748,
        0.046312566310194495,
        -0.960998061608211,
        -0.2726497236144299,
        0.010107070940553822,
        0.2733794155403969,
        -0.9618531812474259
      ]
    },
    "pose_9dof": {
      "translation": [
        -0.03891042721976669,
        0.06714335370561601,
        0.34540299609773456
      ],
      "rotation": [
        0.9988758648194311,
        0.041790199138699496,
        0.022373777892465748,
        0.046312566310194495,
        -0.960998061608211,
        -0.2726497236144299,
        0.010107070940553822,
        0.2733794155403969,
        -0.9618531812474259
      ],
      "scale": [
        0.03490958160048756,
        0.09314012871530758,
        0.01647933863673552
      ]
    }
  },
  {
    "frame_id": 6,
    "image": "frame_000006.png",
    "keypoints_2d": [
      [
        0.4815446182249858,
        0.3488569878268177,
        0.2782909623072313
      ],
      [
        0.403746587343996,
        0.502107352929797,
        0.2575968549437988
      ],
      [
        0.5416624763356114,
        0.5092838621636024,
        0.2582454696993541
      ],
      [
        0.5534813724833081,
        0.1837996763595151,
        0.28310658212413825
      ],
      [
        0.42705290213985875,
        0.17634665081504364,
        0.282457967368583
      ],
      [
        0.407382560805559,
        0.5183161507414004,
        0.2734753424903244
      ],
      [
        0.537300540885383,
        0.5250326195612106,
        0.27412395724587973
      ],
      [
        0.5487929931845829,
        0.2159049149151201,
        0.29898506967066385
      ],
      [
        0.4292106698491171,
        0.20893944870619863,
        0.2983364549151086
      ]
    ],
    "keypoints_3d": [
      [
        -0.005030767204551041,
        -0.0412001939654765,
        0.2782909623072313
      ],
      [
        -0.02430509594382546,
        0.0005321309004286956,
        0.2575968549437988
      ],
      [
        0.010551028256784827,
        0.002351139457749188,
        0.2582454696993541
      ],
      [
        0.014767510007136733,
        -0.08731061352397239,
        0.28310658212413825
      ],
      [
        -0.020088614193473554,
        -0.08912962208129288,
        0.282457967368583
      ],
      [
        -0.02482904441623881,
        0.004910225593019374,
        0.2734753424903244
      ],
      [
        0.010027079784371479,
        0.006729234150339866,
        0.27412395724587973
      ],
      [
        0.014243561534723382,
        -0.0829325188313817,
        0.29898506967066385
      ],
      [
        -0.02061256266588691,
        -0.08475152738870219,
        0.2983364549151086
      ]
    ],
    "model_matrix": [
      0.9988758648194311,
      0.041790199138699496,
      0.022373777892465748,
      -0.03891042721976669,
      0.046312566310194495,
      -0.960998061608211,
      -0.2726497236144299,
      0.06714335370561601,
      0.010107070940553822,
      0.2733794155403969,
      -0.9618531812474259,
      0.34540299609773456,
      0.0,
      0.0,
      0.0,
      1.0
    ],
    "view_matrix": [
      0.9999494887504823,
      -0.005931722792826405,
      -0.008113853114167464,
      0.03707851953801029,
      0.005874110072962517,
      0.9999574986472431,
      -0.007106034759235409,
      -0.10565768415904193,
      0.008155659292782017,
      0.0070580141582321345,
      0.9999418331371291,
      -0.06724850133553846,
      0.0,
      0.0,
      0.0,
      1.0
    ],
    "camera_intrinsics": {
      "fx": 522.0471974779983,
      "fy": 522.0471974779983,
      "cx": 256.0,
      "cy": 256.0,
      "image_width": 512,
      "image_height": 512,
      "model": "SIMPLE_RADIAL",
      "dist": [
        0.05677114735838852,
        0.0,
        0.0,
        0.0
      ]
    },
    "visibility": [
      1.0,
      1.0,
      1.0,
      1.0,
      1.0,
      1.0,
      1.0,
      1.0,
      1.0
    ],
    "keypoints_2d_visibility": [
      1.0,
      1.0,
      1.0,
      1.0,
      1.0,
      1.0,
      1.0,
      1.0,
      1.0
    ],
    "pose_6dof": {
      "translation": [
        -0.03891042721976669,
        0.06714335370561601,
        0.34540299609773456
      ],
      "rotation": [
        0.9988758648194311,
        0.041790199138699496,
        0.022373777892465748,
        0.046312566310194495,
        -0.960998061608211,
        -0.2726497236144299,
        0.010107070940553822,
        0.2733794155403969,
        -0.9618531812474259
      ]
    },
    "pose_9dof": {
      "translation": [
        -0.03891042721976669,
        0.06714335370561601,
        0.34540299609773456
      ],
      "rotation": [
        0.9988758648194311,
        0.041790199138699496,
        0.022373777892465748,
        0.046312566310194495,
        -0.960998061608211,
        -0.2726497236144299,
        0.010107070940553822,
        0.2733794155403969,
        -0.9618531812474259
      ],
      "scale": [
        0.03490958160048756,
        0.09314012871530758,
        0.01647933863673552
      ]
    }
  },
  {
    "frame_id": 7,
    "image": "frame_000007.png",
    "keypoints_2d": [
      [
        0.48016414022909726,
        0.3481468308635507,
        0.2785789591483961
      ],
      [
        0.4024038243185156,
        0.5014348281132321,
        0.2579033303989004
      ],
      [
        0.5402972503614494,
        0.5085583899810988,
        0.2585841826126516
      ],
      [
        0.552040082800856,
        0.18306417880083148,
        0.2833728560950736
      ],
      [
        0.42560221367603085,
        0.1756183779370129,
        0.28269200388132243
      ],
      [
        0.4060666723117633,
        0.5176315744567324,
        0.27378506220171855
      ],
      [
        0.5359711634046633,
        0.5242966121206162,
        0.2744659144154698
      ],
      [
        0.5473903677555569,
        0.21514489581467539,
        0.29925458789789183
      ],
      [
        0.4277918044754861,
        0.20818955604333855,
        0.29857373568414064
      ]
    ],
    "keypoints_3d": [
      [
        -0.005407177358584626,
        -0.04139457666405169,
        0.2785789591483961
      ],
      [
        -0.024647988261147454,
        0.0003623669292860121,
        0.2579033303989004
      ],
      [
        0.01020821473910644,
        0.0021680358328286103,
        0.2585841826126516
      ],
      [
        0.014369965898267119,
        -0.08751632775065876,
        0.2833728560950736
      ],
      [
        -0.02048623710198677,
        -0.08932199665420135,
        0.28269200388132243
      ],
      [
        -0.025184320615436365,
        0.00472717442255538,
        0.27378506220171855
      ],
      [
        0.009671882384817525,
        0.006532843326097965,
        0.2744659144154698
      ],
      [
        0.013833633543978211,
        -0.0831515202573894,
        0.29925458789789183
      ],
      [
        -0.02102256945627569,
        -0.08495718916093198,
        0.29857373568414064
      ]
    ],
    "model_matrix": [
      0.9988758648194311,
      0.041790199138699496,
      0.022373777892465748,
      -0.03891042721976669,
      0.046312566310194495,
      -0.960998061608211,
      -0.2726497236144299,
      0.06714335370561601,
      0.010107070940553822,
      0.2733794155403969,
      -0.9618531812474259,
      0.34540299609773456,
      0.0,
      0.0,
      0.0,
      1.0
    ],
    "view_matrix": [
      0.9999440003214228,
      -0.005571811439612203,
      -0.008997285061151857,
      0.03698287021290258,
      0.005500314407246606,
      0.9999532566240621,
      -0.00795179906398775,
      -0.10557419705814618,
      0.009041170422664049,
      0.0079018658691481,
      0.9999279062778348,
      -0.06697789753297674,
      0.0,
      0.0,
      0.0,
      1.0
    ],
    "camera_intrinsics": {
      "fx": 522.586657832044,
      "fy": 522.586657832044,
      "cx": 256.0,
      "cy": 256.0,
      "image_width": 512,
      "image_height": 512,
      "model": "SIMPLE_RADIAL",
      "dist": [
        0.055441945546348216,
        0.0,
        0.0,
        0.0
      ]
    },
    "visibility": [
      1.0,
      1.0,
      1.0,
      1.0,
      1.0,
      1.0,
      1.0,
      1.0,
      1.0
    ],
    "keypoints_2d_visibility": [
      1.0,
      1.0,
      1.0,
      1.0,
      1.0,
      1.0,
      1.0,
      1.0,
      1.0
    ],
    "pose_6dof": {
      "translation": [
        -0.03891042721976669,
        0.06714335370561601,
        0.34540299609773456
      ],
      "rotation": [
        0.9988758648194311,
        0.041790199138699496,
        0.022373777892465748,
        0.046312566310194495,
        -0.960998061608211,
        -0.2726497236144299,
        0.010107070940553822,
        0.2733794155403969,
        -0.9618531812474259
      ]
    },
    "pose_9dof": {
      "translation": [
        -0.03891042721976669,
        0.06714335370561601,
        0.34540299609773456
      ],
      "rotation": [
        0.9988758648194311,
        0.041790199138699496,
        0.022373777892465748,
        0.046312566310194495,
        -0.960998061608211,
        -0.2726497236144299,
        0.010107070940553822,
        0.2733794155403969,
        -0.9618531812474259
      ],
      "scale": [
        0.03490958160048756,
        0.09314012871530758,
        0.01647933863673552
      ]
    }
  },
  {
    "frame_id": 8,
    "image": "frame_000008.png",
    "keypoints_2d": [
      [
        0.480061232171955,
        0.34774297857974795,
        0.27431969161974734
      ],
      [
        0.40232224230217667,
        0.5014490107000712,
        0.2538350485021129
      ],
      [
        0.5403144508211996,
        0.50846889652883,
        0.25451366935982944
      ],
      [
        0.5518712212041916,
        0.18232397050630195,
        0.2789032504079684
      ],
      [
        0.4253260032621502,
        0.17495840988250694,
        0.27822462955025185
      ],
      [
        0.4061112974290962,
        0.5173770783236141,
        0.2697361328315263
      ],
      [
        0.5359787131027064,
        0.5239380638720883,
        0.27041475368924284
      ],
      [
        0.5472112904380362,
        0.21448333929402413,
        0.29480433473738166
      ],
      [
        0.4276235216129036,
        0.20761184004304956,
        0.29412571387966524
      ]
    ],
    "keypoints_3d": [
      [
        -0.005434086830492707,
        -0.04149593806824006,
        0.27431969161974734
      ],
      [
        -0.0246516727460983,
        0.0003656977640087017,
        0.2538350485021129
      ],
      [
        0.010205981667370072,
        0.0021439806559525876,
        0.25451366935982944
      ],
      [
        0.01431216452140923,
        -0.08765229530118009,
        0.2789032504079684
      ],
      [
        -0.02054548989205915,
        -0.08943057819312397,
        0.27822462955025185
      ],
      [
        -0.02518033818239465,
        0.004660419164699933,
        0.2697361328315263
      ],
      [
        0.009677316231073721,
        0.006438702056643819,
        0.27041475368924284
      ],
      [
        0.01378349908511288,
        -0.08335757390048884,
        0.29480433473738166
      ],
      [
        -0.021074155328355493,
        -0.08513585679243273,
        0.29412571387966524
      ]
    ],
    "model_matrix": [
      0.9988758648194311,
      0.041790199138699496,
      0.022373777892465748,
      -0.03891042721976669,
      0.046312566310194495,
      -0.960998061608211,
      -0.2726497236144299,
      0.06714335370561601,
      0.010107070940553822,
      0.2733794155403969,
      -0.9618531812474259,
      0.34540299609773456,
      0.0,
      0.0,
      0.0,
      1.0
    ],
    "view_matrix": [
      0.9999501882299239,
      -0.00486969643403005,
      -0.008712468971544247,
      0.03681068282830873,
      0.004761654180545996,
      0.9999120404171874,
      -0.012378936876879364,
      -0.1041723859882588,
      0.008771984291174666,
      0.012336834495820636,
      0.999885420838917,
      -0.07153074327828465,
      0.0,
      0.0,
      0.0,
      1.0
    ],
    "camera_intrinsics": {
      "fx": 514.6917814889989,
      "fy": 514.6917814889989,
      "cx": 256.0,
      "cy": 256.0,
      "image_width": 512,
      "image_height": 512,
      "model": "SIMPLE_RADIAL",
      "dist": [
        0.05459072938049881,
        0.0,
        0.0,
        0.0
      ]
    },
    "visibility": [
      1.0,
      1.0,
      1.0,
      1.0,
      1.0,
      1.0,
      1.0,
      1.0,
      1.0
    ],
    "keypoints_2d_visibility": [
      1.0,
      1.0,
      1.0,
      1.0,
      1.0,
      1.0,
      1.0,
      1.0,
      1.0
    ],
    "pose_6dof": {
      "translation": [
        -0.03891042721976669,
        0.06714335370561601,
        0.34540299609773456
      ],
      "rotation": [
        0.9988758648194311,
        0.041790199138699496,
        0.022373777892465748,
        0.046312566310194495,
        -0.960998061608211,
        -0.2726497236144299,
        0.010107070940553822,
        0.2733794155403969,
        -0.9618531812474259
      ]
    },
    "pose_9dof": {
      "translation": [
        -0.03891042721976669,
        0.06714335370561601,
        0.34540299609773456
      ],
      "rotation": [
        0.9988758648194311,
        0.041790199138699496,
        0.022373777892465748,
        0.046312566310194495,
        -0.960998061608211,
        -0.2726497236144299,
        0.010107070940553822,
        0.2733794155403969,
        -0.9618531812474259
      ],
      "scale": [
        0.03490958160048756,
        0.09314012871530758,
        0.01647933863673552
      ]
    }
  },
  {
    "frame_id": 9,
    "image": "frame_000009.png",
    "keypoints_2d": [
      [
        0.4811544094760479,
        0.3468303254887135,
        0.2748189379077802
      ],
      [
        0.4035037410270568,
        0.5005055950234252,
        0.2543570745821355
      ],
      [
        0.5414756157790167,
        0.5074617697355601,
        0.2549918274295221
      ],
      [
        0.5529058084204999,
        0.18131218652436865,
        0.2793792075264092
      ],
      [
        0.42633678065837627,
        0.17405918924862818,
        0.27874445467902276
      ],
      [
        0.4072948971637913,
        0.5164905036063993,
        0.2702586682891511
      ],
      [
        0.5371576552342169,
        0.5229948553647854,
        0.2708934211365377
      ],
      [
        0.5482674039278084,
        0.2135143593146394,
        0.2952808012334248
      ],
      [
        0.4286487425862687,
        0.20674360035988265,
        0.29464604838603825
      ]
    ],
    "keypoints_3d": [
      [
        -0.005135901347927012,
        -0.04174262073580927,
        0.2748189379077802
      ],
      [
