[
  {
    "frame_id": 0,
    "image": "frame_000000.png",
    "keypoints_2d": [
      [
        0.6222509147406499,
        0.7686263717400654,
        0.20214578525088484
      ],
      [
        0.7057209659593289,
        1.0761913041290212,
        0.22160707758967452
      ],
      [
        0.7790556431469571,
        1.0158739003633777,
        0.22743913488185963
      ],
      [
        0.5390068886304193,
        0.37577181710777363,
        0.17666528628023165
      ],
      [
        0.43255655101132184,
        0.4377252573547995,
        0.1708332289880465
      ],
      [
        0.6813527330547846,
        1.0552047316942499,
        0.22762628422153805
      ],
      [
        0.753638844904513,
        0.9966753009407467,
        0.2334583415137232
      ],
      [
        0.5120368793603195,
        0.36916389996635557,
        0.18268449291209515
      ],
      [
        0.40834622670556936,
        0.4288150240910504,
        0.17685243561991004
      ]
    ],
    "keypoints_3d": [
      [
        0.018415467090911408,
        0.04046497418055892,
        0.20214578525088484
      ],
      [
        0.035204975897417334,
        0.09860346941095924,
        0.22160707758967452
      ],
      [
        0.04881145438588991,
        0.09023489033403084,
        0.22743913488185963
      ],
      [
        0.005095322985097184,
        -0.016227459761914705,
        0.17666528628023165
      ],
      [
        -0.008511155503375334,
        -0.007858880684986337,
        0.1708332289880465
      ],
      [
        0.03173561119672563,
        0.09715740812303256,
        0.22762628422153805
      ],
      [
        0.04534208968519815,
        0.08878882904610419,
        0.2334583415137232
      ],
      [
        0.001625958284405482,
        -0.017673521049841386,
        0.18268449291209515
      ],
      [
        -0.011980520204067091,
        -0.009304941972913008,
        0.17685243561991004
      ]
    ],
    "model_matrix": [
      0.7096327351464251,
      -0.3532291212712194,
      -0.6096315027084527,
      -0.05328208193658785,
      -0.24424909709527873,
      -0.9349277098931,
      0.25739571838355113,
      0.00033549521505657877,
      -0.6608810481294989,
      -0.03375448355412081,
      -0.749731201873878,
      0.3159106432170081,
      0.0,
      0.0,
      0.0,
      1.0
    ],
    "view_matrix": [
      0.39251091177313985,
      0.2553241643133511,
      -0.8835976206717102,
      0.31838149830901513,
      -0.17449430811687178,
      0.9639203758334407,
      0.20102051011758104,
      -0.03266035516683622,
      0.9030431443590239,
      0.07528001176147076,
      0.4229018789924681,
      0.11663734336696897,
      0.0,
      0.0,
      0.0,
      1.0
    ],
    "camera_intrinsics": {
      "fx": 693.728851457173,
      "fy": 693.728851457173,
      "cx": 256.0,
      "cy": 256.0,
      "image_width": 512,
      "image_height": 512,
      "model": "SIMPLE_RADIAL",
      "dist": [
        -0.19829800196007494,
        0.0,
        0.0,
        0.0
      ]
    },
    "visibility": [
      1.0,
      0.0,
      0.0,
      1.0,
      1.0,
      0.0,
      1.0,
      1.0,
      1.0
    ],
    "keypoints_2d_visibility": [
      1.0,
      0.0,
      0.0,
      1.0,
      1.0,
      0.0,
      1.0,
      1.0,
      1.0
    ],
    "pose_6dof": {
      "translation": [
        -0.05328208193658785,
        0.00033549521505657877,
        0.3159106432170081
      ],
      "rotation": [
        0.7096327351464251,
        -0.3532291212712194,
        -0.6096315027084527,
        -0.24424909709527873,
        -0.9349277098931,
        0.25739571838355113,
        -0.6608810481294989,
        -0.03375448355412081,
        -0.749731201873878
      ]
    },
    "pose_9dof": {
      "translation": [
        -0.05328208193658785,
        0.00033549521505657877,
        0.3159106432170081
      ],
      "rotation": [
        0.7096327351464251,
        -0.3532291212712194,
        -0.6096315027084527,
        -0.24424909709527873,
        -0.9349277098931,
        0.25739571838355113,
        -0.6608810481294989,
        -0.03375448355412081,
        -0.749731201873878
      ],
      "scale": [
        0.017005359886912104,
        0.1257907621187824,
        0.007096367602648271
      ]
    }
  },
  {
    "frame_id": 1,
    "image": "frame_000001.png",
    "keypoints_2d": [
      [
        0.6224358424266307,
        0.7709571352980289,
        0.20224359212177578
      ],
      [
        0.7055634311246974,
        1.078745003234616,
        0.22154043687150637
      ],
      [
        0.7788728670530962,
        1.0185184626759884,
        0.22739183835779836
      ],
      [
        0.5398765300728601,
        0.3787879920499105,
        0.17692265751504985
      ],
      [
        0.4336764189547645,
        0.44039140050961206,
        0.1710712560287578
      ],
      [
        0.6812128804871459,
        1.057718418405446,
        0.22756452672850172
      ],
      [
        0.753469667403255,
        0.9992871266675043,
        0.23341592821479373
      ],
      [
        0.5129784259719599,
        0.3721983781894848,
        0.1829467473720452
      ],
      [
        0.40952639962985377,
        0.4315116927618193,
        0.17709534588575318
      ]
    ],
    "keypoints_3d": [
      [
        0.01848072251232391,
        0.04089883755386262,
        0.20224359212177578
      ],
      [
        0.035203211441826754,
        0.0991114159181844,
        0.22154043687150637
      ],
      [
        0.04882160806608571,
        0.09077579123169621,
        0.22739183835779836
      ],
      [
        0.005224208349481341,
        -0.015879936966261676,
        0.17692265751504985
      ],
      [
        -0.008394188274777614,
        -0.0075443122797734866,
        0.1710712560287578
      ],
      [
        0.031737236675166425,
        0.09767761207398692,
        0.22756452672850172
      ],
      [
        0.04535563329942538,
        0.08934198738749874,
        0.23341592821479373
      ],
      [
        0.0017582335828210116,
        -0.017313740810459142,
        0.1829467473720452
      ],
      [
        -0.011860163041437943,
        -0.008978116123970942,
        0.17709534588575318
      ]
    ],
    "model_matrix": [
      0.7096327351464251,
      -0.3532291212712194,
      -0.6096315027084527,
      -0.05328208193658785,
      -0.24424909709527873,
      -0.9349277098931,
      0.25739571838355113,
      0.00033549521505657877,
      -0.6608810481294989,
      -0.03375448355412081,
      -0.749731201873878,
      0.3159106432170081,
      0.0,
      0.0,
      0.0,
      1.0
    ],
    "view_matrix": [
      0.3929660690837593,
      0.2541475636484684,
      -0.8837345101558534,
      0.31851464504842447,
      -0.17152309731601229,
      0.9644397183022143,
      0.20108668988341138,
      -0.03208926062549491,
      0.9034143543446607,
      0.07256063431843172,
      0.4225842622617729,
      0.11685617992254076,
      0.0,
      0.0,
      0.0,
      1.0
    ],
    "camera_intrinsics": {
      "fx": 692.6328973595432,
      "fy": 692.6328973595432,
      "cx": 256.0,
      "cy": 256.0,
      "image_width": 512,
      "image_height": 512,
      "model": "SIMPLE_RADIAL",
      "dist": [
        -0.19398814744080592,
        0.0,
        0.0,
        0.0
      ]
    },
    "visibility": [
      1.0,
      0.0,
      0.0,
      1.0,
      1.0,
      0.0,
      1.0,
      1.0,
      1.0
    ],
    "keypoints_2d_visibility": [
      1.0,
      0.0,
      0.0,
      1.0,
      1.0,
      0.0,
      1.0,
      1.0,
      1.0
    ],
    "pose_6dof": {
      "translation": [
        -0.05328208193658785,
        0.00033549521505657877,
        0.3159106432170081
      ],
      "rotation": [
        0.7096327351464251,
        -0.3532291212712194,
        -0.6096315027084527,
        -0.24424909709527873,
        -0.9349277098931,
        0.25739571838355113,
        -0.6608810481294989,
        -0.03375448355412081,
        -0.749731201873878
      ]
    },
    "pose_9dof": {
      "translation": [
        -0.05328208193658785,
        0.00033549521505657877,
        0.3159106432170081
      ],
      "rotation": [
        0.7096327351464251,
        -0.3532291212712194,
        -0.6096315027084527,
        -0.24424909709527873,
        -0.9349277098931,
        0.25739571838355113,
        -0.6608810481294989,
        -0.03375448355412081,
        -0.749731201873878
      ],
      "scale": [
        0.017005359886912104,
        0.1257907621187824,
        0.007096367602648271
      ]
    }
  },
  {
    "frame_id": 2,
    "image": "frame_000002.png",
    "keypoints_2d": [
      [
        0.6224346953910617,
        0.7709560847577391,
        0.20217235104484343
      ],
      [
        0.7055663316269192,
        1.0787749139790668,
        0.2214780403585124
      ],
      [
        0.7788637549578348,
        1.0185219125160234,
        0.2273317029271894
      ],
      [
        0.5399040106853233,
        0.3788002572123047,
        0.17684346274901555
      ],
      [
        0.43370895435796597,
        0.4404149575688496,
        0.17098980018033852
      ],
      [
        0.681202478525895,
        1.0577329425661621,
        0.2275012393406713
      ],
      [
        0.7534470072474957,
        0.9992777507439281,
        0.23335490190934832
      ],
      [
        0.5129930398072625,
        0.3722078246473708,
        0.18286666173117444
      ],
      [
        0.4095457361403911,
        0.43153101934412497,
        0.1770129991624974
      ]
    ],
    "keypoints_3d": [
      [
        0.018480564411897327,
        0.040898712257722514,
        0.20217235104484343
      ],
      [
        0.035201011120135794,
        0.09910894464959584,
        0.2214780403585124
      ],
      [
        0.048817801874041666,
        0.09077228410835915,
        0.2273317029271894
      ],
      [
        0.005227473990781328,
        -0.015877313889781412,
        0.17684346274901555
      ],
      [
        -0.008389316763124544,
        -0.007540653348544708,
        0.17098980018033852
      ],
      [
        0.031733654833013325,
        0.09767473840522646,
        0.2275012393406713
      ],
      [
        0.04535044558691914,
        0.08933807786398976,
        0.23335490190934832
      ],
      [
        0.0017601177036588589,
        -0.017311520134150805,
        0.18286666173117444
      ],
      [
        -0.011856673050247013,
        -0.008974859592914095,
        0.1770129991624974
      ]
    ],
    "model_matrix": [
      0.7096327351464251,
      -0.3532291212712194,
      -0.6096315027084527,
      -0.05328208193658785,
      -0.24424909709527873,
      -0.9349277098931,
      0.25739571838355113,
      0.00033549521505657877,
      -0.6608810481294989,
      -0.03375448355412081,
      -0.749731201873878,
      0.3159106432170081,
      0.0,
      0.0,
      0.0,
      1.0
    ],
    "view_matrix": [
      0.3927605149789997,
      0.2541681779346129,
      -0.883819956325286,
      0.31853052103569723,
      -0.1716181067109619,
      0.9644236298804163,
      0.2010827878691429,
      -0.03209321013457554,
      0.9034856962466957,
      0.07270212826101297,
      0.4224073830130617,
      0.11684457065736956,
      0.0,
      0.0,
      0.0,
      1.0
    ],
    "camera_intrinsics": {
      "fx": 692.3625580459895,
      "fy": 692.3625580459895,
      "cx": 256.0,
      "cy": 256.0,
      "image_width": 512,
      "image_height": 512,
      "model": "SIMPLE_RADIAL",
      "dist": [
        -0.19310429919234684,
        0.0,
        0.0,
        0.0
      ]
    },
    "visibility": [
      1.0,
      0.0,
      0.0,
      1.0,
      1.0,
      0.0,
      1.0,
      1.0,
      1.0
    ],
    "keypoints_2d_visibility": [
      1.0,
      0.0,
      0.0,
      1.0,
      1.0,
      0.0,
      1.0,
      1.0,
      1.0
    ],
    "pose_6dof": {
      "translation": [
        -0.05328208193658785,
        0.00033549521505657877,
        0.3159106432170081
      ],
      "rotation": [
        0.7096327351464251,
        -0.3532291212712194,
        -0.6096315027084527,
        -0.24424909709527873,
        -0.9349277098931,
        0.25739571838355113,
        -0.6608810481294989,
        -0.03375448355412081,
        -0.749731201873878
      ]
    },
    "pose_9dof": {
      "translation": [
        -0.05328208193658785,
        0.00033549521505657877,
        0.3159106432170081
      ],
      "rotation": [
        0.7096327351464251,
        -0.3532291212712194,
        -0.6096315027084527,
        -0.24424909709527873,
        -0.9349277098931,
        0.25739571838355113,
        -0.6608810481294989,
        -0.03375448355412081,
        -0.749731201873878
      ],
      "scale": [
        0.017005359886912104,
        0.1257907621187824,
        0.007096367602648271
      ]
    }
  },
  {
    "frame_id": 3,
    "image": "frame_000003.png",
    "keypoints_2d": [
      [
        0.6219182223091141,
        0.7724276028998713,
        0.20158015423845466
      ],
      [
        0.7044640521958767,
        1.0795877792771496,
        0.22076348891362
      ],
      [
        0.7777490495331322,
        1.0196007509704492,
        0.2266195547663242
      ],
      [
        0.5398635762469312,
        0.38047342768106557,
        0.17636773795736618
      ],
      [
        0.43363318390292727,
        0.441835148957749,
        0.17051167210466195
      ],
      [
        0.6802101611801817,
        1.0585903899383178,
        0.2267925705195431
      ],
      [
        0.752440675648658,
        1.0003925127462172,
        0.23264863637224734
      ],
      [
        0.5130355522107993,
        0.37389662843061294,
        0.1823968195632893
      ],
      [
        0.40956831741766137,
        0.4329679071221626,
        0.17654075371058509
      ]
    ],
    "keypoints_3d": [
      [
        0.018423268978007556,
        0.0411669962881583,
        0.20158015423845466
      ],
      [
        0.035078638342202206,
        0.0994363061793669,
        0.22076348891362
      ],
      [
        0.04871283208784655,
        0.09112983168542996,
        0.2266195547663242
      ],
      [
        0.005227535442136,
        -0.015674193133195596,
        0.17636773795736618
      ],
      [
        -0.00840665830350823,
        -0.007367718639258669,
        0.17051167210466195
      ],
      [
        0.03161900251387906,
        0.09800818570951221,
        0.2267925705195431
      ],
      [
        0.04525319625952334,
        0.08970171121557528,
        0.23264863637224734
      ],
      [
        0.0017678996138129066,
        -0.017102313603050284,
        0.1823968195632893
      ],
      [
        -0.011866294131831434,
        -0.008795839109113347,
        0.17654075371058509
      ]
    ],
    "model_matrix": [
      0.7096327351464251,
      -0.3532291212712194,
      -0.6096315027084527,
      -0.05328208193658785,
      -0.24424909709527873,
      -0.9349277098931,
      0.25739571838355113,
      0.00033549521505657877,
      -0.6608810481294989,
      -0.03375448355412081,
      -0.749731201873878,
      0.3159106432170081,
      0.0,
      0.0,
      0.0,
      1.0
    ],
    "view_matrix": [
      0.39385505156642076,
      0.2528575506534359,
      -0.8837088080545296,
      0.31849687157741546,
      -0.16940198953443147,
      0.9649170881430288,
      0.20059406509504396,
      -0.03155261959412432,
      0.9034274538098722,
      0.0706970444016118,
      0.42287204165738845,
      0.11610315265752477,
      0.0,
      0.0,
      0.0,
      1.0
    ],
    "camera_intrinsics": {
      "fx": 689.7935394666339,
      "fy": 689.7935394666339,
      "cx": 256.0,
      "cy": 256.0,
      "image_width": 512,
      "image_height": 512,
      "model": "SIMPLE_RADIAL",
      "dist": [
        -0.1967871086946669,
        0.0,
        0.0,
        0.0
      ]
    },
    "visibility": [
      1.0,
      0.0,
      0.0,
      1.0,
      1.0,
      0.0,
      0.0,
      1.0,
      1.0
    ],
    "keypoints_2d_visibility": [
      1.0,
      0.0,
      0.0,
      1.0,
      1.0,
      0.0,
      0.0,
      1.0,
      1.0
    ],
    "pose_6dof": {
      "translation": [
        -0.05328208193658785,
        0.00033549521505657877,
        0.3159106432170081
      ],
      "rotation": [
        0.7096327351464251,
        -0.3532291212712194,
        -0.6096315027084527,
        -0.24424909709527873,
        -0.9349277098931,
        0.25739571838355113,
        -0.6608810481294989,
        -0.03375448355412081,
        -0.749731201873878
      ]
    },
    "pose_9dof": {
      "translation": [
        -0.05328208193658785,
        0.00033549521505657877,
        0.3159106432170081
      ],
      "rotation": [
        0.7096327351464251,
        -0.3532291212712194,
        -0.6096315027084527,
        -0.24424909709527873,
        -0.9349277098931,
        0.25739571838355113,
        -0.6608810481294989,
        -0.03375448355412081,
        -0.749731201873878
      ],
      "scale": [
        0.017005359886912104,
        0.1257907621187824,
        0.007096367602648271
      ]
    }
  },
  {
    "frame_id": 4,
    "image": "frame_000004.png",
    "keypoints_2d": [
      [
        0.6346228561960348,
        0.7839312584621545,
        0.19858068101175408
      ],
      [
        0.7113041303621712,
        1.091070158442438,
        0.2167396376020279
      ],
      [
        0.785021352483984,
        1.0326476796420672,
        0.22253437597669967
      ],
      [
        0.5596045088587193,
        0.39324968058228293,
        0.17432946419503045
      ],
      [
        0.45354645783675684,
        0.4520647355802594,
        0.16853472582035867
      ],
      [
        0.6874863158889419,
        1.0697459767378912,
        0.2228318978284777
      ],
      [
        0.7601012955005058,
        1.013121028587633,
        0.2286266362031495
      ],
      [
        0.5330850812944357,
        0.38664894216047013,
        0.18042172442148022
      ],
      [
        0.42984249213084236,
        0.4432169333810218,
        0.17462698604680846
      ]
    ],
    "keypoints_3d": [
      [
        0.020506217001732885,
        0.04324938694750072,
        0.19858068101175408
      ],
      [
        0.03647734594978341,
        0.10203620067976679,
        0.2167396376020279
      ],
      [
        0.050314355712503755,
        0.09402742843435442,
        0.22253437597669967
      ],
      [
        0.007895194157356011,
        -0.014140113127353731,
        0.17432946419503045
      ],
      [
        -0.005941815605364331,
        -0.006131340881941363,
        0.16853472582035867
      ],
      [
        0.03311723984610976,
        0.10063888702235518,
        0.2228318978284777
      ],
      [
        0.046954249608830045,
        0.09263011477694282,
        0.2286266362031495
      ],
      [
        0.004535088053682357,
        -0.015537426784765348,
        0.18042172442148022
      ],
      [
        -0.009301921709038041,
        -0.007528654539352971,
        0.17462698604680846
      ]
    ],
    "model_matrix": [
      0.7096327351464251,
      -0.3532291212712194,
      -0.6096315027084527,
      -0.05328208193658785,
      -0.24424909709527873,
      -0.9349277098931,
      0.25739571838355113,
      0.00033549521505657877,
      -0.6608810481294989,
      -0.03375448355412081,
      -0.749731201873878,
      0.3159106432170081,
      0.0,
      0.0,
      0.0,
      1.0
    ],
    "view_matrix": [
      0.40787512615834065,
      0.23841045477295683,
      -0.8813616377607262,
      0.3205901892185886,
      -0.15050350458232745,
      0.9696579694561334,
      0.1926450554222605,
      -0.025953692095414982,
      0.9005479313005805,
      0.054072889003274074,
      0.4313809755947573,
      0.11026776700789115,
      0.0,
      0.0,
      0.0,
      1.0
    ],
    "camera_intrinsics": {
      "fx": 674.9495513825304,
      "fy": 674.9495513825304,
      "cx": 256.0,
      "cy": 256.0,
      "image_width": 512,
      "image_height": 512,
      "model": "SIMPLE_RADIAL",
      "dist": [
        -0.19041230087430647,
        0.0,
        0.0,
        0.0
      ]
    },
    "visibility": [
      1.0,
      0.0,
      0.0,
      1.0,
      1.0,
      0.0,
      0.0,
      1.0,
      1.0
    ],
    "keypoints_2d_visibility": [
      1.0,
      0.0,
      0.0,
      1.0,
      1.0,
      0.0,
      0.0,
      1.0,
      1.0
    ],
    "pose_6dof": {
      "translation": [
        -0.05328208193658785,
        0.00033549521505657877,
        0.3159106432170081
      ],
      "rotation": [
        0.7096327351464251,
        -0.3532291212712194,
        -0.6096315027084527,
        -0.24424909709527873,
        -0.9349277098931,
        0.25739571838355113,
        -0.6608810481294989,
        -0.03375448355412081,
        -0.749731201873878
      ]
    },
    "pose_9dof": {
      "translation": [
        -0.05328208193658785,
        0.00033549521505657877,
        0.3159106432170081
      ],
      "rotation": [
        0.7096327351464251,
        -0.3532291212712194,
        -0.6096315027084527,
        -0.24424909709527873,
        -0.9349277098931,
        0.25739571838355113,
        -0.6608810481294989,
        -0.03375448355412081,
        -0.749731201873878
      ],
      "scale": [
        0.017005359886912104,
        0.1257907621187824,
        0.007096367602648271
      ]
    }
  },
  {
    "frame_id": 5,
    "image": "frame_000005.png",
    "keypoints_2d": [
      [
        0.6474023568888331,
        0.7881238034671617,
        0.20360805137691734
      ],
      [
        0.7216122932400801,
        1.098172966733583,
        0.2212251387838796
      ],
      [
        0.7960165400954995,
        1.0406069098959225,
        0.22694058433114123
      ],
      [
        0.5760966914824409,
        0.39853457713622287,
        0.1798578666955622
      ],
      [
        0.4708466904141718,
        0.45576158178824283,
        0.17414242114830056
      ],
      [
        0.6979669797088741,
        1.0768668897447662,
        0.2273582360582725
      ],
      [
        0.7712580716608115,
        1.0210650988362695,
        0.23307368160553413
      ],
      [
        0.5498226345923669,
        0.39185739010960996,
        0.1859909639699551
      ],
      [
        0.4472912683394596,
        0.4469492027219131,
        0.18027551842269346
      ]
    ],
    "keypoints_3d": [
      [
        0.02254717271263096,
        0.04407241035022015,
        0.20360805137691734
      ],
      [
        0.038200086373296194,
        0.10310916719154797,
        0.2212251387838796
      ],
      [
        0.05215749724257612,
        0.09525381049017569,
        0.22694058433114123
      ],
      [
        0.010184769363917767,
        -0.01358011643013963,
        0.1798578666955622
      ],
      [
        -0.0037726415053621065,
        -0.005724759728767365,
        0.17414242114830056
      ],
      [
        0.03490957606134415,
        0.10172493713057994,
        0.2273582360582725
      ],
      [
        0.04886698693062402,
        0.09386958042920766,
        0.23307368160553413
      ],
      [
        0.006894259051965723,
        -0.014964346491107654,
        0.1859909639699551
      ],
      [
        -0.007063151817314206,
        -0.0071089897897353704,
        0.18027551842269346
      ]
    ],
    "model_matrix": [
      0.7096327351464251,
      -0.3532291212712194,
      -0.6096315027084527,
      -0.05328208193658785,
      -0.24424909709527873,
      -0.9349277098931,
      0.25739571838355113,
      0.00033549521505657877,
      -0.6608810481294989,
      -0.03375448355412081,
      -0.749731201873878,
      0.3159106432170081,
      0.0,
      0.0,
      0.0,
      1.0
    ],
    "view_matrix": [
      0.41762464467501537,
      0.23083870854361885,
      -0.8788077985532342,
      0.3223463748718524,
      -0.14110624675568625,
      0.9719327355382045,
      0.18824395001100602,
      -0.02324037036299786,
      0.8975960579718424,
      0.045389957337906225,
      0.4384758470956781,
      0.11289942307911464,
      0.0,
      0.0,
      0.0,
      1.0
    ],
    "camera_intrinsics": {
      "fx": 689.19762430625,
      "fy": 689.19762430625,
      "cx": 256.0,
      "cy": 256.0,
      "image_width": 512,
      "image_height": 512,
      "model": "SIMPLE_RADIAL",
      "dist": [
        -0.18849260161533643,
        0.0,
        0.0,
        0.0
      ]
    },
    "visibility": [
      1.0,
      0.0,
      0.0,
      1.0,
      1.0,
      0.0,
      0.0,
      1.0,
      1.0
    ],
    "keypoints_2d_visibility": [
      1.0,
      0.0,
      0.0,
      1.0,
      1.0,
      0.0,
      0.0,
      1.0,
      1.0
    ],
    "pose_6dof": {
      "translation": [
        -0.05328208193658785,
        0.00033549521505657877,
        0.3159106432170081
      ],
      "rotation": [
        0.7096327351464251,
        -0.3532291212712194,
        -0.6096315027084527,
        -0.24424909709527873,
        -0.9349277098931,
        0.25739571838355113,
        -0.6608810481294989,
        -0.03375448355412081,
        -0.749731201873878
      ]
    },
    "pose_9dof": {
      "translation": [
        -0.05328208193658785,
        0.00033549521505657877,
        0.3159106432170081
      ],
      "rotation": [
        0.7096327351464251,
        -0.3532291212712194,
        -0.6096315027084527,
        -0.24424909709527873,
        -0.9349277098931,
        0.25739571838355113,
        -0.6608810481294989,
        -0.03375448355412081,
        -0.749731201873878
      ],
      "scale": [
        0.017005359886912104,
        0.1257907621187824,
        0.007096367602648271
      ]
    }
  },
  {
    "frame_id": 6,
    "image": "frame_000006.png",
    "keypoints_2d": [
      [
        0.6641577691231353,
        0.7829070543020029,
        0.2044911848027604
      ],
      [
        0.7339855948127652,
        1.0944696991418454,
        0.2219612133624545
      ],
      [
        0.8091024854840256,
        1.038206206054389,
        0.2274576868154347
      ],
      [
        0.5981168117631688,
        0.39374478684399195,
        0.1808420228132483
      ],
      [
        0.49290625262903864,
        0.44923177227456323,
        0.17534554936026803
      ],
      [
        0.7106655741851273,
        1.0728658976585992,
        0.22814034679227257
      ],
      [
        0.7846251480137382,
        1.0183520497609853,
        0.23363682024525279
      ],
      [
        0.5720452962046675,
        0.3869355418855275,
        0.18702115624306637
      ],
      [
        0.4695665237519556,
        0.44035393315810567,
        0.1815246827900861
      ]
    ],
    "keypoints_3d": [
      [
        0.02521889976257291,
        0.0434618762345344,
        0.2044911848027604
      ],
      [
        0.0404085983484308,
        0.10266310335111634,
        0.2219612133624545
      ],
      [
        0.05454422492969918,
        0.09497186771443074,
        0.2274576868154347
      ],
      [
        0.013211214013923278,
        -0.014307031953783852,
        0.1808420228132483
      ],
      [
        -0.0009244125673450454,
        -0.0066157963170982645,
        0.17534554936026803
      ],
      [
        0.03722658551122254,
        0.10123078442285267,
        0.22814034679227257
      ],
      [
        0.051362212092490866,
        0.09353954878616709,
        0.23363682024525279
      ],
      [
        0.010029201176715019,
        -0.01573935088204751,
        0.18702115624306637
      ],
      [
        -0.00410642540455336,
        -0.008048115245361916,
        0.1815246827900861
      ]
    ],
    "model_matrix": [
      0.7096327351464251,
      -0.3532291212712194,
      -0.6096315027084527,
      -0.05328208193658785,
      -0.24424909709527873,
      -0.9349277098931,
      0.25739571838355113,
      0.00033549521505657877,
      -0.6608810481294989,
      -0.03375448355412081,
      -0.749731201873878,
      0.3159106432170081,
      0.0,
      0.0,
      0.0,
      1.0
    ],
    "view_matrix": [
      0.4325859587224872,
      0.21958898655006773,
      -0.8744427169929776,
      0.324440070387255,
      -0.13713916603548423,
      0.974626925121964,
      0.17690451087068843,
      -0.0200581845338767,
      0.8911016987163913,
      0.043393937516890524,
      0.451724173286688,
      0.10925190592953157,
      0.0,
      0.0,
      0.0,
      1.0
    ],
    "camera_intrinsics": {
      "fx": 689.1116169886851,
      "fy": 689.1116169886851,
      "cx": 256.0,
      "cy": 256.0,
      "image_width": 512,
      "image_height": 512,
      "model": "SIMPLE_RADIAL",
      "dist": [
        -0.18240320983657843,
        0.0,
        0.0,
        0.0
      ]
    },
    "visibility": [
      1.0,
      0.0,
      0.0,
      1.0,
      1.0,
      0.0,
      0.0,
      1.0,
      1.0
    ],
    "keypoints_2d_visibility": [
      1.0,
      0.0,
      0.0,
      1.0,
      1.0,
      0.0,
      0.0,
      1.0,
      1.0
    ],
    "pose_6dof": {
      "translation": [
        -0.05328208193658785,
        0.00033549521505657877,
        0.3159106432170081
      ],
      "rotation": [
        0.7096327351464251,
        -0.3532291212712194,
        -0.6096315027084527,
        -0.24424909709527873,
        -0.9349277098931,
        0.25739571838355113,
        -0.6608810481294989,
        -0.03375448355412081,
        -0.749731201873878
      ]
    },
    "pose_9dof": {
      "translation": [
        -0.05328208193658785,
        0.00033549521505657877,
        0.3159106432170081
      ],
      "rotation": [
        0.7096327351464251,
        -0.3532291212712194,
        -0.6096315027084527,
        -0.24424909709527873,
        -0.9349277098931,
        0.25739571838355113,
        -0.6608810481294989,
        -0.03375448355412081,
        -0.749731201873878
      ],
      "scale": [
        0.017005359886912104,
        0.1257907621187824,
        0.007096367602648271
      ]
    }
  },
  {
    "frame_id": 7,
    "image": "frame_000007.png",
    "keypoints_2d": [
      [
        0.6754510796439288,
        0.7765076869037937,
        0.20636544869628282
      ],
      [
        0.7443020902646573,
        1.0868138978674267,
        0.2234150867867038
      ],
      [
        0.8198847349148752,
        1.032319821971377,
        0.22851957209952506
      ],
      [
        0.6098005526285762,
        0.3921292108537156,
        0.18305149608764198
      ],
      [
        0.5053500598923799,
        0.4460008071262459,
        0.17794701077482072
      ],
      [
        0.7218701240884536,
        1.0651779841592264,
        0.22967940130492365
      ],
      [
        0.7962173104408047,
        1.0123885925446277,
        0.2347838866177449
      ],
      [
        0.5850100173834126,
        0.38541217325847965,
        0.18931581060586183
      ],
      [
        0.4833522393158674,
        0.43729110733199617,
        0.18421132529304063
      ]
    ],
    "keypoints_3d": [
      [
        0.027328660797042048,
        0.04306946870035959,
        0.20636544869628282
      ],
      [
        0.04261764122888323,
        0.10236762256247656,
        0.2234150867867038
      ],
      [
        0.05694782028244266,
        0.09476680268120596,
        0.22851957209952506
      ],
      [
        0.015041151271379394,
        -0.014776800466576775,
        0.18305149608764198
      ],
      [
        0.0007109722178200162,
        -0.007175980585306187,
        0.17794701077482072
      ],
      [
        0.0396161703227047,
        0.10091573786729595,
        0.22967940130492365
      ],
      [
        0.05394634937626408,
        0.09331491798602536,
        0.2347838866177449
      ],
      [
        0.012039680365200922,
        -0.016228685161757385,
        0.18931581060586183
      ],
      [
        -0.002290498688358511,
        -0.00862786528048679,
        0.18421132529304063
      ]
    ],
    "model_matrix": [
      0.7096327351464251,
      -0.3532291212712194,
      -0.6096315027084527,
      -0.05328208193658785,
      -0.24424909709527873,
      -0.9349277098931,
      0.25739571838355113,
      0.00033549521505657877,
      -0.6608810481294989,
      -0.03375448355412081,
      -0.749731201873878,
      0.3159106432170081,
      0.0,
      0.0,
      0.0,
      1.0
    ],
    "view_matrix": [
      0.4578254077939843,
      0.2145097530396902,
      -0.8627754411369872,
      0.32421052925346866,
      -0.13430366288223414,
      0.976005340017377,
      0.17139458099362254,
      -0.018559327516765877,
      0.8788392470268309,
      0.037405108052448496,
      0.47564948835975585,
      0.10291654841711405,
      0.0,
      0.0,
      0.0,
      1.0
    ],
    "camera_intrinsics": {
      "fx": 685.7939417952992,
      "fy": 685.7939417952992,
      "cx": 256.0,
      "cy": 256.0,
      "image_width": 512,
      "image_height": 512,
      "model": "SIMPLE_RADIAL",
      "dist": [
        -0.17800819346744234,
        0.0,
        0.0,
        0.0
      ]
    },
    "visibility": [
      1.0,
      0.0,
      0.0,
      1.0,
      1.0,
      0.0,
      0.0,
      1.0,
      1.0
    ],
    "keypoints_2d_visibility": [
      1.0,
      0.0,
      0.0,
      1.0,
      1.0,
      0.0,
      0.0,
      1.0,
      1.0
    ],
    "pose_6dof": {
      "translation": [
        -0.05328208193658785,
        0.00033549521505657877,
        0.3159106432170081
      ],
      "rotation": [
        0.7096327351464251,
        -0.3532291212712194,
        -0.6096315027084527,
        -0.24424909709527873,
        -0.9349277098931,
        0.25739571838355113,
        -0.6608810481294989,
        -0.03375448355412081,
        -0.749731201873878
      ]
    },
    "pose_9dof": {
      "translation": [
        -0.05328208193658785,
        0.00033549521505657877,
        0.3159106432170081
      ],
      "rotation": [
        0.7096327351464251,
        -0.3532291212712194,
        -0.6096315027084527,
        -0.24424909709527873,
        -0.9349277098931,
        0.25739571838355113,
        -0.6608810481294989,
        -0.03375448355412081,
        -0.749731201873878
      ],
      "scale": [
        0.017005359886912104,
        0.1257907621187824,
        0.007096367602648271
      ]
    }
  },
  {
    "frame_id": 8,
    "image": "frame_000008.png",
    "keypoints_2d": [
      [
        0.6706341500072637,
        0.7734654397185765,
        0.21445141853570932
      ],
      [
        0.7404637209637143,
        1.081859846766331,
        0.23111264609202326
      ],
      [
        0.8157164408424495,
        1.028503430105939,
        0.23616368539305044
      ],
      [
        0.6036469205207332,
        0.39470993606104005,
        0.191499969617146
      ],
      [
        0.501056751736789,
        0.44742880510375166,
        0.18644893031611876
      ],
      [
        0.7186797192271588,
        1.0610295831166163,
        0.23740286745427264
      ],
      [
        0.7927274109433302,
        1.0092835816252541,
        0.24245390675529988
      ],
      [
        0.5798739819388433,
        0.3882023817176001,
        0.19779019097939537
      ],
      [
        0.47994527979370244,
        0.43905384571139455,
        0.1927391516783682
      ]
    ],
    "keypoints_3d": [
      [
        0.026968726103694662,
        0.043221210656148035,
        0.21445141853570932
      ],
      [
        0.04239845537554782,
        0.1025932670802681,
        0.23111264609202326
      ],
      [
        0.05675637838998088,
        0.09500911824374776,
        0.23616368539305044
      ],
      [
        0.014501594227275316,
        -0.014731492028277293,
        0.191499969617146
      ],
      [
        0.0001436712128423112,
        -0.007147343191756953,
        0.18644893031611876
      ],
      [
        0.03943585798011401,
        0.10117391334057338,
        0.23740286745427264
      ],
      [
        0.05379378099454696,
        0.09358976450405304,
        0.24245390675529988
      ],
      [
        0.011538996831841453,
        -0.01615084576797202,
        0.19779019097939537
      ],
      [
        -0.002818926182591608,
        -0.00856669693145167,
        0.1927391516783682
      ]
    ],
    "model_matrix": [
      0.7096327351464251,
      -0.3532291212712194,
      -0.6096315027084527,
      -0.05328208193658785,
      -0.24424909709527873,
      -0.9349277098931,
      0.25739571838355113,
      0.00033549521505657877,
      -0.6608810481294989,
      -0.03375448355412081,
      -0.749731201873878,
      0.3159106432170081,
      0.0,
      0.0,
      0.0,
      1.0
    ],
    "view_matrix": [
      0.46330022085770634,
      0.2152885974470482,
      -0.8596532586819431,
      0.3231557120321842,
      -0.1302601170828535,
      0.9760501834338989,
      0.17423645231757176,
      -0.01908992946502092,
      0.8765758422696591,
      0.031254747286372175,
      0.480247783463186,
      0.1094313323915949,
      0.0,
      0.0,
      0.0,
      1.0
    ],
    "camera_intrinsics": {
      "fx": 702.3542169108885,
      "fy": 702.3542169108885,
      "cx": 256.0,
      "cy": 256.0,
      "image_width": 512,
      "image_height": 512,
      "model": "SIMPLE_RADIAL",
      "dist": [
        -0.19282135734761852,
        0.0,
        0.0,
        0.0
      ]
    },
    "visibility": [
      1.0,
      0.0,
      0.0,
      1.0,
      1.0,
      0.0,
      0.0,
      1.0,
      1.0
    ],
    "keypoints_2d_visibility": [
      1.0,
      0.0,
      0.0,
      1.0,
      1.0,
      0.0,
      0.0,
      1.0,
      1.0
    ],
    "pose_6dof": {
      "translation": [
        -0.05328208193658785,
        0.00033549521505657877,
        0.3159106432170081
      ],
      "rotation": [
        0.7096327351464251,
        -0.3532291212712194,
        -0.6096315027084527,
        -0.24424909709527873,
        -0.9349277098931,
        0.25739571838355113,
        -0.6608810481294989,
        -0.03375448355412081,
        -0.749731201873878
      ]
    },
    "pose_9dof": {
      "translation": [
        -0.05328208193658785,
        0.00033549521505657877,
        0.3159106432170081
      ],
      "rotation": [
        0.7096327351464251,
        -0.3532291212712194,
        -0.6096315027084527,
        -0.24424909709527873,
        -0.9349277098931,
        0.25739571838355113,
        -0.6608810481294989,
        -0.03375448355412081,
        -0.749731201873878
      ],
      "scale": [
        0.017005359886912104,
        0.1257907621187824,
        0.007096367602648271
      ]
    }
  },
  {
    "frame_id": 9,
    "image": "frame_000009.png",
    "keypoints_2d": [
      [
        0.6614848617254766,
        0.7598952490186803,
        0.2199319951259361
      ],
      [
        0.729921134809663,
        1.064085774527127,
        0.2363792321687011
      ],
      [
        0.8050090092060949,
        1.013153359461558,
        0.24117449352332096
      ],
      [
        0.5950467363661698,
        0.3880567993434043,
        0.19714562179282927
      ],
      [
        0.4938640976449533,
        0.4385644470742071,
        0.19235036043820938
      ],
      [
        0.7094346145483299,
        1.0438956791515324,
        0.24271836845904293
      ],
      [
        0.7833011485836016,
        0.9944653862621671,
        0.24751362981366282
      ],
      [
        0.5729144606187676,
        0.3817499288726972,
        0.20348475808317112
      ],
      [
        0.47437250355951976,
        0.43051784947539046,
        0.19868949672855124
      ]
    ],
    "keypoints_3d": [
      [
        0.026071144978609295,
        0.041959144925525986,
        0.2199319951259361
      ],
      [
        0.041343434123068123,
        0.10143148901134455,
        0.2363792321687011
      ],
      [
        0.055842627203386175,
        0.09395077156955156,
