[
  {
    "frame_id": 0,
    "image": "frame_000000.png",
    "keypoints_2d": [
      [
        0.5013105335753472,
        0.44666473335030377,
        0.19259054127420264
      ],
      [
        0.48477324183208287,
        0.5819305660508413,
        0.2086628302367416
      ],
      [
        0.5594688476597033,
        0.5249086069499851,
        0.21590598106283312
      ],
      [
        0.5950710827452207,
        0.352353958272636,
        0.17054746817103264
      ],
      [
        0.5011018007651453,
        0.4177076603203917,
        0.16330431734494114
      ],
      [
        0.42688598611984185,
        0.521472527302502,
        0.2146336143773726
      ],
      [
        0.5014641850491781,
        0.4679701859022879,
        0.22187676520346414
      ],
      [
        0.5208930686343629,
        0.2864069249971625,
        0.17651825231166368
      ],
      [
        0.42705787890535896,
        0.3467059434112298,
        0.16927510148557215
      ]
    ],
    "keypoints_3d": [
      [
        0.0002255442366241589,
        -0.009179056704797843,
        0.19259054127420264
      ],
      [
        -0.0028387578296111965,
        0.015274494629549515,
        0.2086628302367416
      ],
      [
        0.011473066936506113,
        0.004805509541190399,
        0.21590598106283312
      ],
      [
        0.014472585351474165,
        -0.022476024033859197,
        0.17054746817103264
      ],
      [
        0.00016076058535687,
        -0.01200703894550008,
        0.16330431734494114
      ],
      [
        -0.014021496878225848,
        0.00411791062426351,
        0.2146336143773726
      ],
      [
        0.00029032788789143393,
        -0.006351074464095604,
        0.22187676520346414
      ],
      [
        0.0032898463028595004,
        -0.0336326080391452,
        0.17651825231166368
      ],
      [
        -0.011021978463257809,
        -0.02316362295078608,
        0.16927510148557215
      ]
    ],
    "model_matrix": [
      0.8833542267086811,
      0.06405620732526242,
      0.4643082084768812,
      -0.06101745556083025,
      -0.3676753407397187,
      -0.519673693092765,
      0.7712030190029463,
      -0.006362041066978498,
      0.29068910190758723,
      -0.8519601252467335,
      -0.43550406544799397,
      0.1976921614041727,
      0.0,
      0.0,
      0.0,
      1.0
    ],
    "view_matrix": [
      0.9711186211008918,
      0.20657366564002652,
      -0.11939825968222974,
      0.08439906171257738,
      -0.20901778573980298,
      0.9778775826180413,
      -0.008185270766788861,
      -0.014093328948940892,
      0.11506602016030824,
      0.032905228720347096,
      0.9928126998217384,
      0.0035496329650614336,
      0.0,
      0.0,
      0.0,
      1.0
    ],
    "camera_intrinsics": {
      "fx": 572.889304017665,
      "fy": 572.889304017665,
      "cx": 256.0,
      "cy": 256.0,
      "image_width": 512,
      "image_height": 512,
      "model": "SIMPLE_RADIAL",
      "dist": [
        0.051281840378384895,
        0.0,
        0.0,
        0.0
      ]
    },
    "visibility": [
      1.0,
      1.0,
      1.0,
      1.0,
      1.0,
      1.0,
      1.0,
      1.0,
      1.0
    ],
    "keypoints_2d_visibility": [
      1.0,
      1.0,
      1.0,
      1.0,
      1.0,
      1.0,
      1.0,
      1.0,
      1.0
    ],
    "pose_6dof": {
      "translation": [
        -0.06101745556083025,
        -0.006362041066978498,
        0.1976921614041727
      ],
      "rotation": [
        0.8833542267086811,
        0.06405620732526242,
        0.4643082084768812,
        -0.3676753407397187,
        -0.519673693092765,
        0.7712030190029463,
        0.29068910190758723,
        -0.8519601252467335,
        -0.43550406544799397
      ]
    },
    "pose_9dof": {
      "translation": [
        -0.06101745556083025,
        -0.006362041066978498,
        0.1976921614041727
      ],
      "rotation": [
        0.8833542267086811,
        0.06405620732526242,
        0.4643082084768812,
        -0.3676753407397187,
        -0.519673693092765,
        0.7712030190029463,
        0.29068910190758723,
        -0.8519601252467335,
        -0.43550406544799397
      ],
      "scale": [
        0.019154404475364005,
        0.05301578893767327,
        0.0168870744224814
      ]
    }
  },
  {
    "frame_id": 1,
    "image": "frame_000001.png",
    "keypoints_2d": [
      [
        0.4991788251450021,
        0.44554035158564026,
        0.1930842471563425
      ],
      [
        0.48277936840308694,
        0.5806926045485542,
        0.20916536259256008
      ],
      [
        0.5573872802751059,
        0.5237259694908889,
        0.21642006683309178
      ],
      [
        0.5926391085521961,
        0.3512810649940084,
        0.1710512346382781
      ],
      [
        0.4988168315961718,
        0.416545906076512,
        0.16379653039774641
      ],
      [
        0.42494254706232937,
        0.5203506391104726,
        0.21511725967440695
      ],
      [
        0.49944535816628643,
        0.4668892671798958,
        0.2223719639149386
      ],
      [
        0.5185898464113757,
        0.2854408828640821,
        0.17700313172012494
      ],
      [
        0.4248822262299266,
        0.3456807438341033,
        0.16974842747959326
      ]
    ],
    "keypoints_3d": [
      [
        -0.00014151468933928935,
        -0.009385139084542608,
        0.1930842471563425
      ],
      [
        -0.0032142886563358702,
        0.01506154533246659,
        0.20916536259256008
      ],
      [
        0.011084479186466045,
        0.004582723100654917,
        0.21642006683309178
      ],
      [
        0.014125828306833524,
        -0.022677011628259774,
        0.1710512346382781
      ],
      [
        -0.00017293953596839162,
        -0.012198189396448109,
        0.16379653039774641
      ],
      [
        -0.014408857685512103,
        0.00390673345917456,
        0.21511725967440695
      ],
      [
        -0.00011008984271020095,
        -0.006572088772637105,
        0.2223719639149386
      ],
      [
        0.0029312592776572916,
        -0.033831823501551804,
        0.17700313172012494
      ],
      [
        -0.011367508565144624,
        -0.02335300126974013,
        0.16974842747959326
      ]
    ],
    "model_matrix": [
      0.8833542267086811,
      0.06405620732526242,
      0.4643082084768812,
      -0.06101745556083025,
      -0.3676753407397187,
      -0.519673693092765,
      0.7712030190029463,
      -0.006362041066978498,
      0.29068910190758723,
      -0.8519601252467335,
      -0.43550406544799397,
      0.1976921614041727,
      0.0,
      0.0,
      0.0,
      1.0
    ],
    "view_matrix": [
      0.9708922736109782,
      0.20695451739695953,
      -0.12057371509370139,
      0.08425299295415294,
      -0.2094938368682665,
      0.9777718021879764,
      -0.008639164328154696,
      -0.014239400537507668,
      0.11610566461942175,
      0.03364714809710169,
      0.9926667840056975,
      0.004140341841383803,
      0.0,
      0.0,
      0.0,
      1.0
    ],
    "camera_intrinsics": {
      "fx": 573.5806648577411,
      "fy": 573.5806648577411,
      "cx": 256.0,
      "cy": 256.0,
      "image_width": 512,
      "image_height": 512,
      "model": "SIMPLE_RADIAL",
      "dist": [
        0.054979421564056705,
        0.0,
        0.0,
        0.0
      ]
    },
    "visibility": [
      1.0,
      1.0,
      1.0,
      1.0,
      1.0,
      1.0,
      1.0,
      1.0,
      1.0
    ],
    "keypoints_2d_visibility": [
      1.0,
      1.0,
      1.0,
      1.0,
      1.0,
      1.0,
      1.0,
      1.0,
      1.0
    ],
    "pose_6dof": {
      "translation": [
        -0.06101745556083025,
        -0.006362041066978498,
        0.1976921614041727
      ],
      "rotation": [
        0.8833542267086811,
        0.06405620732526242,
        0.4643082084768812,
        -0.3676753407397187,
        -0.519673693092765,
        0.7712030190029463,
        0.29068910190758723,
        -0.8519601252467335,
        -0.43550406544799397
      ]
    },
    "pose_9dof": {
      "translation": [
        -0.06101745556083025,
        -0.006362041066978498,
        0.1976921614041727
      ],
      "rotation": [
        0.8833542267086811,
        0.06405620732526242,
        0.4643082084768812,
        -0.3676753407397187,
        -0.519673693092765,
        0.7712030190029463,
        0.29068910190758723,
        -0.8519601252467335,
        -0.43550406544799397
      ],
      "scale": [
        0.019154404475364005,
        0.05301578893767327,
        0.0168870744224814
      ]
    }
  },
  {
    "frame_id": 2,
    "image": "frame_000002.png",
    "keypoints_2d": [
      [
        0.4968472331897339,
        0.4451334342432398,
        0.1935412333000541
      ],
      [
        0.48079561825147127,
        0.5802971807488791,
        0.20960023941987715
      ],
      [
        0.5553309849373634,
        0.5233197972611692,
        0.21686730398203846
      ],
      [
        0.589784195740706,
        0.35071968920965835,
        0.1715230507202928
      ],
      [
        0.4960882376025609,
        0.41594785425749514,
        0.16425598615813153
      ],
      [
        0.42297178682291836,
        0.5201179104109088,
        0.2155594158798154
      ],
      [
        0.49740642224681364,
        0.46663910777861933,
        0.22282648044197667
      ],
      [
        0.5158303197840982,
        0.28511129572764515,
        0.17748222718023104
      ],
      [
        0.4222429035692687,
        0.3453330590090322,
        0.17021516261806974
      ]
    ],
    "keypoints_3d": [
      [
        -0.0005439050288810754,
        -0.009465400655500712,
        0.1935412333000541
      ],
      [
        -0.0035873698058179054,
        0.014999476967432089,
        0.20960023941987715
      ],
      [
        0.0106956908838087,
        0.004507805947443542,
        0.21686730398203846
      ],
      [
        0.013710432659040941,
        -0.022795745192422116,
        0.1715230507202928
      ],
      [
        -0.0005726280305856646,
        -0.012304074172433574,
        0.16425598615813153
      ],
      [
        -0.014798242716803092,
        0.0038649438814206943,
        0.2155594158798154
      ],
      [
        -0.0005151820271764862,
        -0.006626727138567847,
        0.22282648044197667
      ],
      [
        0.0024995597480557546,
        -0.033930278278433514,
        0.17748222718023104
      ],
      [
        -0.011783500941570851,
        -0.023438607258444967,
        0.17021516261806974
      ]
    ],
    "model_matrix": [
      0.8833542267086811,
      0.06405620732526242,
      0.4643082084768812,
      -0.06101745556083025,
      -0.3676753407397187,
      -0.519673693092765,
      0.7712030190029463,
      -0.006362041066978498,
      0.29068910190758723,
      -0.8519601252467335,
      -0.43550406544799397,
      0.1976921614041727,
      0.0,
      0.0,
      0.0,
      1.0
    ],
    "view_matrix": [
      0.9705840233007424,
      0.20826140289396974,
      -0.12080497414419486,
      0.08388582652574288,
      -0.2106968955642516,
      0.977521841628961,
      -0.007607058426968958,
      -0.014598699194730105,
      0.11650524414347543,
      0.032836522394432875,
      0.9926471129682034,
      0.0046204408868563245,
      0.0,
      0.0,
      0.0,
      1.0
    ],
    "camera_intrinsics": {
      "fx": 574.319521182737,
      "fy": 574.319521182737,
      "cx": 256.0,
      "cy": 256.0,
      "image_width": 512,
      "image_height": 512,
      "model": "SIMPLE_RADIAL",
      "dist": [
        0.05629162794364846,
        0.0,
        0.0,
        0.0
      ]
    },
    "visibility": [
      1.0,
      1.0,
      1.0,
      1.0,
      1.0,
      1.0,
      1.0,
      1.0,
      1.0
    ],
    "keypoints_2d_visibility": [
      1.0,
      1.0,
      1.0,
      1.0,
      1.0,
      1.0,
      1.0,
      1.0,
      1.0
    ],
    "pose_6dof": {
      "translation": [
        -0.06101745556083025,
        -0.006362041066978498,
        0.1976921614041727
      ],
      "rotation": [
        0.8833542267086811,
        0.06405620732526242,
        0.4643082084768812,
        -0.3676753407397187,
        -0.519673693092765,
        0.7712030190029463,
        0.29068910190758723,
        -0.8519601252467335,
        -0.43550406544799397
      ]
    },
    "pose_9dof": {
      "translation": [
        -0.06101745556083025,
        -0.006362041066978498,
        0.1976921614041727
      ],
      "rotation": [
        0.8833542267086811,
        0.06405620732526242,
        0.4643082084768812,
        -0.3676753407397187,
        -0.519673693092765,
        0.7712030190029463,
        0.29068910190758723,
        -0.8519601252467335,
        -0.43550406544799397
      ],
      "scale": [
        0.019154404475364005,
        0.05301578893767327,
        0.0168870744224814
      ]
    }
  },
  {
    "frame_id": 3,
    "image": "frame_000003.png",
    "keypoints_2d": [
      [
        0.49435460426299266,
        0.4453305480623284,
        0.19313016423457838
      ],
      [
        0.47856093003334543,
        0.5806144889567141,
        0.2091566117575092
      ],
      [
        0.5530464560968106,
        0.5235610830691624,
        0.21645383292218118
      ],
      [
        0.5870431613105018,
        0.35063299525756175,
        0.17114547926499782
      ],
      [
        0.4933718549388545,
        0.415913141403941,
        0.16384825810032586
      ],
      [
        0.4206803617608298,
        0.5205350694216853,
        0.21511484920415894
      ],
      [
        0.4950781168400937,
        0.46699359497145604,
        0.22241207036883087
      ],
      [
        0.5130270079031161,
        0.2851712121182929,
        0.17710371671164754
      ],
      [
        0.419443810063766,
        0.3454240878353515,
        0.16980649554697558
      ]
    ],
    "keypoints_3d": [
      [
        -0.0009738303801725412,
        -0.00943047673616362,
        0.19313016423457838
      ],
      [
        -0.0040044327710568595,
        0.015057336997470467,
        0.2091566117575092
      ],
      [
        0.010255428325511434,
        0.004555045076833032,
        0.21645383292218118
      ],
      [
        0.013290034002013923,
        -0.022805841859588824,
        0.17114547926499782
      ],
      [
        -0.0009698270945543569,
        -0.01230354993895139,
        0.16384825810032586
      ],
      [
        -0.015237694762358991,
        0.003944888387261583,
        0.21511484920415894
      ],
      [
        -0.0009778336657906977,
        -0.00655740353337585,
        0.22241207036883087
      ],
      [
        0.002056772010711791,
        -0.033918290469797704,
        0.17710371671164754
      ],
      [
        -0.012203089085856517,
        -0.02341599854916027,
        0.16980649554697558
      ]
    ],
    "model_matrix": [
      0.8833542267086811,
      0.06405620732526242,
      0.4643082084768812,
      -0.06101745556083025,
      -0.3676753407397187,
      -0.519673693092765,
      0.7712030190029463,
      -0.006362041066978498,
      0.29068910190758723,
      -0.8519601252467335,
      -0.43550406544799397,
      0.1976921614041727,
      0.0,
      0.0,
      0.0,
      1.0
    ],
    "view_matrix": [
      0.9701537006374281,
      0.20953448616876622,
      -0.12205366133588337,
      0.08368459905838437,
      -0.21186319151297003,
      0.9772791737000153,
      -0.006277319025985403,
      -0.014899362606229037,
      0.11796518648076633,
      0.03194864250960493,
      0.9925036518927028,
      0.004321166189870857,
      0.0,
      0.0,
      0.0,
      1.0
    ],
    "camera_intrinsics": {
      "fx": 573.156598897012,
      "fy": 573.156598897012,
      "cx": 256.0,
      "cy": 256.0,
      "image_width": 512,
      "image_height": 512,
      "model": "SIMPLE_RADIAL",
      "dist": [
        0.05527689946437591,
        0.0,
        0.0,
        0.0
      ]
    },
    "visibility": [
      1.0,
      1.0,
      1.0,
      1.0,
      1.0,
      1.0,
      1.0,
      1.0,
      1.0
    ],
    "keypoints_2d_visibility": [
      1.0,
      1.0,
      1.0,
      1.0,
      1.0,
      1.0,
      1.0,
      1.0,
      1.0
    ],
    "pose_6dof": {
      "translation": [
        -0.06101745556083025,
        -0.006362041066978498,
        0.1976921614041727
      ],
      "rotation": [
        0.8833542267086811,
        0.06405620732526242,
        0.4643082084768812,
        -0.3676753407397187,
        -0.519673693092765,
        0.7712030190029463,
        0.29068910190758723,
        -0.8519601252467335,
        -0.43550406544799397
      ]
    },
    "pose_9dof": {
      "translation": [
        -0.06101745556083025,
        -0.006362041066978498,
        0.1976921614041727
      ],
      "rotation": [
        0.8833542267086811,
        0.06405620732526242,
        0.4643082084768812,
        -0.3676753407397187,
        -0.519673693092765,
        0.7712030190029463,
        0.29068910190758723,
        -0.8519601252467335,
        -0.43550406544799397
      ],
      "scale": [
        0.019154404475364005,
        0.05301578893767327,
        0.0168870744224814
      ]
    }
  },
  {
    "frame_id": 4,
    "image": "frame_000004.png",
    "keypoints_2d": [
      [
        0.484515805393504,
        0.44006325633529575,
        0.19362201501650553
      ],
      [
        0.46941251422662594,
        0.5757452052385331,
        0.20965630575473299
      ],
      [
        0.5437309335359886,
        0.5184922158279076,
        0.21703861970409752
      ],
      [
        0.5765094039895431,
        0.34458145183335664,
        0.17171975618713237
      ],
      [
        0.4830723113152716,
        0.4099688675831154,
        0.16433744223776786
      ],
      [
        0.4112740544090855,
        0.5159962766459144,
        0.21552427384587866
      ],
      [
        0.4855788847844573,
        0.46224039625147473,
        0.22290658779524317
      ],
      [
        0.5023465205855149,
        0.2794487311188192,
        0.17758772427827804
      ],
      [
        0.4088800670135283,
        0.3398358122040236,
        0.1702054103289135
      ]
    ],
    "keypoints_3d": [
      [
        -0.0026705903789114582,
        -0.010337411472927866,
        0.19362201501650553
      ],
      [
        -0.0057116298699873835,
        0.014143973125287913,
        0.20965630575473299
      ],
      [
        0.008455135557752153,
        0.003575368256419617,
        0.21703861970409752
      ],
      [
        0.011689292510745714,
        -0.02374522315405336,
        0.17171975618713237
      ],
      [
        -0.0024774729169938087,
        -0.01317661828518506,
        0.16433744223776786
      ],
      [
        -0.017030473268568644,
        0.0030704002081976267,
        0.21552427384587866
      ],
      [
        -0.0028637078408291217,
        -0.007498204660670671,
        0.22290658779524317
      ],
      [
        0.0003704491121644532,
        -0.034818796071143646,
        0.17758772427827804
      ],
      [
        -0.013796316315575097,
        -0.024250191202275343,
        0.1702054103289135
      ]
    ],
    "model_matrix": [
      0.8833542267086811,
      0.06405620732526242,
      0.4643082084768812,
      -0.06101745556083025,
      -0.3676753407397187,
      -0.519673693092765,
      0.7712030190029463,
      -0.006362041066978498,
      0.29068910190758723,
      -0.8519601252467335,
      -0.43550406544799397,
      0.1976921614041727,
      0.0,
      0.0,
      0.0,
      1.0
    ],
    "view_matrix": [
      0.9684545149049206,
      0.2132737915785269,
      -0.128880341348066,
      0.08325752981112448,
      -0.21594157811361384,
      0.9763817022318456,
      -0.006928664275719906,
      -0.015932094016254533,
      0.12435870456898854,
      0.034540720498603975,
      0.9916359469207238,
      0.005391162555609992,
      0.0,
      0.0,
      0.0,
      1.0
    ],
    "camera_intrinsics": {
      "fx": 574.6865166982602,
      "fy": 574.6865166982602,
      "cx": 256.0,
      "cy": 256.0,
      "image_width": 512,
      "image_height": 512,
      "model": "SIMPLE_RADIAL",
      "dist": [
        0.056821433931220404,
        0.0,
        0.0,
        0.0
      ]
    },
    "visibility": [
      1.0,
      1.0,
      1.0,
      1.0,
      1.0,
      1.0,
      1.0,
      1.0,
      1.0
    ],
    "keypoints_2d_visibility": [
      1.0,
      1.0,
      1.0,
      1.0,
      1.0,
      1.0,
      1.0,
      1.0,
      1.0
    ],
    "pose_6dof": {
      "translation": [
        -0.06101745556083025,
        -0.006362041066978498,
        0.1976921614041727
      ],
      "rotation": [
        0.8833542267086811,
        0.06405620732526242,
        0.4643082084768812,
        -0.3676753407397187,
        -0.519673693092765,
        0.7712030190029463,
        0.29068910190758723,
        -0.8519601252467335,
        -0.43550406544799397
      ]
    },
    "pose_9dof": {
      "translation": [
        -0.06101745556083025,
        -0.006362041066978498,
        0.1976921614041727
      ],
      "rotation": [
        0.8833542267086811,
        0.06405620732526242,
        0.4643082084768812,
        -0.3676753407397187,
        -0.519673693092765,
        0.7712030190029463,
        0.29068910190758723,
        -0.8519601252467335,
        -0.43550406544799397
      ],
      "scale": [
        0.019154404475364005,
        0.05301578893767327,
        0.0168870744224814
      ]
    }
  },
  {
    "frame_id": 5,
    "image": "frame_000005.png",
    "keypoints_2d": [
      [
        0.4825950363036696,
        0.4377536642537919,
        0.19361183538775736
      ],
      [
        0.46776260557914406,
        0.5736260977094847,
        0.20968088954068578
      ],
      [
        0.5420523225871932,
        0.5162072765829822,
        0.21706372013211456
      ],
      [
        0.5744508211799212,
        0.3419398370786596,
        0.1717059224270676
      ],
      [
        0.4810170915261409,
        0.40753607222827504,
        0.16432309183563884
      ],
      [
        0.4094632921522117,
        0.513948991958898,
        0.21551774834844717
      ],
      [
        0.48375706391891593,
        0.4600202143628058,
        0.22290057893987592
      ],
      [
        0.5001088228328656,
        0.2768559090566578,
        0.17754278123482897
      ],
      [
        0.4066187542128786,
        0.3374553820536803,
        0.17015995064340017
      ]
    ],
    "keypoints_3d": [
      [
        -0.002998796036740692,
        -0.010724760372623725,
        0.19361183538775736
      ],
      [
        -0.006014751787642894,
        0.01373692603794293,
        0.20968088954068578
      ],
      [
        0.008123806475006726,
        0.00313097518392845,
        0.21706372013211456
      ],
      [
        0.01136323118507633,
        -0.02412430304946602,
        0.1717059224270676
      ],
      [
        -0.002775327077573289,
        -0.013518352195451541,
        0.16432309183563884
      ],
      [
        -0.017360823258557714,
        0.0026747823042185745,
        0.21551774834844717
      ],
      [
        -0.0032222649959080946,
        -0.007931168549795907,
        0.22290057893987592
      ],
      [
        1.715971416149653e-05,
        -0.03518644678319038,
        0.17754278123482897
      ],
      [
        -0.01412139854848811,
        -0.024580495929175897,
        0.17015995064340017
      ]
    ],
    "model_matrix": [
      0.8833542267086811,
      0.06405620732526242,
      0.4643082084768812,
      -0.06101745556083025,
      -0.3676753407397187,
      -0.519673693092765,
      0.7712030190029463,
      -0.006362041066978498,
      0.29068910190758723,
      -0.8519601252467335,
      -0.43550406544799397,
      0.1976921614041727,
      0.0,
      0.0,
      0.0,
      1.0
    ],
    "view_matrix": [
      0.9679086670646547,
      0.21500706013873486,
      -0.13009525860546142,
      0.08314722465126073,
      -0.21789921310110846,
      0.975936404766741,
      -0.008250259443525835,
      -0.016180456817339324,
      0.12519083493227914,
      0.036333152099235926,
      0.9914671738930607,
      0.00547652603240314,
      0.0,
      0.0,
      0.0,
      1.0
    ],
    "camera_intrinsics": {
      "fx": 575.2403500919286,
      "fy": 575.2403500919286,
      "cx": 256.0,
      "cy": 256.0,
      "image_width": 512,
      "image_height": 512,
      "model": "SIMPLE_RADIAL",
      "dist": [
        0.0547905821617542,
        0.0,
        0.0,
        0.0
      ]
    },
    "visibility": [
      1.0,
      1.0,
      1.0,
      1.0,
      1.0,
      1.0,
      1.0,
      1.0,
      1.0
    ],
    "keypoints_2d_visibility": [
      1.0,
      1.0,
      1.0,
      1.0,
      1.0,
      1.0,
      1.0,
      1.0,
      1.0
    ],
    "pose_6dof": {
      "translation": [
        -0.06101745556083025,
        -0.006362041066978498,
        0.1976921614041727
      ],
      "rotation": [
        0.8833542267086811,
        0.06405620732526242,
        0.4643082084768812,
        -0.3676753407397187,
        -0.519673693092765,
        0.7712030190029463,
        0.29068910190758723,
        -0.8519601252467335,
        -0.43550406544799397
      ]
    },
    "pose_9dof": {
      "translation": [
        -0.06101745556083025,
        -0.006362041066978498,
        0.1976921614041727
      ],
      "rotation": [
        0.8833542267086811,
        0.06405620732526242,
        0.4643082084768812,
        -0.3676753407397187,
        -0.519673693092765,
        0.7712030190029463,
        0.29068910190758723,
        -0.8519601252467335,
        -0.43550406544799397
      ],
      "scale": [
        0.019154404475364005,
        0.05301578893767327,
        0.0168870744224814
      ]
    }
  },
  {
    "frame_id": 6,
    "image": "frame_000006.png",
    "keypoints_2d": [
      [
        0.4770733511415964,
        0.4318844351447383,
        0.1929232811990103
      ],
      [
        0.462467783993498,
        0.5683645588915204,
        0.20905647908304867
      ],
      [
        0.5368686961693949,
        0.5107237666774646,
        0.21646859184743206
      ],
      [
        0.569057622048879,
        0.33525587346482333,
        0.1710391976477077
      ],
      [
        0.47536446563547036,
        0.4011203264404499,
        0.16362708488332436
      ],
      [
        0.4038770563131185,
        0.5086762455047509,
        0.2148073647503129
      ],
      [
        0.4783300448926907,
        0.4545258615793928,
        0.22221947751469626
      ],
      [
        0.4943313543377727,
        0.2700308196018294,
        0.17679008331497192
      ],
      [
        0.40050479575875286,
        0.33088360398217587,
        0.16937797055058856
      ]
    ],
    "keypoints_3d": [
      [
        -0.003936649409287313,
        -0.01169586971941811,
        0.1929232811990103
      ],
      [
        -0.006983165073144906,
        0.012719765862200024,
        0.20905647908304867
      ],
      [
        0.0071043255512098225,
        0.0020663906654547447,
        0.21646859184743206
      ],
      [
        0.010500570457920064,
        -0.025050200932008576,
        0.1710391976477077
      ],
      [
        -0.003586920166434665,
        -0.014396825735263295,
        0.16362708488332436
      ],
      [
        -0.018373869276494675,
        0.0016584614931723606,
        0.2148073647503129
      ],
      [
        -0.0042863786521399605,
        -0.008994913703572922,
        0.22221947751469626
      ],
      [
        -0.0008901337454297054,
        -0.03611150530103624,
        0.17679008331497192
      ],
      [
        -0.014977624369784448,
        -0.025458130104290957,
        0.16937797055058856
      ]
    ],
    "model_matrix": [
      0.8833542267086811,
      0.06405620732526242,
      0.4643082084768812,
      -0.06101745556083025,
      -0.3676753407397187,
      -0.519673693092765,
      0.7712030190029463,
      -0.006362041066978498,
      0.29068910190758723,
      -0.8519601252467335,
      -0.43550406544799397,
      0.1976921614041727,
      0.0,
      0.0,
      0.0,
      1.0
    ],
    "view_matrix": [
      0.9669702022451973,
      0.21648842956877304,
      -0.13454139821158642,
      0.08304050002508628,
      -0.21994181807212318,
      0.9754489586943497,
      -0.011177014146810786,
      -0.01670070541091919,
      0.12881857254686277,
      0.04039911935866086,
      0.9908449356594771,
      0.005158206634327212,
      0.0,
      0.0,
      0.0,
      1.0
    ],
    "camera_intrinsics": {
      "fx": 575.138363057857,
      "fy": 575.138363057857,
      "cx": 256.0,
      "cy": 256.0,
      "image_width": 512,
      "image_height": 512,
      "model": "SIMPLE_RADIAL",
      "dist": [
        0.05408809316032538,
        0.0,
        0.0,
        0.0
      ]
    },
    "visibility": [
      1.0,
      1.0,
      1.0,
      1.0,
      1.0,
      1.0,
      1.0,
      1.0,
      1.0
    ],
    "keypoints_2d_visibility": [
      1.0,
      1.0,
      1.0,
      1.0,
      1.0,
      1.0,
      1.0,
      1.0,
      1.0
    ],
    "pose_6dof": {
      "translation": [
        -0.06101745556083025,
        -0.006362041066978498,
        0.1976921614041727
      ],
      "rotation": [
        0.8833542267086811,
        0.06405620732526242,
        0.4643082084768812,
        -0.3676753407397187,
        -0.519673693092765,
        0.7712030190029463,
        0.29068910190758723,
        -0.8519601252467335,
        -0.43550406544799397
      ]
    },
    "pose_9dof": {
      "translation": [
        -0.06101745556083025,
        -0.006362041066978498,
        0.1976921614041727
      ],
      "rotation": [
        0.8833542267086811,
        0.06405620732526242,
        0.4643082084768812,
        -0.3676753407397187,
        -0.519673693092765,
        0.7712030190029463,
        0.29068910190758723,
        -0.8519601252467335,
        -0.43550406544799397
      ],
      "scale": [
        0.019154404475364005,
        0.05301578893767327,
        0.0168870744224814
      ]
    }
  },
  {
    "frame_id": 7,
    "image": "frame_000007.png",
    "keypoints_2d": [
      [
        0.4711120313241175,
        0.42667443185553133,
        0.19275248847250415
      ],
      [
        0.45677909276258283,
        0.5635360293610482,
        0.20894558122980894
      ],
      [
        0.5312024203238936,
        0.5057393947484982,
        0.21638985432246782
      ],
      [
        0.5630123655159913,
        0.32948225931071956,
        0.17089441382116125
      ],
      [
        0.4692255990841762,
        0.3955247767768336,
        0.1634501407285024
      ],
      [
        0.3979725545376383,
        0.5039070043391525,
        0.21461056312384705
      ],
      [
        0.47249846204934476,
        0.4495902293461819,
        0.2220548362165059
      ],
      [
        0.48804846101908655,
        0.2641886128352099,
        0.17655939571519932
      ],
      [
        0.3940469564889115,
        0.32522931232170116,
        0.16911512262254044
      ]
    ],
    "keypoints_3d": [
      [
        -0.004951146485109775,
        -0.012567364395207685,
        0.19275248847250415
      ],
      [
        -0.008030115530483536,
        0.011804510565102604,
        0.20894558122980894
      ],
      [
        0.006005028226969189,
        0.001104569040243919,
        0.21638985432246782
      ],
      [
        0.009563635387470099,
        -0.025880150438624565,
        0.17089441382116125
      ],
      [
        -0.004471508369982641,
        -0.015180208913765874,
        0.1634501407285024
      ],
      [
        -0.019465928357689635,
        0.0007454216482091942,
        0.21461056312384705
      ],
      [
        -0.00543078460023691,
        -0.009954519876649498,
        0.2220548362165059
      ],
      [
        -0.0018721774397360003,
        -0.036939239355517975,
        0.17655939571519932
      ],
      [
        -0.01590732119718874,
        -0.026239297830659286,
        0.16911512262254044
      ]
    ],
    "model_matrix": [
      0.8833542267086811,
      0.06405620732526242,
      0.4643082084768812,
      -0.06101745556083025,
      -0.3676753407397187,
      -0.519673693092765,
      0.7712030190029463,
      -0.006362041066978498,
      0.29068910190758723,
      -0.8519601252467335,
      -0.43550406544799397,
      0.1976921614041727,
      0.0,
      0.0,
      0.0,
      1.0
    ],
    "view_matrix": [
      0.9659925232941672,
      0.21796176275842136,
      -0.13910828485395652,
      0.08287855856479245,
      -0.22199092250443128,
      0.9749489968034791,
      -0.013945750518391942,
      -0.017153054525772045,
      0.13258384239943963,
      0.044352267215231396,
      0.9901789742907436,
      0.005373966525129114,
      0.0,
      0.0,
      0.0,
      1.0
    ],
    "camera_intrinsics": {
      "fx": 575.6526656348019,
      "fy": 575.6526656348019,
      "cx": 256.0,
      "cy": 256.0,
      "image_width": 512,
      "image_height": 512,
      "model": "SIMPLE_RADIAL",
      "dist": [
        0.05658505658105567,
        0.0,
        0.0,
        0.0
      ]
    },
    "visibility": [
      1.0,
      1.0,
      1.0,
      1.0,
      1.0,
      1.0,
      1.0,
      1.0,
      1.0
    ],
    "keypoints_2d_visibility": [
      1.0,
      1.0,
      1.0,
      1.0,
      1.0,
      1.0,
      1.0,
      1.0,
      1.0
    ],
    "pose_6dof": {
      "translation": [
        -0.06101745556083025,
        -0.006362041066978498,
        0.1976921614041727
      ],
      "rotation": [
        0.8833542267086811,
        0.06405620732526242,
        0.4643082084768812,
        -0.3676753407397187,
        -0.519673693092765,
        0.7712030190029463,
        0.29068910190758723,
        -0.8519601252467335,
        -0.43550406544799397
      ]
    },
    "pose_9dof": {
      "translation": [
        -0.06101745556083025,
        -0.006362041066978498,
        0.1976921614041727
      ],
      "rotation": [
        0.8833542267086811,
        0.06405620732526242,
        0.4643082084768812,
        -0.3676753407397187,
        -0.519673693092765,
        0.7712030190029463,
        0.29068910190758723,
        -0.8519601252467335,
        -0.43550406544799397
      ],
      "scale": [
        0.019154404475364005,
        0.05301578893767327,
        0.0168870744224814
      ]
    }
  },
  {
    "frame_id": 8,
    "image": "frame_000008.png",
    "keypoints_2d": [
      [
        0.46952635108708135,
        0.42530271889998034,
        0.19180660397998353
      ],
      [
        0.4553933978942243,
        0.5623727433621201,
        0.2080252447118977
      ],
      [
        0.5298386225242588,
        0.5044185070732432,
        0.21546988341282655
      ],
      [
        0.5614397862135568,
        0.3277369941508579,
        0.16994632297187476
      ],
      [
        0.4674944507677022,
        0.39401338182462053,
        0.1625016842709459
      ],
      [
        0.39645760719086176,
        0.5027480673132522,
        0.2136668849880923
      ],
      [
        0.47101747257489046,
        0.44828562750514805,
        0.22111152368902115
      ],
      [
        0.48624233534461037,
        0.26240407888442585,
        0.17558796324806938
      ],
      [
        0.3920629742229552,
        0.3236457611501956,
        0.1681433245471405
      ]
    ],
    "keypoints_3d": [
      [
        -0.005214340306811713,
        -0.01278143765330175,
        0.19180660397998353
      ],
      [
        -0.008278243195404628,
        0.011575343423195491,
        0.2080252447118977
      ],
      [
        0.0057369425554848474,
        0.0008495271938103385,
        0.21546988341282655
      ],
      [
        0.009304114533168928,
        -0.026086593639460268,
        0.16994632297187476
      ],
      [
        -0.004711071217720547,
        -0.015360777410075117,
        0.1625016842709459
      ],
      [
        -0.01973279514679234,
        0.0005237183328567659,
        0.2136668849880923
      ],
      [
        -0.005717609395902878,
        -0.010202097896528383,
        0.22111152368902115
      ],
      [
        -0.002150437418218798,
        -0.037138218729798986,
        0.17558796324806938
      ],
      [
        -0.016165623169108273,
        -0.02641240250041384,
        0.1681433245471405
      ]
    ],
    "model_matrix": [
      0.8833542267086811,
      0.06405620732526242,
      0.4643082084768812,
      -0.06101745556083025,
      -0.3676753407397187,
      -0.519673693092765,
      0.7712030190029463,
      -0.006362041066978498,
      0.29068910190758723,
      -0.8519601252467335,
      -0.43550406544799397,
      0.1976921614041727,
      0.0,
      0.0,
      0.0,
      1.0
    ],
    "view_matrix": [
      0.9655976874360785,
      0.21911669196654654,
      -0.14003207246818475,
      0.0827812461408525,
      -0.2233306983782593,
      0.9746284349787353,
      -0.014926918395309697,
      -0.017256947727914196,
      0.13320850265646086,
      0.045686858422732804,
      0.9900344467681339,
      0.004503259894478776,
      0.0,
      0.0,
      0.0,
      1.0
    ],
    "camera_intrinsics": {
      "fx": 573.7701169780862,
      "fy": 573.7701169780862,
      "cx": 256.0,
      "cy": 256.0,
      "image_width": 512,
      "image_height": 512,
      "model": "SIMPLE_RADIAL",
      "dist": [
        0.05365599050808804,
        0.0,
        0.0,
        0.0
      ]
    },
    "visibility": [
      1.0,
      1.0,
      1.0,
      1.0,
      1.0,
      1.0,
      1.0,
      1.0,
      1.0
    ],
    "keypoints_2d_visibility": [
      1.0,
      1.0,
      1.0,
      1.0,
      1.0,
      1.0,
      1.0,
      1.0,
      1.0
    ],
    "pose_6dof": {
      "translation": [
        -0.06101745556083025,
        -0.006362041066978498,
        0.1976921614041727
      ],
      "rotation": [
        0.8833542267086811,
        0.06405620732526242,
        0.4643082084768812,
        -0.3676753407397187,
        -0.519673693092765,
        0.7712030190029463,
        0.29068910190758723,
        -0.8519601252467335,
        -0.43550406544799397
      ]
    },
    "pose_9dof": {
      "translation": [
        -0.06101745556083025,
        -0.006362041066978498,
        0.1976921614041727
      ],
      "rotation": [
        0.8833542267086811,
        0.06405620732526242,
        0.4643082084768812,
        -0.3676753407397187,
        -0.519673693092765,
        0.7712030190029463,
        0.29068910190758723,
        -0.8519601252467335,
        -0.43550406544799397
      ],
      "scale": [
        0.019154404475364005,
        0.05301578893767327,
        0.0168870744224814
      ]
    }
  },
  {
    "frame_id": 9,
    "image": "frame_000009.png",
    "keypoints_2d": [
      [
        0.46680956343041247,
        0.4215781146211829,
        0.19116304367476586
      ],
      [
        0.4526491254925445,
        0.559403657018542,
        0.20738294788613781
      ],
      [
        0.5272497788707154,
        0.5012622169024078,
        0.21487242703383722
      ],
      [
        0.5591876219244023,
        0.3231427167406291,
        0.16934829305001112
      ],
      [
        0.4649912924736308,
        0.38957864267737763,
        0.16185881390231172
      ],
      [
        0.393390397000682,
        0.49969101659443776,
        0.2129777942995206
      ],
      [
        0.4681421913659238,
        0.4450577575666552,
        0.22046727344721997
      ],
      [
        0.4835646842269928,
        0.2576827579936757,
        0.1749431394633939
      ],
      [
        0.38907453198881115,
        0.3190511373290945,
        0.16745366031569447
      ]
    ],
    "keypoints_3d": [
      [
        -0.005657161717792708,
        -0.013366660208642288,
