[
  {
    "frame_id": 0,
    "image": "frame_000000.png",
    "keypoints_2d": [
      [
        0.4770840274955296,
        0.3231354569346637,
        0.31274507390441014
      ],
      [
        0.45803857599392717,
        0.47551055902637024,
        0.30207516126652734
      ],
      [
        0.5663021517694116,
        0.4510697309210524,
        0.3049095355991601
      ],
      [
        0.498730116062446,
        0.15840032925716313,
        0.30821324694521834
      ],
      [
        0.38940812833078475,
        0.18030693991462238,
        0.3053788726125855
      ],
      [
        0.4562220727888336,
        0.47950214859360946,
        0.317276900863602
      ],
      [
        0.5593466926649376,
        0.45619659306730453,
        0.3201112751962348
      ],
      [
        0.49498526809182525,
        0.17780612424455317,
        0.32341498654229295
      ],
      [
        0.3909752079723599,
        0.19876365966930637,
        0.32058061220966017
      ]
    ],
    "keypoints_3d": [
      [
        -0.006860281037972496,
        -0.052947369824435805,
        0.31274507390441014
      ],
      [
        -0.012183047578256766,
        -0.007110245460293783,
        0.30207516126652734
      ],
      [
        0.019418675201150745,
        -0.0143307717380501,
        0.3049095355991601
      ],
      [
        -0.00037042242140026063,
        -0.09964389141721712,
        0.30821324694521834
      ],
      [
        -0.03197214520080778,
        -0.0924233651394608,
        0.3053788726125855
      ],
      [
        -0.013350139654544731,
        -0.006250848231654518,
        0.317276900863602
      ],
      [
        0.01825158312486279,
        -0.013471374509410834,
        0.3201112751962348
      ],
      [
        -0.0015375144976882277,
        -0.0987844941885778,
        0.32341498654229295
      ],
      [
        -0.03313923727709574,
        -0.09156396791082154,
        0.32058061220966017
      ]
    ],
    "model_matrix": [
      0.863015785532911,
      -0.49980272683462545,
      0.07349141560539757,
      -0.02028310412776655,
      -0.497077227386382,
      -0.8660910434357117,
      -0.052920076457872535,
      -0.10231206743937928,
      0.090099855343278,
      0.009139952248930399,
      -0.9958907958897942,
      0.35569424969575386,
      0.0,
      0.0,
      0.0,
      1.0
    ],
    "view_matrix": [
      0.9566077515496848,
      -0.2912295344070675,
      0.009325661590432861,
      -0.02057068637078205,
      0.2908925001305394,
      0.9563702727650685,
      0.02715611789399903,
      0.04114177791090008,
      -0.01682744908952977,
      -0.023264987863984215,
      0.9995877036542756,
      -0.04552412626140292,
      0.0,
      0.0,
      0.0,
      1.0
    ],
    "camera_intrinsics": {
      "fx": 532.5190796298001,
      "fy": 532.5190796298001,
      "cx": 256.0,
      "cy": 256.0,
      "image_width": 512,
      "image_height": 512,
      "model": "SIMPLE_RADIAL",
      "dist": [
        0.15216446619315482,
        0.0,
        0.0,
        0.0
      ]
    },
    "visibility": [
      1.0,
      1.0,
      1.0,
      1.0,
      1.0,
      1.0,
      1.0,
      1.0,
      1.0
    ],
    "keypoints_2d_visibility": [
      1.0,
      1.0,
      1.0,
      1.0,
      1.0,
      1.0,
      1.0,
      1.0,
      1.0
    ],
    "pose_6dof": {
      "translation": [
        -0.02028310412776655,
        -0.10231206743937928,
        0.35569424969575386
      ],
      "rotation": [
        0.863015785532911,
        -0.49980272683462545,
        0.07349141560539757,
        -0.497077227386382,
        -0.8660910434357117,
        -0.052920076457872535,
        0.090099855343278,
        0.009139952248930399,
        -0.9958907958897942
      ]
    },
    "pose_9dof": {
      "translation": [
        -0.02028310412776655,
        -0.10231206743937928,
        0.35569424969575386
      ],
      "rotation": [
        0.863015785532911,
        -0.49980272683462545,
        0.07349141560539757,
        -0.497077227386382,
        -0.8660910434357117,
        -0.052920076457872535,
        0.090099855343278,
        0.009139952248930399,
        -0.9958907958897942
      ],
      "scale": [
        0.03253979963389293,
        0.08764046601188381,
        0.015270676287868224
      ]
    }
  },
  {
    "frame_id": 1,
    "image": "frame_000001.png",
    "keypoints_2d": [
      [
        0.4756189945273888,
        0.3235469074175653,
        0.31360655436545337
      ],
      [
        0.45733148318820727,
        0.4756838033840664,
        0.3029335701838326
      ],
      [
        0.5652404155872133,
        0.4507826362634425,
        0.3057744996267625
      ],
      [
        0.49641807035734115,
        0.1590835501618933,
        0.3090780674894569
      ],
      [
        0.3874370288544827,
        0.18145719054650045,
        0.30623713804652697
      ],
      [
        0.4555549501729702,
        0.47967854774243823,
        0.31813504124144976
      ],
      [
        0.5583556964516551,
        0.4559312043921102,
        0.32097597068437966
      ],
      [
        0.4927966603289723,
        0.17842574675069195,
        0.32427953854707403
      ],
      [
        0.38909724845722826,
        0.1998305230182052,
        0.3214386091041441
      ]
    ],
    "keypoints_3d": [
      [
        -0.00731447629354136,
        -0.052937191785062836,
        0.31360655436545337
      ],
      [
        -0.012415836661027324,
        -0.007075613308344858,
        0.3029335701838326
      ],
      [
        0.019150429034185523,
        -0.01444708196603467,
        0.3057744996267625
      ],
      [
        -0.0010471508694200292,
        -0.0996644246151624,
        0.3090780674894569
      ],
      [
        -0.03261341656463288,
        -0.09229295595747258,
        0.30623713804652697
      ],
      [
        -0.013581801717662698,
        -0.00620995895496327,
        0.31813504124144976
      ],
      [
        0.017984463977550155,
        -0.013581427612653095,
        0.32097597068437966
      ],
      [
        -0.0022131159260554006,
        -0.0987987702617808,
        0.32427953854707403
      ],
      [
        -0.03377938162126824,
        -0.09142730160409096,
        0.3214386091041441
      ]
    ],
    "model_matrix": [
      0.863015785532911,
      -0.49980272683462545,
      0.07349141560539757,
      -0.02028310412776655,
      -0.497077227386382,
      -0.8660910434357117,
      -0.052920076457872535,
      -0.10231206743937928,
      0.090099855343278,
      0.009139952248930399,
      -0.9958907958897942,
      0.35569424969575386,
      0.0,
      0.0,
      0.0,
      1.0
    ],
    "view_matrix": [
      0.9579914639689795,
      -0.2866472349430149,
      0.009258383341349593,
      -0.02050406062514538,
      0.28631291102074374,
      0.9577512497891516,
      0.027156224151119308,
      0.041200320486870244,
      -0.01665148478061571,
      -0.02336463624459278,
      0.9995883261762109,
      -0.04466949335726897,
      0.0,
      0.0,
      0.0,
      1.0
    ],
    "camera_intrinsics": {
      "fx": 532.8455127160433,
      "fy": 532.8455127160433,
      "cx": 256.0,
      "cy": 256.0,
      "image_width": 512,
      "image_height": 512,
      "model": "SIMPLE_RADIAL",
      "dist": [
        0.15275680569228794,
        0.0,
        0.0,
        0.0
      ]
    },
    "visibility": [
      1.0,
      1.0,
      1.0,
      1.0,
      1.0,
      1.0,
      1.0,
      1.0,
      1.0
    ],
    "keypoints_2d_visibility": [
      1.0,
      1.0,
      1.0,
      1.0,
      1.0,
      1.0,
      1.0,
      1.0,
      1.0
    ],
    "pose_6dof": {
      "translation": [
        -0.02028310412776655,
        -0.10231206743937928,
        0.35569424969575386
      ],
      "rotation": [
        0.863015785532911,
        -0.49980272683462545,
        0.07349141560539757,
        -0.497077227386382,
        -0.8660910434357117,
        -0.052920076457872535,
        0.090099855343278,
        0.009139952248930399,
        -0.9958907958897942
      ]
    },
    "pose_9dof": {
      "translation": [
        -0.02028310412776655,
        -0.10231206743937928,
        0.35569424969575386
      ],
      "rotation": [
        0.863015785532911,
        -0.49980272683462545,
        0.07349141560539757,
        -0.497077227386382,
        -0.8660910434357117,
        -0.052920076457872535,
        0.090099855343278,
        0.009139952248930399,
        -0.9958907958897942
      ],
      "scale": [
        0.03253979963389293,
        0.08764046601188381,
        0.015270676287868224
      ]
    }
  },
  {
    "frame_id": 2,
    "image": "frame_000002.png",
    "keypoints_2d": [
      [
        0.47458966579858164,
        0.3233019932772134,
        0.3142054506658578
      ],
      [
        0.45660032706231957,
        0.4751343221408459,
        0.3035383544479795
      ],
      [
        0.564236518369018,
        0.4500751109137777,
        0.30635583765208796
      ],
      [
        0.4949853283389626,
        0.15912923980351096,
        0.3096701860625358
      ],
      [
        0.38627580233512,
        0.18169198631786043,
        0.30685270285842736
      ],
      [
        0.45490515190637243,
        0.4791523032779397,
        0.3187407152691798
      ],
      [
        0.5574544330427608,
        0.4552524408942588,
        0.3215581984732883
      ],
      [
        0.4914824655607927,
        0.17844077185955048,
        0.3248725468837361
      ],
      [
        0.38803327771099166,
        0.20002625682468017,
        0.3220550636796277
      ]
    ],
    "keypoints_3d": [
      [
        -0.007639572394293128,
        -0.05312394569807258,
        0.3142054506658578
      ],
      [
        -0.012656911793996847,
        -0.007251729565178479,
        0.3035383544479795
      ],
      [
        0.018896602568136623,
        -0.014686518062841644,
        0.30635583765208796
      ],
      [
        -0.00146912638605904,
        -0.09986341317849608,
        0.3096701860625358
      ],
      [
        -0.033022640748192514,
        -0.09242862468083289,
        0.30685270285842736
      ],
      [
        -0.013810018402527213,
        -0.006384478217649071,
        0.3187407152691798
      ],
      [
        0.017743495959606257,
        -0.013819266715312244,
        0.3215581984732883
      ],
      [
        -0.0026222329945894095,
        -0.09899616183096667,
        0.3248725468837361
      ],
      [
        -0.03417574735672287,
        -0.09156137333330351,
        0.3220550636796277
      ]
    ],
    "model_matrix": [
      0.863015785532911,
      -0.49980272683462545,
      0.07349141560539757,
      -0.02028310412776655,
      -0.497077227386382,
      -0.8660910434357117,
      -0.052920076457872535,
      -0.10231206743937928,
      0.090099855343278,
      0.009139952248930399,
      -0.9958907958897942,
      0.35569424969575386,
      0.0,
      0.0,
      0.0,
      1.0
    ],
    "view_matrix": [
      0.9585503258388415,
      -0.2847461827429884,
      0.01004411507040565,
      -0.020902800949331547,
      0.28439519858277745,
      0.9583243411085225,
      0.027089264699852792,
      0.041057120662288796,
      -0.017339084673462145,
      -0.023109925404742233,
      0.9995825566157474,
      -0.04405643152498486,
      0.0,
      0.0,
      0.0,
      1.0
    ],
    "camera_intrinsics": {
      "fx": 532.7073090757364,
      "fy": 532.7073090757364,
      "cx": 256.0,
      "cy": 256.0,
      "image_width": 512,
      "image_height": 512,
      "model": "SIMPLE_RADIAL",
      "dist": [
        0.15315257116349404,
        0.0,
        0.0,
        0.0
      ]
    },
    "visibility": [
      1.0,
      1.0,
      1.0,
      1.0,
      1.0,
      1.0,
      1.0,
      1.0,
      1.0
    ],
    "keypoints_2d_visibility": [
      1.0,
      1.0,
      1.0,
      1.0,
      1.0,
      1.0,
      1.0,
      1.0,
      1.0
    ],
    "pose_6dof": {
      "translation": [
        -0.02028310412776655,
        -0.10231206743937928,
        0.35569424969575386
      ],
      "rotation": [
        0.863015785532911,
        -0.49980272683462545,
        0.07349141560539757,
        -0.497077227386382,
        -0.8660910434357117,
        -0.052920076457872535,
        0.090099855343278,
        0.009139952248930399,
        -0.9958907958897942
      ]
    },
    "pose_9dof": {
      "translation": [
        -0.02028310412776655,
        -0.10231206743937928,
        0.35569424969575386
      ],
      "rotation": [
        0.863015785532911,
        -0.49980272683462545,
        0.07349141560539757,
        -0.497077227386382,
        -0.8660910434357117,
        -0.052920076457872535,
        0.090099855343278,
        0.009139952248930399,
        -0.9958907958897942
      ],
      "scale": [
        0.03253979963389293,
        0.08764046601188381,
        0.015270676287868224
      ]
    }
  },
  {
    "frame_id": 3,
    "image": "frame_000003.png",
    "keypoints_2d": [
      [
        0.4727580061923808,
        0.32409869740552044,
        0.31533324730884416
      ],
      [
        0.4553382746394972,
        0.476075942855819,
        0.3046621066775301
      ],
      [
        0.5629032602863229,
        0.45062808605170834,
        0.3075439125561683
      ],
      [
        0.4925820703619289,
        0.15996676027715778,
        0.31080432862145985
      ],
      [
        0.38394536054570605,
        0.1828500543871296,
        0.30792252274282156
      ],
      [
        0.45360037782214735,
        0.48005330737066076,
        0.31986216599622846
      ],
      [
        0.5561029510635853,
        0.45577767678397285,
        0.32274397187486675
      ],
      [
        0.4891009260279235,
        0.17916772441964002,
        0.32600438794015824
      ],
      [
        0.3856966621495751,
        0.20106735335126652,
        0.32312258206152
      ]
    ],
    "keypoints_3d": [
      [
        -0.008187319663392915,
        -0.052865447504265715,
        0.31533324730884416
      ],
      [
        -0.013019755015855467,
        -0.006974324446453864,
        0.3046621066775301
      ],
      [
        0.018501276116601177,
        -0.01452140013418387,
        0.3075439125561683
      ],
      [
        -0.0021733701519493394,
        -0.09962592393589667,
        0.31080432862145985
      ],
      [
        -0.03369440128440599,
        -0.09207884824816664,
        0.30792252274282156
      ],
      [
        -0.014201269174836492,
        -0.006104971072634774,
        0.31986216599622846
      ],
      [
        0.01731976195762016,
        -0.013652046760364786,
        0.32274397187486675
      ],
      [
        -0.0033548843109303637,
        -0.09875657056207757,
        0.32600438794015824
      ],
      [
        -0.034875915443387015,
        -0.09120949487434757,
        0.32312258206152
      ]
    ],
    "model_matrix": [
      0.863015785532911,
      -0.49980272683462545,
      0.07349141560539757,
      -0.02028310412776655,
      -0.497077227386382,
      -0.8660910434357117,
      -0.052920076457872535,
      -0.10231206743937928,
      0.090099855343278,
      0.009139952248930399,
      -0.9958907958897942,
      0.35569424969575386,
      0.0,
      0.0,
      0.0,
      1.0
    ],
    "view_matrix": [
      0.9595872413186781,
      -0.2812955957531985,
      0.00806933133921728,
      -0.02037406044740086,
      0.280994293402108,
      0.9593317257278425,
      0.026922984371898027,
      0.04140885050178778,
      -0.01531448248746818,
      -0.02356751624360467,
      0.9996049413664622,
      -0.042942348856918174,
      0.0,
      0.0,
      0.0,
      1.0
    ],
    "camera_intrinsics": {
      "fx": 534.894558120169,
      "fy": 534.894558120169,
      "cx": 256.0,
      "cy": 256.0,
      "image_width": 512,
      "image_height": 512,
      "model": "SIMPLE_RADIAL",
      "dist": [
        0.14982666746992182,
        0.0,
        0.0,
        0.0
      ]
    },
    "visibility": [
      1.0,
      1.0,
      1.0,
      1.0,
      1.0,
      1.0,
      1.0,
      1.0,
      1.0
    ],
    "keypoints_2d_visibility": [
      1.0,
      1.0,
      1.0,
      1.0,
      1.0,
      1.0,
      1.0,
      1.0,
      1.0
    ],
    "pose_6dof": {
      "translation": [
        -0.02028310412776655,
        -0.10231206743937928,
        0.35569424969575386
      ],
      "rotation": [
        0.863015785532911,
        -0.49980272683462545,
        0.07349141560539757,
        -0.497077227386382,
        -0.8660910434357117,
        -0.052920076457872535,
        0.090099855343278,
        0.009139952248930399,
        -0.9958907958897942
      ]
    },
    "pose_9dof": {
      "translation": [
        -0.02028310412776655,
        -0.10231206743937928,
        0.35569424969575386
      ],
      "rotation": [
        0.863015785532911,
        -0.49980272683462545,
        0.07349141560539757,
        -0.497077227386382,
        -0.8660910434357117,
        -0.052920076457872535,
        0.090099855343278,
        0.009139952248930399,
        -0.9958907958897942
      ],
      "scale": [
        0.03253979963389293,
        0.08764046601188381,
        0.015270676287868224
      ]
    }
  },
  {
    "frame_id": 4,
    "image": "frame_000004.png",
    "keypoints_2d": [
      [
        0.4700263225075564,
        0.32887839256238205,
        0.3169953900741668
      ],
      [
        0.45352005938986045,
        0.4802198119112528,
        0.30604510063169066
      ],
      [
        0.5605691723905465,
        0.4542838362200864,
        0.3090382978941499
      ],
      [
        0.4888337335929857,
        0.1657269138583622,
        0.3127535317731741
      ],
      [
        0.38086085850189183,
        0.18896124436430972,
        0.30976033451071483
      ],
      [
        0.45178136975037675,
        0.4843001189974742,
        0.3212372483751596
      ],
      [
        0.5538199748510375,
        0.4595499687091002,
        0.3242304456376188
      ],
      [
        0.48546149732904403,
        0.18483809398758672,
        0.32794567951664305
      ],
      [
        0.38265456707059375,
        0.2070860131926795,
        0.3249524822541838
      ]
    ],
    "keypoints_3d": [
      [
        -0.009045101991022342,
        -0.05163905538555151,
        0.3169953900741668
      ],
      [
        -0.013592802688682105,
        -0.005784607086539752,
        0.30604510063169066
      ],
      [
        0.01787846808368381,
        -0.013494240432699228,
        0.3090382978941499
      ],
      [
        -0.0032889812581981086,
        -0.0984588648851607,
        0.3127535317731741
      ],
      [
        -0.03476025203056403,
        -0.09074923153900122,
        0.30976033451071483
      ],
      [
        -0.01480122272384658,
        -0.004819245885942333,
        0.3212372483751596
      ],
      [
        0.01667004804851934,
        -0.01252887923210181,
        0.3242304456376188
      ],
      [
        -0.004497401293362581,
        -0.09749350368456328,
        0.32794567951664305
      ],
      [
        -0.0359686720657285,
        -0.08978387033840382,
        0.3249524822541838
      ]
    ],
    "model_matrix": [
      0.863015785532911,
      -0.49980272683462545,
      0.07349141560539757,
      -0.02028310412776655,
      -0.497077227386382,
      -0.8660910434357117,
      -0.052920076457872535,
      -0.10231206743937928,
      0.090099855343278,
      0.009139952248930399,
      -0.9958907958897942,
      0.35569424969575386,
      0.0,
      0.0,
      0.0,
      1.0
    ],
    "view_matrix": [
      0.9612073860663682,
      -0.27575866197882404,
      0.006125464481040706,
      -0.019941063805052096,
      0.2754230886471589,
      0.9607651350439637,
      0.0327487026309999,
      0.04059672187984936,
      -0.014915871128401004,
      -0.029791200506241514,
      0.9994448464827251,
      -0.041851934190342326,
      0.0,
      0.0,
      0.0,
      1.0
    ],
    "camera_intrinsics": {
      "fx": 535.6229148707687,
      "fy": 535.6229148707687,
      "cx": 256.0,
      "cy": 256.0,
      "image_width": 512,
      "image_height": 512,
      "model": "SIMPLE_RADIAL",
      "dist": [
        0.15103132094636282,
        0.0,
        0.0,
        0.0
      ]
    },
    "visibility": [
      1.0,
      1.0,
      1.0,
      1.0,
      1.0,
      1.0,
      1.0,
      1.0,
      1.0
    ],
    "keypoints_2d_visibility": [
      1.0,
      1.0,
      1.0,
      1.0,
      1.0,
      1.0,
      1.0,
      1.0,
      1.0
    ],
    "pose_6dof": {
      "translation": [
        -0.02028310412776655,
        -0.10231206743937928,
        0.35569424969575386
      ],
      "rotation": [
        0.863015785532911,
        -0.49980272683462545,
        0.07349141560539757,
        -0.497077227386382,
        -0.8660910434357117,
        -0.052920076457872535,
        0.090099855343278,
        0.009139952248930399,
        -0.9958907958897942
      ]
    },
    "pose_9dof": {
      "translation": [
        -0.02028310412776655,
        -0.10231206743937928,
        0.35569424969575386
      ],
      "rotation": [
        0.863015785532911,
        -0.49980272683462545,
        0.07349141560539757,
        -0.497077227386382,
        -0.8660910434357117,
        -0.052920076457872535,
        0.090099855343278,
        0.009139952248930399,
        -0.9958907958897942
      ],
      "scale": [
        0.03253979963389293,
        0.08764046601188381,
        0.015270676287868224
      ]
    }
  },
  {
    "frame_id": 5,
    "image": "frame_000005.png",
    "keypoints_2d": [
      [
        0.4689492465058556,
        0.3312634250757212,
        0.3171222890077272
      ],
      [
        0.4528969222599275,
        0.48224108209039157,
        0.30599992066721987
      ],
      [
        0.5596947365900825,
        0.4560645784768668,
        0.3090488358028136
      ],
      [
        0.48725055064761646,
        0.1686308867867366,
        0.3130572128492586
      ],
      [
        0.37962752265517036,
        0.19202760153904042,
        0.3100082977136647
      ],
      [
        0.45115961943589145,
        0.4864136777185828,
        0.32118736516619584
      ],
      [
        0.5529611540655919,
        0.4614318649513601,
        0.3242362803017897
      ],
      [
        0.48393079383140025,
        0.18776414301293343,
        0.32824465734823455
      ],
      [
        0.381450452857392,
        0.21017224583452265,
        0.32519574221264075
      ]
    ],
    "keypoints_3d": [
      [
        -0.009390160964123585,
        -0.05102818517343504,
        0.3171222890077272
      ],
      [
        -0.01379567852003254,
        -0.0052012805553081215,
        0.30599992066721987
      ],
      [
        0.01765055351263682,
        -0.012990835591075396,
        0.3090488358028136
      ],
      [
        -0.00376592799120401,
        -0.09787969537970714,
        0.3130572128492586
      ],
      [
        -0.035212160023873375,
        -0.09009014034393986,
        0.3100082977136647
      ],
      [
        -0.01501439393704316,
        -0.004176674967162938,
        0.32118736516619584
      ],
      [
        0.016431838095626213,
        -0.01196623000293022,
        0.3242362803017897
      ],
      [
        -0.004984643408214631,
        -0.09685508979156193,
        0.32824465734823455
      ],
      [
        -0.03643087544088399,
        -0.08906553475579468,
        0.32519574221264075
      ]
    ],
    "model_matrix": [
      0.863015785532911,
      -0.49980272683462545,
      0.07349141560539757,
      -0.02028310412776655,
      -0.497077227386382,
      -0.8660910434357117,
      -0.052920076457872535,
      -0.10231206743937928,
      0.090099855343278,
      0.009139952248930399,
      -0.9958907958897942,
      0.35569424969575386,
      0.0,
      0.0,
      0.0,
      1.0
    ],
    "view_matrix": [
      0.9620130592694505,
      -0.27295083384205876,
      0.005358740519713237,
      -0.019709787218847225,
      0.27258622223502404,
      0.9614425960207095,
      0.03639898356543862,
      0.03992098013011842,
      -0.015087254311864326,
      -0.033555578699879685,
      0.9993229697627516,
      -0.042070301906886376,
      0.0,
      0.0,
      0.0,
      1.0
    ],
    "camera_intrinsics": {
      "fx": 534.7433746904729,
      "fy": 534.7433746904729,
      "cx": 256.0,
      "cy": 256.0,
      "image_width": 512,
      "image_height": 512,
      "model": "SIMPLE_RADIAL",
      "dist": [
        0.1508705212798973,
        0.0,
        0.0,
        0.0
      ]
    },
    "visibility": [
      1.0,
      1.0,
      1.0,
      1.0,
      1.0,
      1.0,
      1.0,
      1.0,
      1.0
    ],
    "keypoints_2d_visibility": [
      1.0,
      1.0,
      1.0,
      1.0,
      1.0,
      1.0,
      1.0,
      1.0,
      1.0
    ],
    "pose_6dof": {
      "translation": [
        -0.02028310412776655,
        -0.10231206743937928,
        0.35569424969575386
      ],
      "rotation": [
        0.863015785532911,
        -0.49980272683462545,
        0.07349141560539757,
        -0.497077227386382,
        -0.8660910434357117,
        -0.052920076457872535,
        0.090099855343278,
        0.009139952248930399,
        -0.9958907958897942
      ]
    },
    "pose_9dof": {
      "translation": [
        -0.02028310412776655,
        -0.10231206743937928,
        0.35569424969575386
      ],
      "rotation": [
        0.863015785532911,
        -0.49980272683462545,
        0.07349141560539757,
        -0.497077227386382,
        -0.8660910434357117,
        -0.052920076457872535,
        0.090099855343278,
        0.009139952248930399,
        -0.9958907958897942
      ],
      "scale": [
        0.03253979963389293,
        0.08764046601188381,
        0.015270676287868224
      ]
    }
  },
  {
    "frame_id": 6,
    "image": "frame_000006.png",
    "keypoints_2d": [
      [
        0.47429646627758093,
        0.3397705036061347,
        0.3181628276052656
      ],
      [
        0.45956832714629237,
        0.49012713256594626,
        0.3066512088148251
      ],
      [
        0.5658349046176924,
        0.4631608506120962,
        0.3096586109774418
      ],
      [
        0.4913130804133079,
        0.17820528887439513,
        0.3144924756502637
      ],
      [
        0.3845593627424504,
        0.20242861278094593,
        0.311485073487647
      ],
      [
        0.4577253817680314,
        0.4943829877117526,
        0.3218331795602674
      ],
      [
        0.5590306702665672,
        0.4686452310910187,
        0.32484058172288416
      ],
      [
        0.48801994592054027,
        0.19725310827306097,
        0.32967444639570603
      ],
      [
        0.38634277698785324,
        0.220446534755397,
        0.32666704423308934
      ]
    ],
    "keypoints_3d": [
      [
        -0.0078061657160692025,
        -0.048661713792367715,
        0.3181628276052656
      ],
      [
        -0.011875881468219482,
        -0.0028999295632041663,
        0.3066512088148251
      ],
      [
        0.019516190172753432,
        -0.010920648392093057,
        0.3096586109774418
      ],
      [
        -0.0025805244412422518,
        -0.09559189639492621,
        0.3144924756502637
      ],
      [
        -0.03397259608221518,
        -0.0875711775660373,
        0.311485073487647
      ],
      [
        -0.013031806990896153,
        -0.0017315311898092253,
        0.3218331795602674
      ],
      [
        0.01836026465007677,
        -0.009752250018698123,
        0.32484058172288416
      ],
      [
        -0.003736449963918925,
        -0.09442349802153127,
        0.32967444639570603
      ],
      [
        -0.03512852160489184,
        -0.08640277919264236,
        0.32666704423308934
      ]
    ],
    "model_matrix": [
      0.863015785532911,
      -0.49980272683462545,
      0.07349141560539757,
      -0.02028310412776655,
      -0.497077227386382,
      -0.8660910434357117,
      -0.052920076457872535,
      -0.10231206743937928,
      0.090099855343278,
      0.009139952248930399,
      -0.9958907958897942,
      0.35569424969575386,
      0.0,
      0.0,
      0.0,
      1.0
    ],
    "view_matrix": [
      0.9641537288703964,
      -0.26518360383380263,
      0.00923273323707565,
      -0.018665648118880877,
      0.2645223021138629,
      0.9633216493346596,
      0.04515918076685478,
      0.039200188238324725,
      -0.020869566111743346,
      -0.0410981286784209,
      0.9989371376765606,
      -0.04178150216934727,
      0.0,
      0.0,
      0.0,
      1.0
    ],
    "camera_intrinsics": {
      "fx": 534.3965177413553,
      "fy": 534.3965177413553,
      "cx": 256.0,
      "cy": 256.0,
      "image_width": 512,
      "image_height": 512,
      "model": "SIMPLE_RADIAL",
      "dist": [
        0.1548692111587583,
        0.0,
        0.0,
        0.0
      ]
    },
    "visibility": [
      1.0,
      1.0,
      1.0,
      1.0,
      1.0,
      1.0,
      1.0,
      1.0,
      1.0
    ],
    "keypoints_2d_visibility": [
      1.0,
      1.0,
      1.0,
      1.0,
      1.0,
      1.0,
      1.0,
      1.0,
      1.0
    ],
    "pose_6dof": {
      "translation": [
        -0.02028310412776655,
        -0.10231206743937928,
        0.35569424969575386
      ],
      "rotation": [
        0.863015785532911,
        -0.49980272683462545,
        0.07349141560539757,
        -0.497077227386382,
        -0.8660910434357117,
        -0.052920076457872535,
        0.090099855343278,
        0.009139952248930399,
        -0.9958907958897942
      ]
    },
    "pose_9dof": {
      "translation": [
        -0.02028310412776655,
        -0.10231206743937928,
        0.35569424969575386
      ],
      "rotation": [
        0.863015785532911,
        -0.49980272683462545,
        0.07349141560539757,
        -0.497077227386382,
        -0.8660910434357117,
        -0.052920076457872535,
        0.090099855343278,
        0.009139952248930399,
        -0.9958907958897942
      ],
      "scale": [
        0.03253979963389293,
        0.08764046601188381,
        0.015270676287868224
      ]
    }
  },
  {
    "frame_id": 7,
    "image": "frame_000007.png",
    "keypoints_2d": [
      [
        0.47681974990340825,
        0.34389452844245355,
        0.3185294017632043
      ],
      [
        0.4625411520396869,
        0.49408729206923035,
        0.3068166297658433
      ],
      [
        0.5686927361277865,
        0.4668499032205872,
        0.30982618187487093
      ],
      [
        0.4934403130579628,
        0.18272402349249706,
        0.31506436929686815
      ],
      [
        0.3869677710230476,
        0.2072045576745239,
        0.3120548171878404
      ],
      [
        0.4606213351974221,
        0.49838646582007373,
        0.32199443422954055
      ],
      [
        0.5618208352993842,
        0.4723886537132441,
        0.32500398633856825
      ],
      [
        0.49011473063904265,
        0.20174775678526757,
        0.3302421737605654
      ],
      [
        0.3886942482876136,
        0.22518676370929075,
        0.3272326216515377
      ]
    ],
    "keypoints_3d": [
      [
        -0.007047034342762782,
        -0.04745766825531161,
        0.3185294017632043
      ],
      [
        -0.011005773830226037,
        -0.0017372110930688328,
        0.3068166297658433
      ],
      [
        0.02036779660848826,
        -0.00982919689643378,
        0.30982618187487093
      ],
      [
        -0.0019520902723803302,
        -0.09441782098337625,
        0.31506436929686815
      ],
      [
        -0.033325660711094635,
        -0.0863258351800113,
        0.3120548171878404
      ],
      [
        -0.012141978413145234,
        -0.000497515527246993,
        0.32199443422954055
      ],
      [
        0.019231592025569073,
        -0.008589501330611947,
        0.32500398633856825
      ],
      [
        -0.0030882948552995258,
        -0.09317812541755438,
        0.3302421737605654
      ],
      [
        -0.03446186529401383,
        -0.08508613961418945,
        0.3272326216515377
      ]
    ],
    "model_matrix": [
      0.863015785532911,
      -0.49980272683462545,
      0.07349141560539757,
      -0.02028310412776655,
      -0.497077227386382,
      -0.8660910434357117,
      -0.052920076457872535,
      -0.10231206743937928,
      0.090099855343278,
      0.009139952248930399,
      -0.9958907958897942,
      0.35569424969575386,
      0.0,
      0.0,
      0.0,
      1.0
    ],
    "view_matrix": [
      0.9648408578256044,
      -0.2626271780271032,
      0.010444349279492914,
      -0.018061991287014918,
      0.26181785218128273,
      0.9638408844043542,
      0.04962017563262185,
      0.03881575292758183,
      -0.023098297546179133,
      -0.04514105572704807,
      0.9987135493915739,
      -0.04179424476074857,
      0.0,
      0.0,
      0.0,
      1.0
    ],
    "camera_intrinsics": {
      "fx": 534.5559081742216,
      "fy": 534.5559081742216,
      "cx": 256.0,
      "cy": 256.0,
      "image_width": 512,
      "image_height": 512,
      "model": "SIMPLE_RADIAL",
      "dist": [
        0.1563791497371978,
        0.0,
        0.0,
        0.0
      ]
    },
    "visibility": [
      1.0,
      1.0,
      1.0,
      1.0,
      1.0,
      1.0,
      1.0,
      1.0,
      1.0
    ],
    "keypoints_2d_visibility": [
      1.0,
      1.0,
      1.0,
      1.0,
      1.0,
      1.0,
      1.0,
      1.0,
      1.0
    ],
    "pose_6dof": {
      "translation": [
        -0.02028310412776655,
        -0.10231206743937928,
        0.35569424969575386
      ],
      "rotation": [
        0.863015785532911,
        -0.49980272683462545,
        0.07349141560539757,
        -0.497077227386382,
        -0.8660910434357117,
        -0.052920076457872535,
        0.090099855343278,
        0.009139952248930399,
        -0.9958907958897942
      ]
    },
    "pose_9dof": {
      "translation": [
        -0.02028310412776655,
        -0.10231206743937928,
        0.35569424969575386
      ],
      "rotation": [
        0.863015785532911,
        -0.49980272683462545,
        0.07349141560539757,
        -0.497077227386382,
        -0.8660910434357117,
        -0.052920076457872535,
        0.090099855343278,
        0.009139952248930399,
        -0.9958907958897942
      ],
      "scale": [
        0.03253979963389293,
        0.08764046601188381,
        0.015270676287868224
      ]
    }
  },
  {
    "frame_id": 8,
    "image": "frame_000008.png",
    "keypoints_2d": [
      [
        0.4764748885158453,
        0.3430084930115459,
        0.31796527078895465
      ],
      [
        0.4645879530903174,
        0.4934408154246148,
        0.3062479958335637
      ],
      [
        0.5703330332448978,
        0.46460171294014646,
        0.3093029885011944
      ],
      [
        0.4907266024888946,
        0.18145179508142167,
        0.31450637731346853
      ],
      [
        0.3845882437451253,
        0.20751595373067105,
        0.31145138464583777
      ],
      [
        0.4625622795235151,
        0.4978277810373233,
        0.3214241642644407
      ],
      [
        0.5633667819828455,
        0.47030464686672785,
        0.32447915693207147
      ],
      [
        0.4875182235956404,
        0.20062285342637248,
        0.3296825457443455
      ],
      [
        0.3864264178358897,
        0.22556862278772544,
        0.3266275530767148
      ]
    ],
    "keypoints_3d": [
      [
        -0.007148004237264083,
        -0.04770119614199498,
        0.31796527078895465
      ],
      [
        -0.010398750015391652,
        -0.0019261050025772691,
        0.3062479958335637
      ],
      [
        0.020844619803908088,
        -0.010490999768245628,
        0.3093029885011944
      ],
      [
        -0.0027578119029811384,
        -0.09473292071711012,
        0.31450637731346853
      ],
      [
        -0.03400118172228088,
        -0.08616802595144174,
        0.31145138464583777
      ],
      [
        -0.011538196571547026,
        -0.0006694715668798673,
        0.3214241642644407
      ],
      [
        0.01970517324775272,
        -0.009234366332548226,
        0.32447915693207147
      ],
      [
        -0.0038972584591365125,
        -0.09347628728141269,
        0.3296825457443455
      ],
      [
        -0.03514062827843625,
        -0.08491139251574434,
        0.3266275530767148
      ]
    ],
    "model_matrix": [
      0.863015785532911,
      -0.49980272683462545,
      0.07349141560539757,
      -0.02028310412776655,
      -0.497077227386382,
      -0.8660910434357117,
      -0.052920076457872535,
      -0.10231206743937928,
      0.090099855343278,
      0.009139952248930399,
      -0.9958907958897942,
      0.35569424969575386,
      0.0,
      0.0,
      0.0,
      1.0
    ],
    "view_matrix": [
      0.968717492744193,
      -0.24797495421824714,
      0.00973865143962166,
      -0.016334219017663666,
      0.24721671016112737,
      0.9676974974598392,
      0.04945150783417691,
      0.038730640777955426,
      -0.02168680401795884,
      -0.04549698331123448,
      0.9987290458583168,
      -0.04237167395589756,
      0.0,
      0.0,
      0.0,
      1.0
    ],
    "camera_intrinsics": {
      "fx": 533.8655359072922,
      "fy": 533.8655359072922,
      "cx": 256.0,
      "cy": 256.0,
      "image_width": 512,
      "image_height": 512,
      "model": "SIMPLE_RADIAL",
      "dist": [
        0.1568457097823748,
        0.0,
        0.0,
        0.0
      ]
    },
    "visibility": [
      1.0,
      1.0,
      1.0,
      1.0,
      1.0,
      1.0,
      1.0,
      1.0,
      1.0
    ],
    "keypoints_2d_visibility": [
      1.0,
      1.0,
      1.0,
      1.0,
      1.0,
      1.0,
      1.0,
      1.0,
      1.0
    ],
    "pose_6dof": {
      "translation": [
        -0.02028310412776655,
        -0.10231206743937928,
        0.35569424969575386
      ],
      "rotation": [
        0.863015785532911,
        -0.49980272683462545,
        0.07349141560539757,
        -0.497077227386382,
        -0.8660910434357117,
        -0.052920076457872535,
        0.090099855343278,
        0.009139952248930399,
        -0.9958907958897942
      ]
    },
    "pose_9dof": {
      "translation": [
        -0.02028310412776655,
        -0.10231206743937928,
        0.35569424969575386
      ],
      "rotation": [
        0.863015785532911,
        -0.49980272683462545,
        0.07349141560539757,
        -0.497077227386382,
        -0.8660910434357117,
        -0.052920076457872535,
        0.090099855343278,
        0.009139952248930399,
        -0.9958907958897942
      ],
      "scale": [
        0.03253979963389293,
        0.08764046601188381,
        0.015270676287868224
      ]
    }
  },
  {
    "frame_id": 9,
    "image": "frame_000009.png",
    "keypoints_2d": [
      [
        0.47951240897825287,
        0.34037546875739016,
        0.3168763002118068
      ],
      [
        0.4689557115119148,
        0.49061326787826576,
        0.30514743198948546
      ],
      [
        0.5743547671717073,
        0.4609249098506544,
        0.30811814053355635
      ],
      [
        0.4924342205570705,
        0.17876507586095025,
        0.31342641797994436
      ],
      [
        0.386681333629067,
        0.20578809105632112,
        0.3104557094358734
      ],
      [
        0.46690781361382694,
        0.49518263169464194,
        0.32032618244366917
      ],
      [
        0.5673607612682068,
        0.46685649869843826,
        0.32329689098774017
      ],
      [
        0.4893219132058696,
        0.1981727003784613,
        0.3286051684341281
      ],
      [
        0.3886177571515306,
        0.22402041000747452,
        0.32563445989005724
      ]
    ],
    "keypoints_3d": [
      [
        -0.006232028688603612,
        -0.04855547228822227,
