[
  {
    "frame_id": 0,
    "image": "frame_000000.png",
    "keypoints_2d": [
      [
        0.46914610788463035,
        0.21803121356544325,
        0.16838795109543908
      ],
      [
        0.45609955580477973,
        0.3200361647884009,
        0.18363033398314405
      ],
      [
        0.5282055604462728,
        0.28666768857998304,
        0.18447341533382036
      ],
      [
        0.5250694502354111,
        0.1705843701180394,
        0.1504087175661179
      ],
      [
        0.43512407660551045,
        0.21263559327411902,
        0.14956563621544156
      ],
      [
        0.42449645175185907,
        0.25525342145149715,
        0.18636718462476032
      ],
      [
        0.4962377420083572,
        0.22218973779530649,
        0.18721026597543663
      ],
      [
        0.4851588647177685,
        0.08901030563958995,
        0.15314556820773417
      ],
      [
        0.3953895174235633,
        0.13083976899467153,
        0.15230248685705783
      ]
    ],
    "keypoints_3d": [
      [
        -0.004490282013221852,
        -0.04103596931248593,
        0.16838795109543908
      ],
      [
        -0.007062330384097225,
        -0.028951052426752125,
        0.18363033398314405
      ],
      [
        0.004541889873836517,
        -0.034352512400751774,
        0.18447341533382036
      ],
      [
        0.003232961022780631,
        -0.04248150165649903,
        0.1504087175661179
      ],
      [
        -0.008371259235153118,
        -0.03708004168249938,
        0.14956563621544156
      ],
      [
        -0.012213525049224336,
        -0.03959043696847284,
        0.18636718462476032
      ],
      [
        -0.0006093047912905797,
        -0.0449918969424725,
        0.18721026597543663
      ],
      [
        -0.00191823364234648,
        -0.05312088619821973,
        0.15314556820773417
      ],
      [
        -0.013522453900280229,
        -0.04771942622422008,
        0.15230248685705783
      ]
    ],
    "model_matrix": [
      -0.498416522804743,
      -0.07107657115308902,
      -0.8640191495727101,
      0.048586854249697546,
      0.7365124046695595,
      -0.5604375719538058,
      -0.37876008991231613,
      0.03467745009540819,
      -0.4573078258275187,
      -0.8251411085236527,
      0.3316801221979775,
      0.1288759548756687,
      0.0,
      0.0,
      0.0,
      1.0
    ],
    "view_matrix": [
      -0.815044959343824,
      0.526408125994735,
      -0.24206651799647283,
      0.048052250764591097,
      -0.5312624038876018,
      -0.512258086241544,
      0.6747976817504032,
      -0.08442499168831544,
      0.2312184518237939,
      0.6785912893390712,
      0.6971742175162139,
      0.043772965308502165,
      0.0,
      0.0,
      0.0,
      1.0
    ],
    "camera_intrinsics": {
      "fx": 578.2178121934339,
      "fy": 578.2178121934339,
      "cx": 256.0,
      "cy": 256.0,
      "image_width": 512,
      "image_height": 512,
      "model": "SIMPLE_RADIAL",
      "dist": [
        0.408196985772513,
        0.0,
        0.0,
        0.0
      ]
    },
    "visibility": [
      1.0,
      1.0,
      1.0,
      1.0,
      1.0,
      1.0,
      1.0,
      1.0,
      1.0
    ],
    "keypoints_2d_visibility": [
      1.0,
      1.0,
      1.0,
      1.0,
      1.0,
      1.0,
      1.0,
      1.0,
      1.0
    ],
    "pose_6dof": {
      "translation": [
        0.048586854249697546,
        0.03467745009540819,
        0.1288759548756687
      ],
      "rotation": [
        -0.498416522804743,
        -0.07107657115308902,
        -0.8640191495727101,
        0.7365124046695595,
        -0.5604375719538058,
        -0.37876008991231613,
        -0.4573078258275187,
        -0.8251411085236527,
        0.3316801221979775
      ]
    },
    "pose_9dof": {
      "translation": [
        0.048586854249697546,
        0.03467745009540819,
        0.1288759548756687
      ],
      "rotation": [
        -0.498416522804743,
        -0.07107657115308902,
        -0.8640191495727101,
        0.7365124046695595,
        -0.5604375719538058,
        -0.37876008991231613,
        -0.4573078258275187,
        -0.8251411085236527,
        0.3316801221979775
      ],
      "scale": [
        0.01282748938059269,
        0.0350456473055085,
        0.012133493369147845
      ]
    }
  },
  {
    "frame_id": 1,
    "image": "frame_000001.png",
    "keypoints_2d": [
      [
        0.46586241677660944,
        0.21883555787866338,
        0.16845808635932202
      ],
      [
        0.4528279964542898,
        0.32062212712980176,
        0.1837134560904185
      ],
      [
        0.5249411178716575,
        0.28724809617893976,
        0.18458705033052203
      ],
      [
        0.5218672854678099,
        0.1718512516188524,
        0.15050322645142059
      ],
      [
        0.43193112497778086,
        0.21385242451823394,
        0.14962963221131703
      ],
      [
        0.42110590386306496,
        0.2557240179596686,
        0.18641294626722343
      ],
      [
        0.49288154064719386,
        0.22266785202187445,
        0.18728654050732702
      ],
      [
        0.4818325611938231,
        0.09014657552302896,
        0.15320271662822554
      ],
      [
        0.3920327410555293,
        0.1319056908120081,
        0.15232912238812196
      ]
    ],
    "keypoints_3d": [
      [
        -0.004965291967181637,
        -0.040895207396100655,
        0.16845808635932202
      ],
      [
        -0.007583316546008204,
        -0.028836578671207314,
        0.1837134560904185
      ],
      [
        0.004014741732385085,
        -0.03424641795568415,
        0.18458705033052203
      ],
      [
        0.002819636053670277,
        -0.042312524033414074,
        0.15050322645142059
      ],
      [
        -0.008778422224723005,
        -0.03690268474893723,
        0.14962963221131703
      ],
      [
        -0.012750219988033565,
        -0.03947789075878724,
        0.18641294626722343
      ],
      [
        -0.0011521617096402759,
        -0.04488773004326408,
        0.18728654050732702
      ],
      [
        -0.0023472673883550843,
        -0.05295383612099399,
        0.15320271662822554
      ],
      [
        -0.013945325666748373,
        -0.04754399683651715,
        0.15232912238812196
      ]
    ],
    "model_matrix": [
      -0.498416522804743,
      -0.07107657115308902,
      -0.8640191495727101,
      0.048586854249697546,
      0.7365124046695595,
      -0.5604375719538058,
      -0.37876008991231613,
      0.03467745009540819,
      -0.4573078258275187,
      -0.8251411085236527,
      0.3316801221979775,
      0.1288759548756687,
      0.0,
      0.0,
      0.0,
      1.0
    ],
    "view_matrix": [
      -0.8161549929365223,
      0.5237437390640577,
      -0.244097364377381,
      0.04798529526238076,
      -0.5312016165916756,
      -0.513804974712224,
      0.6736685316172636,
      -0.08408802078606603,
      0.22741123550777825,
      0.6794828502266778,
      0.6975580163776026,
      0.04394770173369973,
      0.0,
      0.0,
      0.0,
      1.0
    ],
    "camera_intrinsics": {
      "fx": 578.9002795733026,
      "fy": 578.9002795733026,
      "cx": 256.0,
      "cy": 256.0,
      "image_width": 512,
      "image_height": 512,
      "model": "SIMPLE_RADIAL",
      "dist": [
        0.40708446622273803,
        0.0,
        0.0,
        0.0
      ]
    },
    "visibility": [
      1.0,
      1.0,
      1.0,
      1.0,
      1.0,
      1.0,
      1.0,
      1.0,
      1.0
    ],
    "keypoints_2d_visibility": [
      1.0,
      1.0,
      1.0,
      1.0,
      1.0,
      1.0,
      1.0,
      1.0,
      1.0
    ],
    "pose_6dof": {
      "translation": [
        0.048586854249697546,
        0.03467745009540819,
        0.1288759548756687
      ],
      "rotation": [
        -0.498416522804743,
        -0.07107657115308902,
        -0.8640191495727101,
        0.7365124046695595,
        -0.5604375719538058,
        -0.37876008991231613,
        -0.4573078258275187,
        -0.8251411085236527,
        0.3316801221979775
      ]
    },
    "pose_9dof": {
      "translation": [
        0.048586854249697546,
        0.03467745009540819,
        0.1288759548756687
      ],
      "rotation": [
        -0.498416522804743,
        -0.07107657115308902,
        -0.8640191495727101,
        0.7365124046695595,
        -0.5604375719538058,
        -0.37876008991231613,
        -0.4573078258275187,
        -0.8251411085236527,
        0.3316801221979775
      ],
      "scale": [
        0.01282748938059269,
        0.0350456473055085,
        0.012133493369147845
      ]
    }
  },
  {
    "frame_id": 2,
    "image": "frame_000002.png",
    "keypoints_2d": [
      [
        0.4602411952765455,
        0.21733653377544615,
        0.16840150805818144
      ],
      [
        0.44727908689220996,
        0.3191452369715114,
        0.1836838414562075
      ],
      [
        0.5194525460819328,
        0.28570671279059257,
        0.1846028263802327
      ],
      [
        0.5164009920403981,
        0.17068868007895643,
        0.15048517895963848
      ],
      [
        0.42636675196942914,
        0.2127257322998159,
        0.14956619403561328
      ],
      [
        0.415315175419999,
        0.25398066797875285,
        0.18631783715672437
      ],
      [
        0.48720579759527194,
        0.22087168468556867,
        0.18723682208074957
      ],
      [
        0.47608815109584113,
        0.08855203413019208,
        0.15311917466015534
      ],
      [
        0.38610555246753286,
        0.13033006268033914,
        0.15220018973613014
      ]
    ],
    "keypoints_3d": [
      [
        -0.005771181528195973,
        -0.04102996018913591,
        0.16840150805818144
      ],
      [
        -0.00845994346586542,
        -0.02902114133769452,
        0.1836838414562075
      ],
      [
        0.0031269674560037014,
        -0.034447322850259594,
        0.1846028263802327
      ],
      [
        0.0021113947718185075,
        -0.04239415502850847,
        0.15048517895963848
      ],
      [
        -0.009475516150050614,
        -0.03696797351594339,
        0.14956619403561328
      ],
      [
        -0.013653757828210454,
        -0.03966576534976335,
        0.18631783715672437
      ],
      [
        -0.0020668469063413325,
        -0.045091946862328425,
        0.18723682208074957
      ],
      [
        -0.0030824195905265264,
        -0.053038779040577286,
        0.15311917466015534
      ],
      [
        -0.014669330512395648,
        -0.04761259752801221,
        0.15220018973613014
      ]
    ],
    "model_matrix": [
      -0.498416522804743,
      -0.07107657115308902,
      -0.8640191495727101,
      0.048586854249697546,
      0.7365124046695595,
      -0.5604375719538058,
      -0.37876008991231613,
      0.03467745009540819,
      -0.4573078258275187,
      -0.8251411085236527,
      0.3316801221979775,
      0.1288759548756687,
      0.0,
      0.0,
      0.0,
      1.0
    ],
    "view_matrix": [
      -0.8180022832543482,
      0.519392612938156,
      -0.24719137973632802,
      0.04781878986966958,
      -0.5310443750166468,
      -0.5167540631241161,
      0.671533402004619,
      -0.08385297971874597,
      0.22105233849442438,
      0.6805854478829189,
      0.6985265290424935,
      0.0440370289652392,
      0.0,
      0.0,
      0.0,
      1.0
    ],
    "camera_intrinsics": {
      "fx": 579.6687806160782,
      "fy": 579.6687806160782,
      "cx": 256.0,
      "cy": 256.0,
      "image_width": 512,
      "image_height": 512,
      "model": "SIMPLE_RADIAL",
      "dist": [
        0.40832393309361664,
        0.0,
        0.0,
        0.0
      ]
    },
    "visibility": [
      1.0,
      1.0,
      1.0,
      1.0,
      1.0,
      1.0,
      1.0,
      1.0,
      1.0
    ],
    "keypoints_2d_visibility": [
      1.0,
      1.0,
      1.0,
      1.0,
      1.0,
      1.0,
      1.0,
      1.0,
      1.0
    ],
    "pose_6dof": {
      "translation": [
        0.048586854249697546,
        0.03467745009540819,
        0.1288759548756687
      ],
      "rotation": [
        -0.498416522804743,
        -0.07107657115308902,
        -0.8640191495727101,
        0.7365124046695595,
        -0.5604375719538058,
        -0.37876008991231613,
        -0.4573078258275187,
        -0.8251411085236527,
        0.3316801221979775
      ]
    },
    "pose_9dof": {
      "translation": [
        0.048586854249697546,
        0.03467745009540819,
        0.1288759548756687
      ],
      "rotation": [
        -0.498416522804743,
        -0.07107657115308902,
        -0.8640191495727101,
        0.7365124046695595,
        -0.5604375719538058,
        -0.37876008991231613,
        -0.4573078258275187,
        -0.8251411085236527,
        0.3316801221979775
      ],
      "scale": [
        0.01282748938059269,
        0.0350456473055085,
        0.012133493369147845
      ]
    }
  },
  {
    "frame_id": 3,
    "image": "frame_000003.png",
    "keypoints_2d": [
      [
        0.4655366254374851,
        0.23538684101138663,
        0.1688885181932005
      ],
      [
        0.45259943412254455,
        0.3352855717035662,
        0.18410161409647574
      ],
      [
        0.5241888864190483,
        0.30169583663041605,
        0.1850411841927144
      ],
      [
        0.5217059897858353,
        0.19023536735161806,
        0.15097263940316863
      ],
      [
        0.4326058233377702,
        0.23230927189582823,
        0.15003306930692997
      ],
      [
        0.42054839419162493,
        0.27093676316250725,
        0.1868043969832324
      ],
      [
        0.49178216667611113,
        0.2377193083222987,
        0.18774396707947105
      ],
      [
        0.4813299469028193,
        0.10965924201234278,
        0.15367542228992528
      ],
      [
        0.392408559653546,
        0.15141067770428918,
        0.15273585219368663
      ]
    ],
    "keypoints_3d": [
      [
        -0.00503922456170626,
        -0.03869165881325099,
        0.1688885181932005
      ],
      [
        -0.007648415793412515,
        -0.02657783533728953,
        0.18410161409647574
      ],
      [
        0.003910600773748822,
        -0.03205969887477039,
        0.1850411841927144
      ],
      [
        0.0028172238935679147,
        -0.04020440132376726,
        0.15097263940316863
      ],
      [
        -0.008741792673593422,
        -0.03472253778628639,
        0.15003306930692997
      ],
      [
        -0.012895673016980434,
        -0.03717891630273473,
        0.1868043969832324
      ],
      [
        -0.0013366564498190972,
        -0.042660779840215594,
        0.18774396707947105
      ],
      [
        -0.0024300333300000115,
        -0.050805482289212445,
        0.15367542228992528
      ],
      [
        -0.013989049897161349,
        -0.04532361875173158,
        0.15273585219368663
      ]
    ],
    "model_matrix": [
      -0.498416522804743,
      -0.07107657115308902,
      -0.8640191495727101,
      0.048586854249697546,
      0.7365124046695595,
      -0.5604375719538058,
      -0.37876008991231613,
      0.03467745009540819,
      -0.4573078258275187,
      -0.8251411085236527,
      0.3316801221979775,
      0.1288759548756687,
      0.0,
      0.0,
      0.0,
      1.0
    ],
    "view_matrix": [
      -0.8205662783956942,
      0.5173669510415769,
      -0.24290413897211108,
      0.04819304583644724,
      -0.5253788517141854,
      -0.515427628086587,
      0.6769870178788652,
      -0.08253878563594332,
      0.2250512051319081,
      0.6831294153928503,
      0.6947561852144235,
      0.044727435104461,
      0.0,
      0.0,
      0.0,
      1.0
    ],
    "camera_intrinsics": {
      "fx": 578.8918432243472,
      "fy": 578.8918432243472,
      "cx": 256.0,
      "cy": 256.0,
      "image_width": 512,
      "image_height": 512,
      "model": "SIMPLE_RADIAL",
      "dist": [
        0.40405922826551516,
        0.0,
        0.0,
        0.0
      ]
    },
    "visibility": [
      1.0,
      1.0,
      1.0,
      1.0,
      1.0,
      1.0,
      1.0,
      1.0,
      1.0
    ],
    "keypoints_2d_visibility": [
      1.0,
      1.0,
      1.0,
      1.0,
      1.0,
      1.0,
      1.0,
      1.0,
      1.0
    ],
    "pose_6dof": {
      "translation": [
        0.048586854249697546,
        0.03467745009540819,
        0.1288759548756687
      ],
      "rotation": [
        -0.498416522804743,
        -0.07107657115308902,
        -0.8640191495727101,
        0.7365124046695595,
        -0.5604375719538058,
        -0.37876008991231613,
        -0.4573078258275187,
        -0.8251411085236527,
        0.3316801221979775
      ]
    },
    "pose_9dof": {
      "translation": [
        0.048586854249697546,
        0.03467745009540819,
        0.1288759548756687
      ],
      "rotation": [
        -0.498416522804743,
        -0.07107657115308902,
        -0.8640191495727101,
        0.7365124046695595,
        -0.5604375719538058,
        -0.37876008991231613,
        -0.4573078258275187,
        -0.8251411085236527,
        0.3316801221979775
      ],
      "scale": [
        0.01282748938059269,
        0.0350456473055085,
        0.012133493369147845
      ]
    }
  },
  {
    "frame_id": 4,
    "image": "frame_000004.png",
    "keypoints_2d": [
      [
        0.4732218789029043,
        0.24488504711667858,
        0.16801370002111066
      ],
      [
        0.46069251888940865,
        0.34428690280095986,
        0.1832067933872013
      ],
      [
        0.5319667567269768,
        0.30995220048007144,
        0.1841083065940436
      ],
      [
        0.5296427976494367,
        0.19971099652110974,
        0.15006643277598658
      ],
      [
        0.44087767403756656,
        0.24281483981589275,
        0.1491649195691443
      ],
      [
        0.4281296282403342,
        0.28038975485216033,
        0.18596096726623473
      ],
      [
        0.498988407154489,
        0.24641851889995853,
        0.18686248047307702
      ],
      [
        0.48856772810710186,
        0.11972994167429507,
        0.15282060665502
      ],
      [
        0.4000722829088988,
        0.16253667842207165,
        0.15191909344817772
      ]
    ],
    "keypoints_3d": [
      [
        -0.003916411608811843,
        -0.03731162315051609,
        0.16801370002111066
      ],
      [
        -0.0063450396982329335,
        -0.025135311532249058,
        0.1832067933872013
      ],
      [
        0.005167341663716379,
        -0.030720724061700164,
        0.1841083065940436
      ],
      [
        0.0038441780504641088,
        -0.038942491515851746,
        0.15006643277598658
      ],
      [
        -0.007668203311485204,
        -0.03335707898640064,
        0.1491649195691443
      ],
      [
        -0.011677001268087801,
        -0.03568075478518043,
        0.18596096726623473
      ],
      [
        -0.0001646199061384815,
        -0.04126616731463154,
        0.18686248047307702
      ],
      [
        -0.001487783519390752,
        -0.04948793476878311,
        0.15282060665502
      ],
      [
        -0.013000164881340072,
        -0.043902522239332005,
        0.15191909344817772
      ]
    ],
    "model_matrix": [
      -0.498416522804743,
      -0.07107657115308902,
      -0.8640191495727101,
      0.048586854249697546,
      0.7365124046695595,
      -0.5604375719538058,
      -0.37876008991231613,
      0.03467745009540819,
      -0.4573078258275187,
      -0.8251411085236527,
      0.3316801221979775,
      0.1288759548756687,
      0.0,
      0.0,
      0.0,
      1.0
    ],
    "view_matrix": [
      -0.8243199659434121,
      0.5157198408012846,
      -0.2335158229134598,
      0.048345428045547645,
      -0.5172371934968616,
      -0.518403884384896,
      0.6809721714711564,
      -0.08196470902964136,
      0.23013535019753684,
      0.6821220260763828,
      0.6940801554077942,
      0.04372765199668534,
      0.0,
      0.0,
      0.0,
      1.0
    ],
    "camera_intrinsics": {
      "fx": 576.3560238652593,
      "fy": 576.3560238652593,
      "cx": 256.0,
      "cy": 256.0,
      "image_width": 512,
      "image_height": 512,
      "model": "SIMPLE_RADIAL",
      "dist": [
        0.41126790467440627,
        0.0,
        0.0,
        0.0
      ]
    },
    "visibility": [
      1.0,
      1.0,
      1.0,
      1.0,
      1.0,
      1.0,
      1.0,
      1.0,
      1.0
    ],
    "keypoints_2d_visibility": [
      1.0,
      1.0,
      1.0,
      1.0,
      1.0,
      1.0,
      1.0,
      1.0,
      1.0
    ],
    "pose_6dof": {
      "translation": [
        0.048586854249697546,
        0.03467745009540819,
        0.1288759548756687
      ],
      "rotation": [
        -0.498416522804743,
        -0.07107657115308902,
        -0.8640191495727101,
        0.7365124046695595,
        -0.5604375719538058,
        -0.37876008991231613,
        -0.4573078258275187,
        -0.8251411085236527,
        0.3316801221979775
      ]
    },
    "pose_9dof": {
      "translation": [
        0.048586854249697546,
        0.03467745009540819,
        0.1288759548756687
      ],
      "rotation": [
        -0.498416522804743,
        -0.07107657115308902,
        -0.8640191495727101,
        0.7365124046695595,
        -0.5604375719538058,
        -0.37876008991231613,
        -0.4573078258275187,
        -0.8251411085236527,
        0.3316801221979775
      ],
      "scale": [
        0.01282748938059269,
        0.0350456473055085,
        0.012133493369147845
      ]
    }
  },
  {
    "frame_id": 5,
    "image": "frame_000005.png",
    "keypoints_2d": [
      [
        0.47391344081327086,
        0.2563681251453883,
        0.16944766023981989
      ],
      [
        0.46129951661936786,
        0.3544809712362808,
        0.18457006550084512
      ],
      [
        0.5322931583001489,
        0.32035818758332557,
        0.1855080007795961
      ],
      [
        0.5300797691451046,
        0.2124313537668286,
        0.15151307092347843
      ],
      [
        0.4419489780887657,
        0.25503302154268903,
        0.15057513564472746
      ],
      [
        0.4288935359127126,
        0.291036651238921,
        0.1873822495561613
      ],
      [
        0.49942700400474965,
        0.25732814391868425,
        0.18832018483491228
      ],
      [
        0.4892975004661305,
        0.13358573075713998,
        0.15432525497879462
      ],
      [
        0.401519641724407,
        0.1758067519021561,
        0.15338731970004368
      ]
    ],
    "keypoints_3d": [
      [
        -0.0038372832148670308,
        -0.03583778517106262,
        0.16944766023981989
      ],
      [
        -0.006269595387111762,
        -0.023574522894217874,
        0.18457006550084512
      ],
      [
        0.00524136083442063,
        -0.029156874377961724,
        0.1855080007795961
      ],
      [
        0.00393009488515339,
        -0.03757249798824926,
        0.15151307092347843
      ],
      [
        -0.007580861336378995,
        -0.0319901465045054,
        0.15057513564472746
      ],
      [
        -0.011604661314887445,
        -0.034103072353875975,
        0.1873822495561613
      ],
      [
        -9.37050933550454e-05,
        -0.039685423837619846,
        0.18832018483491228
      ],
      [
        -0.0014049710426222994,
        -0.04810104744790736,
        0.15432525497879462
      ],
      [
        -0.012915927264154685,
        -0.0425186959641635,
        0.15338731970004368
      ]
    ],
    "model_matrix": [
      -0.498416522804743,
      -0.07107657115308902,
      -0.8640191495727101,
      0.048586854249697546,
      0.7365124046695595,
      -0.5604375719538058,
      -0.37876008991231613,
      0.03467745009540819,
      -0.4573078258275187,
      -0.8251411085236527,
      0.3316801221979775,
      0.1288759548756687,
      0.0,
      0.0,
      0.0,
      1.0
    ],
    "view_matrix": [
      -0.824509780999896,
      0.5153508447999543,
      -0.2336602828883764,
      0.04846519221360648,
      -0.5157599716877533,
      -0.5146006922340616,
      0.6849655313640766,
      -0.0812091776862976,
      0.23275582192536123,
      0.6852734011445341,
      0.690090641179586,
      0.04543916254148198,
      0.0,
      0.0,
      0.0,
      1.0
    ],
    "camera_intrinsics": {
      "fx": 579.2528988868102,
      "fy": 579.2528988868102,
      "cx": 256.0,
      "cy": 256.0,
      "image_width": 512,
      "image_height": 512,
      "model": "SIMPLE_RADIAL",
      "dist": [
        0.4021159918736144,
        0.0,
        0.0,
        0.0
      ]
    },
    "visibility": [
      1.0,
      1.0,
      1.0,
      1.0,
      1.0,
      1.0,
      1.0,
      1.0,
      1.0
    ],
    "keypoints_2d_visibility": [
      1.0,
      1.0,
      1.0,
      1.0,
      1.0,
      1.0,
      1.0,
      1.0,
      1.0
    ],
    "pose_6dof": {
      "translation": [
        0.048586854249697546,
        0.03467745009540819,
        0.1288759548756687
      ],
      "rotation": [
        -0.498416522804743,
        -0.07107657115308902,
        -0.8640191495727101,
        0.7365124046695595,
        -0.5604375719538058,
        -0.37876008991231613,
        -0.4573078258275187,
        -0.8251411085236527,
        0.3316801221979775
      ]
    },
    "pose_9dof": {
      "translation": [
        0.048586854249697546,
        0.03467745009540819,
        0.1288759548756687
      ],
      "rotation": [
        -0.498416522804743,
        -0.07107657115308902,
        -0.8640191495727101,
        0.7365124046695595,
        -0.5604375719538058,
        -0.37876008991231613,
        -0.4573078258275187,
        -0.8251411085236527,
        0.3316801221979775
      ],
      "scale": [
        0.01282748938059269,
        0.0350456473055085,
        0.012133493369147845
      ]
    }
  },
  {
    "frame_id": 6,
    "image": "frame_000006.png",
    "keypoints_2d": [
      [
        0.4785123851579846,
        0.2519228655646816,
        0.1692843192422485
      ],
      [
        0.4659674995839557,
        0.3503442990177782,
        0.1844653687242337
      ],
      [
        0.5370083088657422,
        0.31578569004186485,
        0.1853491406550014
      ],
      [
        0.535010639709101,
        0.20764727987872827,
        0.15132210471156182
      ],
      [
        0.4467962934517586,
        0.2508717851080743,
        0.1504383327807941
      ],
      [
        0.4332736137480564,
        0.28683384492428476,
        0.18724653377293515
      ],
      [
        0.5038389424084645,
        0.25265879301115485,
        0.18813030570370287
      ],
      [
        0.49385871850507185,
        0.12867057472203747,
        0.1541032697602633
      ],
      [
        0.40603139114831965,
        0.1715585616069863,
        0.15321949782949557
      ]
    ],
    "keypoints_3d": [
      [
        -0.0031530443258087418,
        -0.036402281353477076,
        0.1692843192422485
      ],
      [
        -0.00550215927336449,
        -0.024195386554171847,
        0.1844653687242337
      ],
      [
        0.005991281470439681,
        -0.029822486238046966,
        0.1853491406550014
      ],
      [
        0.004561179366247135,
        -0.03808765580300755,
        0.15132210471156182
      ],
      [
        -0.006932261377557036,
        -0.03246055611913242,
        0.1504383327807941
      ],
      [
        -0.010867268017864619,
        -0.034716906903946604,
        0.18724653377293515
      ],
      [
        0.0006261727259395528,
        -0.04034400658782173,
        0.18813030570370287
      ],
      [
        -0.0008039293782530002,
        -0.04860917615278229,
        0.1541032697602633
      ],
      [
        -0.012297370122057165,
        -0.04298207646890717,
        0.15321949782949557
      ]
    ],
    "model_matrix": [
      -0.498416522804743,
      -0.07107657115308902,
      -0.8640191495727101,
      0.048586854249697546,
      0.7365124046695595,
      -0.5604375719538058,
      -0.37876008991231613,
      0.03467745009540819,
      -0.4573078258275187,
      -0.8251411085236527,
      0.3316801221979775,
      0.1288759548756687,
      0.0,
      0.0,
      0.0,
      1.0
    ],
    "view_matrix": [
      -0.8257275296546078,
      0.5153077301962359,
      -0.22941662967296156,
      0.04866318792328505,
      -0.5138258640020925,
      -0.5193565737691425,
      0.6828262815425894,
      -0.08142702636888427,
      0.2327166265074342,
      0.681708656599562,
      0.6936254603633141,
      0.04494578897941402,
      0.0,
      0.0,
      0.0,
      1.0
    ],
    "camera_intrinsics": {
      "fx": 580.0562252466801,
      "fy": 580.0562252466801,
      "cx": 256.0,
      "cy": 256.0,
      "image_width": 512,
      "image_height": 512,
      "model": "SIMPLE_RADIAL",
      "dist": [
        0.39275805584131185,
        0.0,
        0.0,
        0.0
      ]
    },
    "visibility": [
      1.0,
      1.0,
      1.0,
      1.0,
      1.0,
      1.0,
      1.0,
      1.0,
      1.0
    ],
    "keypoints_2d_visibility": [
      1.0,
      1.0,
      1.0,
      1.0,
      1.0,
      1.0,
      1.0,
      1.0,
      1.0
    ],
    "pose_6dof": {
      "translation": [
        0.048586854249697546,
        0.03467745009540819,
        0.1288759548756687
      ],
      "rotation": [
        -0.498416522804743,
        -0.07107657115308902,
        -0.8640191495727101,
        0.7365124046695595,
        -0.5604375719538058,
        -0.37876008991231613,
        -0.4573078258275187,
        -0.8251411085236527,
        0.3316801221979775
      ]
    },
    "pose_9dof": {
      "translation": [
        0.048586854249697546,
        0.03467745009540819,
        0.1288759548756687
      ],
      "rotation": [
        -0.498416522804743,
        -0.07107657115308902,
        -0.8640191495727101,
        0.7365124046695595,
        -0.5604375719538058,
        -0.37876008991231613,
        -0.4573078258275187,
        -0.8251411085236527,
        0.3316801221979775
      ],
      "scale": [
        0.01282748938059269,
        0.0350456473055085,
        0.012133493369147845
      ]
    }
  },
  {
    "frame_id": 7,
    "image": "frame_000007.png",
    "keypoints_2d": [
      [
        0.4790977266778216,
        0.2556750098870407,
        0.16904765779726422
      ],
      [
        0.46682146034135386,
        0.35417363564434384,
        0.18419344203508237
      ],
      [
        0.5378795759036535,
        0.3193450661767492,
        0.1850811063490571
      ],
      [
        0.5355616800514279,
        0.21117968589310238,
        0.15108165445518032
      ],
      [
        0.44732337540671785,
        0.25473516350536096,
        0.15019399014120557
      ],
      [
        0.43390245368056046,
        0.29075294676612434,
        0.18701366113934806
      ],
      [
        0.5044616935962837,
        0.2563224472039568,
        0.18790132545332283
      ],
      [
        0.49410910933182217,
        0.1323845321450065,
        0.15390187355944604
      ],
      [
        0.4062910035748863,
        0.17558519524436506,
        0.1530142092454713
      ]
    ],
    "keypoints_3d": [
      [
        -0.003062453797223169,
        -0.035796775891070415,
        0.16904765779726422
      ],
      [
        -0.005354794996597016,
        -0.0235354025299934,
        0.18419344203508237
      ],
      [
        0.006121820249526691,
        -0.029196130254178235,
        0.1850811063490571
      ],
      [
        0.004624955798572361,
        -0.03756237569604297,
        0.15108165445518032
      ],
      [
        -0.006851659447551353,
        -0.03190164797185812,
        0.15019399014120557
      ],
      [
        -0.0107498633930187,
        -0.03403117608609786,
        0.18701366113934806
      ],
      [
        0.0007267518531050218,
        -0.039691903810282717,
        0.18790132545332283
      ],
      [
        -0.0007701125978493151,
        -0.04805814925214743,
        0.15390187355944604
      ],
      [
        -0.01224672784397303,
        -0.04239742152796258,
        0.1530142092454713
      ]
    ],
    "model_matrix": [
      -0.498416522804743,
      -0.07107657115308902,
      -0.8640191495727101,
      0.048586854249697546,
      0.7365124046695595,
      -0.5604375719538058,
      -0.37876008991231613,
      0.03467745009540819,
      -0.4573078258275187,
      -0.8251411085236527,
      0.3316801221979775,
      0.1288759548756687,
      0.0,
      0.0,
      0.0,
      1.0
    ],
    "view_matrix": [
      -0.8270717772278963,
      0.5144740821790559,
      -0.22642591300270432,
      0.04846256853366041,
      -0.5104808269829906,
      -0.518867302091368,
      0.6857011361396362,
      -0.0813715120580968,
      0.23529046006128718,
      0.6827101446341953,
      0.6917696566182301,
      0.0447885124870531,
      0.0,
      0.0,
      0.0,
      1.0
    ],
    "camera_intrinsics": {
      "fx": 580.3936350556664,
      "fy": 580.3936350556664,
      "cx": 256.0,
      "cy": 256.0,
      "image_width": 512,
      "image_height": 512,
      "model": "SIMPLE_RADIAL",
      "dist": [
        0.39501354218088164,
        0.0,
        0.0,
        0.0
      ]
    },
    "visibility": [
      1.0,
      1.0,
      1.0,
      1.0,
      1.0,
      1.0,
      1.0,
      1.0,
      1.0
    ],
    "keypoints_2d_visibility": [
      1.0,
      1.0,
      1.0,
      1.0,
      1.0,
      1.0,
      1.0,
      1.0,
      1.0
    ],
    "pose_6dof": {
      "translation": [
        0.048586854249697546,
        0.03467745009540819,
        0.1288759548756687
      ],
      "rotation": [
        -0.498416522804743,
        -0.07107657115308902,
        -0.8640191495727101,
        0.7365124046695595,
        -0.5604375719538058,
        -0.37876008991231613,
        -0.4573078258275187,
        -0.8251411085236527,
        0.3316801221979775
      ]
    },
    "pose_9dof": {
      "translation": [
        0.048586854249697546,
        0.03467745009540819,
        0.1288759548756687
      ],
      "rotation": [
        -0.498416522804743,
        -0.07107657115308902,
        -0.8640191495727101,
        0.7365124046695595,
        -0.5604375719538058,
        -0.37876008991231613,
        -0.4573078258275187,
        -0.8251411085236527,
        0.3316801221979775
      ],
      "scale": [
        0.01282748938059269,
        0.0350456473055085,
        0.012133493369147845
      ]
    }
  },
  {
    "frame_id": 8,
    "image": "frame_000008.png",
    "keypoints_2d": [
      [
        0.48397457258839055,
        0.2633316886451458,
        0.16924326168066745
      ],
      [
        0.4713334294402717,
        0.36134813438925417,
        0.1843292266117309
      ],
      [
        0.5425389662638471,
        0.3268463842333998,
        0.1851972516544187
      ],
      [
        0.540404586886609,
        0.219343581950666,
        0.15125306360864954
      ],
      [
        0.4520888723264018,
        0.26241916041491964,
        0.15038503856596175
      ],
      [
        0.43880375952718736,
        0.2980427963765982,
        0.18723345975268535
      ],
      [
        0.5094394304057768,
        0.263961869917718,
        0.1881014847953732
      ],
      [
        0.4994338510047466,
        0.14102224253669698,
        0.15415729674960404
      ],
      [
        0.41165131972751334,
        0.18370352932168194,
        0.15328927170691625
      ]
    ],
    "keypoints_3d": [
      [
        -0.002351139821562563,
        -0.03472233701082106,
        0.16924326168066745
      ],
      [
        -0.004628060494953207,
        -0.02238458278250105,
        0.1843292266117309
      ],
      [
        0.006876627712912184,
        -0.027991111617197986,
        0.1851972516544187
      ],
      [
        0.0052630084145856015,
        -0.03655765851403027,
        0.15125306360864954
      ],
      [
        -0.006241679793279796,
        -0.03095112967933334,
        0.15038503856596175
      ],
      [
        -0.009965288057710735,
        -0.03288701550761184,
        0.18723345975268535
      ],
      [
        0.0015394001501546697,
        -0.038493544342308776,
        0.1881014847953732
      ],
      [
        -7.421914817191955e-05,
        -0.047060091239141046,
        0.15415729674960404
      ],
      [
        -0.011578907356037317,
        -0.041453562404444116,
        0.15328927170691625
      ]
    ],
    "model_matrix": [
      -0.498416522804743,
      -0.07107657115308902,
      -0.8640191495727101,
      0.048586854249697546,
      0.7365124046695595,
      -0.5604375719538058,
      -0.37876008991231613,
      0.03467745009540819,
      -0.4573078258275187,
      -0.8251411085236527,
      0.3316801221979775,
      0.1288759548756687,
      0.0,
      0.0,
      0.0,
      1.0
    ],
    "view_matrix": [
      -0.8238069568751838,
      0.5197586058344034,
      -0.22625889919542905,
      0.04881047728946599,
      -0.5126547049492035,
      -0.512760102729885,
      0.6886669953917376,
      -0.08078546133016835,
      0.24192406101397815,
      0.6833213509832076,
      0.6888720345557577,
      0.045014049300321365,
      0.0,
      0.0,
      0.0,
      1.0
    ],
    "camera_intrinsics": {
      "fx": 581.1181810106192,
      "fy": 581.1181810106192,
      "cx": 256.0,
      "cy": 256.0,
      "image_width": 512,
      "image_height": 512,
      "model": "SIMPLE_RADIAL",
      "dist": [
        0.3869292413354798,
        0.0,
        0.0,
        0.0
      ]
    },
    "visibility": [
      1.0,
      1.0,
      1.0,
      1.0,
      1.0,
      1.0,
      1.0,
      1.0,
      1.0
    ],
    "keypoints_2d_visibility": [
      1.0,
      1.0,
      1.0,
      1.0,
      1.0,
      1.0,
      1.0,
      1.0,
      1.0
    ],
    "pose_6dof": {
      "translation": [
        0.048586854249697546,
        0.03467745009540819,
        0.1288759548756687
      ],
      "rotation": [
        -0.498416522804743,
        -0.07107657115308902,
        -0.8640191495727101,
        0.7365124046695595,
        -0.5604375719538058,
        -0.37876008991231613,
        -0.4573078258275187,
        -0.8251411085236527,
        0.3316801221979775
      ]
    },
    "pose_9dof": {
      "translation": [
        0.048586854249697546,
        0.03467745009540819,
        0.1288759548756687
      ],
      "rotation": [
        -0.498416522804743,
        -0.07107657115308902,
        -0.8640191495727101,
        0.7365124046695595,
        -0.5604375719538058,
        -0.37876008991231613,
        -0.4573078258275187,
        -0.8251411085236527,
        0.3316801221979775
      ],
      "scale": [
        0.01282748938059269,
        0.0350456473055085,
        0.012133493369147845
      ]
    }
  },
  {
    "frame_id": 9,
    "image": "frame_000009.png",
    "keypoints_2d": [
      [
        0.4824870531792238,
        0.2702650803153872,
        0.16977710412044444
      ],
      [
        0.469947192734061,
        0.3677072272696159,
        0.1848031391509643
      ],
      [
        0.5411030166197773,
        0.3335436919528029,
        0.18567903473947536
      ],
      [
        0.5383072958641957,
        0.22683401984652002,
        0.1517826848253336
      ],
      [
        0.4501771056578384,
        0.26936889457312685,
        0.15090678923682255
      ],
      [
        0.43774957134876596,
        0.30459611975074447,
        0.1877715234155553
      ],
      [
        0.5083035022258093,
        0.27088347614865815,
        0.18864741900406637
      ],
      [
        0.4977749007309935,
        0.1490282660643013,
        0.1547510690899246
      ],
      [
        0.410225936002073,
        0.19111984005356314,
        0.15387517350141353
      ]
    ],
    "keypoints_3d": [
      [
        -0.002577512249839882,
        -0.03381181795176793,
        0.16977710412044444
      ],
      [
