[
  {
    "frame_id": 0,
    "image": "frame_000000.png",
    "keypoints_2d": [
      [
        0.4302041689258369,
        0.20625759210837902,
        0.6249090936638004
      ],
      [
        0.4789658410813007,
        0.3430885520192801,
        0.6263055330848455
      ],
      [
        0.5014699765886118,
        0.33251483929962444,
        0.6265093124027772
      ],
      [
        0.3779259346088284,
        0.057298666317742386,
        0.6198132132975296
      ],
      [
        0.3542140767962646,
        0.0685704065917761,
        0.6196094339795981
      ],
      [
        0.4787364822380713,
        0.3436476584109157,
        0.630004974030071
      ],
      [
        0.5011073032541409,
        0.33313792698097056,
        0.6302087533480027
      ],
      [
        0.378335974893104,
        0.059750649005406054,
        0.6235126542427551
      ],
      [
        0.35477523102467723,
        0.07094647916174629,
        0.6233088749248235
      ]
    ],
    "keypoints_3d": [
      [
        -0.02931877229742664,
        -0.12339084782759718,
        0.6249090936638004
      ],
      [
        -0.009006870309515818,
        -0.06718980623392123,
        0.6263055330848455
      ],
      [
        0.0006291493572535843,
        -0.07168357783400921,
        0.6265093124027772
      ],
      [
        -0.04947827529670711,
        -0.1794328581747635,
        0.6198132132975296
      ],
      [
        -0.05911429496347652,
        -0.1749390865746755,
        0.6196094339795981
      ],
      [
        -0.009159269298146163,
        -0.06734883748043086,
        0.630004974030071
      ],
      [
        0.00047675036862323053,
        -0.07184260908051884,
        0.6302087533480027
      ],
      [
        -0.04963067428533746,
        -0.17959188942127313,
        0.6235126542427551
      ],
      [
        -0.059266693952106854,
        -0.17509811782118512,
        0.6233088749248235
      ]
    ],
    "model_matrix": [
      0.8820562157897305,
      -0.45441457338888036,
      0.1244356366902261,
      -0.07675438382529458,
      -0.4557361257744403,
      -0.8899057280773108,
      -0.01929711893767567,
      -0.10272860269232592,
      0.11950487793727778,
      -0.039688671267668896,
      -0.9920400160891713,
      0.5178623158966423,
      0.0,
      0.0,
      0.0,
      1.0
    ],
    "view_matrix": [
      0.9956816278249334,
      -0.03909417591173434,
      0.08420060226431304,
      -0.0005162514208672647,
      0.04399353285006783,
      0.9973964476952784,
      -0.05713926139013126,
      0.0120372623127501,
      -0.0817475692559765,
      0.06059679475535082,
      0.9948092095402601,
      0.1096854322813659,
      0.0,
      0.0,
      0.0,
      1.0
    ],
    "camera_intrinsics": {
      "fx": 743.7819136509514,
      "fy": 743.7819136509514,
      "cx": 256.0,
      "cy": 256.0,
      "image_width": 512,
      "image_height": 512,
      "model": "SIMPLE_RADIAL",
      "dist": [
        0.5841031174344352,
        0.0,
        0.0,
        0.0
      ]
    },
    "visibility": [
      1.0,
      1.0,
      1.0,
      1.0,
      1.0,
      1.0,
      1.0,
      1.0,
      1.0
    ],
    "keypoints_2d_visibility": [
      1.0,
      1.0,
      1.0,
      1.0,
      1.0,
      1.0,
      1.0,
      1.0,
      1.0
    ],
    "pose_6dof": {
      "translation": [
        -0.07675438382529458,
        -0.10272860269232592,
        0.5178623158966423
      ],
      "rotation": [
        0.8820562157897305,
        -0.45441457338888036,
        0.1244356366902261,
        -0.4557361257744403,
        -0.8899057280773108,
        -0.01929711893767567,
        0.11950487793727778,
        -0.039688671267668896,
        -0.9920400160891713
      ]
    },
    "pose_9dof": {
      "translation": [
        -0.07675438382529458,
        -0.10272860269232592,
        0.5178623158966423
      ],
      "rotation": [
        0.8820562157897305,
        -0.45441457338888036,
        0.1244356366902261,
        -0.4557361257744403,
        -0.8899057280773108,
        -0.01929711893767567,
        0.11950487793727778,
        -0.039688671267668896,
        -0.9920400160891713
      ],
      "scale": [
        0.010634302244272566,
        0.11901890254337796,
        0.003705992403704108
      ]
    }
  },
  {
    "frame_id": 1,
    "image": "frame_000001.png",
    "keypoints_2d": [
      [
        0.42872388878934836,
        0.20514933633023813,
        0.6194748272952393
      ],
      [
        0.47783293681544076,
        0.3420148396681477,
        0.620817465341193
      ],
      [
        0.5003317471490132,
        0.3313839744326987,
        0.6210120214302147
      ],
      [
        0.3760314759608636,
        0.05608743695912943,
        0.6144324852271678
      ],
      [
        0.3523230770686898,
        0.06742395596286688,
        0.6142379291381459
      ],
      [
        0.47762078883591064,
        0.34259380498046654,
        0.6245171693633109
      ],
      [
        0.49998511169747,
        0.3320278449912974,
        0.6247117254523327
      ],
      [
        0.3764711784027821,
        0.05858004670255007,
        0.6181321892492857
      ],
      [
        0.3529153311493029,
        0.0698395218348905,
        0.6179376331602638
      ]
    ],
    "keypoints_3d": [
      [
        -0.029916774588895946,
        -0.1237578859531907,
        0.6194748272952393
      ],
      [
        -0.009484892045683872,
        -0.06759903998521181,
        0.620817465341193
      ],
      [
        0.0001418802295812718,
        -0.07211299476023465,
        0.6210120214302147
      ],
      [
        -0.05020037123174304,
        -0.17975994819500532,
        0.6144324852271678
      ],
      [
        -0.05982714350700817,
        -0.17524599341998248,
        0.6142379291381459
      ],
      [
        -0.009633177946048878,
        -0.06775582371137613,
        0.6245171693633109
      ],
      [
        -6.405670783734456e-06,
        -0.07226977848639897,
        0.6247117254523327
      ],
      [
        -0.05034865713210804,
        -0.17991673192116964,
        0.6181321892492857
      ],
      [
        -0.059975429407373194,
        -0.17540277714614677,
        0.6179376331602638
      ]
    ],
    "model_matrix": [
      0.8820562157897305,
      -0.45441457338888036,
      0.1244356366902261,
      -0.07675438382529458,
      -0.4557361257744403,
      -0.8899057280773108,
      -0.01929711893767567,
      -0.10272860269232592,
      0.11950487793727778,
      -0.039688671267668896,
      -0.9920400160891713,
      0.5178623158966423,
      0.0,
      0.0,
      0.0,
      1.0
    ],
    "view_matrix": [
      0.995673073043873,
      -0.0369206565929475,
      0.08527600326068285,
      -0.001448537377239518,
      0.04185330158266721,
      0.9975080069206846,
      -0.05679856755019051,
      0.011340979877363568,
      -0.08296645564323366,
      0.060121886579422065,
      0.9947371140116018,
      0.10414615994331432,
      0.0,
      0.0,
      0.0,
      1.0
    ],
    "camera_intrinsics": {
      "fx": 737.7369378385692,
      "fy": 737.7369378385692,
      "cx": 256.0,
      "cy": 256.0,
      "image_width": 512,
      "image_height": 512,
      "model": "SIMPLE_RADIAL",
      "dist": [
        0.5749054254436181,
        0.0,
        0.0,
        0.0
      ]
    },
    "visibility": [
      1.0,
      1.0,
      1.0,
      1.0,
      1.0,
      1.0,
      1.0,
      1.0,
      1.0
    ],
    "keypoints_2d_visibility": [
      1.0,
      1.0,
      1.0,
      1.0,
      1.0,
      1.0,
      1.0,
      1.0,
      1.0
    ],
    "pose_6dof": {
      "translation": [
        -0.07675438382529458,
        -0.10272860269232592,
        0.5178623158966423
      ],
      "rotation": [
        0.8820562157897305,
        -0.45441457338888036,
        0.1244356366902261,
        -0.4557361257744403,
        -0.8899057280773108,
        -0.01929711893767567,
        0.11950487793727778,
        -0.039688671267668896,
        -0.9920400160891713
      ]
    },
    "pose_9dof": {
      "translation": [
        -0.07675438382529458,
        -0.10272860269232592,
        0.5178623158966423
      ],
      "rotation": [
        0.8820562157897305,
        -0.45441457338888036,
        0.1244356366902261,
        -0.4557361257744403,
        -0.8899057280773108,
        -0.01929711893767567,
        0.11950487793727778,
        -0.039688671267668896,
        -0.9920400160891713
      ],
      "scale": [
        0.010634302244272566,
        0.11901890254337796,
        0.003705992403704108
      ]
    }
  },
  {
    "frame_id": 2,
    "image": "frame_000002.png",
    "keypoints_2d": [
      [
        0.4266074180342991,
        0.2033704957159364,
        0.5895820955871959
      ],
      [
        0.4760128842695485,
        0.34071494878458275,
        0.5907139703733848
      ],
      [
        0.4985203126012243,
        0.33005734888802407,
        0.5909386348426857
      ],
      [
        0.373312716741799,
        0.052893978637358174,
        0.5847500698637642
      ],
      [
        0.34950516845523305,
        0.06428928976324383,
        0.5845254053944633
      ],
      [
        0.47580854264221895,
        0.3413876170371257,
        0.5944141213106277
      ],
      [
        0.4981744047636947,
        0.3307986350442419,
        0.5946387857799286
      ],
      [
        0.3738063441001881,
        0.05561634076052813,
        0.5884502208010071
      ],
      [
        0.3501610168919199,
        0.06692946311168602,
        0.5882255563317061
      ]
    ],
    "keypoints_3d": [
      [
        -0.030739209204722458,
        -0.1242381197699582,
        0.5895820955871959
      ],
      [
        -0.010254423488555283,
        -0.06809390461587185,
        0.5907139703733848
      ],
      [
        -0.0006322687173087405,
        -0.07261629863419353,
        0.5909386348426857
      ],
      [
        -0.051071248090359546,
        -0.18024115722149536,
        0.5847500698637642
      ],
      [
        -0.06069340286160611,
        -0.17571876320317367,
        0.5845254053944633
      ],
      [
        -0.010407170319085354,
        -0.06823508231842107,
        0.5944141213106277
      ],
      [
        -0.0007850155478388124,
        -0.07275747633674275,
        0.5946387857799286
      ],
      [
        -0.05122399492088963,
        -0.1803823349240446,
        0.5884502208010071
      ],
      [
        -0.06084614969213618,
        -0.17585994090572288,
        0.5882255563317061
      ]
    ],
    "model_matrix": [
      0.8820562157897305,
      -0.45441457338888036,
      0.1244356366902261,
      -0.07675438382529458,
      -0.4557361257744403,
      -0.8899057280773108,
      -0.01929711893767567,
      -0.10272860269232592,
      0.11950487793727778,
      -0.039688671267668896,
      -0.9920400160891713,
      0.5178623158966423,
      0.0,
      0.0,
      0.0,
      1.0
    ],
    "view_matrix": [
      0.9958091683522866,
      -0.0360227644653575,
      0.08406224280734234,
      -0.0015397260785807818,
      0.04054495361872705,
      0.9977857303559788,
      -0.05272326843094134,
      0.008678410919371536,
      -0.08197686845435409,
      0.05591061382473993,
      0.9950647196540325,
      0.07372711060786012,
      0.0,
      0.0,
      0.0,
      1.0
    ],
    "camera_intrinsics": {
      "fx": 702.109160619283,
      "fy": 702.109160619283,
      "cx": 256.0,
      "cy": 256.0,
      "image_width": 512,
      "image_height": 512,
      "model": "SIMPLE_RADIAL",
      "dist": [
        0.5628757337755488,
        0.0,
        0.0,
        0.0
      ]
    },
    "visibility": [
      1.0,
      1.0,
      1.0,
      1.0,
      1.0,
      1.0,
      1.0,
      1.0,
      1.0
    ],
    "keypoints_2d_visibility": [
      1.0,
      1.0,
      1.0,
      1.0,
      1.0,
      1.0,
      1.0,
      1.0,
      1.0
    ],
    "pose_6dof": {
      "translation": [
        -0.07675438382529458,
        -0.10272860269232592,
        0.5178623158966423
      ],
      "rotation": [
        0.8820562157897305,
        -0.45441457338888036,
        0.1244356366902261,
        -0.4557361257744403,
        -0.8899057280773108,
        -0.01929711893767567,
        0.11950487793727778,
        -0.039688671267668896,
        -0.9920400160891713
      ]
    },
    "pose_9dof": {
      "translation": [
        -0.07675438382529458,
        -0.10272860269232592,
        0.5178623158966423
      ],
      "rotation": [
        0.8820562157897305,
        -0.45441457338888036,
        0.1244356366902261,
        -0.4557361257744403,
        -0.8899057280773108,
        -0.01929711893767567,
        0.11950487793727778,
        -0.039688671267668896,
        -0.9920400160891713
      ],
      "scale": [
        0.010634302244272566,
        0.11901890254337796,
        0.003705992403704108
      ]
    }
  },
  {
    "frame_id": 3,
    "image": "frame_000003.png",
    "keypoints_2d": [
      [
        0.424430159059211,
        0.20226127254241294,
        0.6116117521290257
      ],
      [
        0.474037586389884,
        0.3392743860372568,
        0.6131067216673038
      ],
      [
        0.4965358857081037,
        0.32857995426730036,
        0.6133167542376821
      ],
      [
        0.37116314940487677,
        0.053018650550874735,
        0.606417745632477
      ],
      [
        0.3474394292459438,
        0.0644059894791586,
        0.6062077130620986
      ],
      [
        0.47382738720062445,
        0.33986636331689735,
        0.6168057586255746
      ],
      [
        0.49618960302444304,
        0.3292379641677595,
        0.617015791195953
      ],
      [
        0.37162050111087164,
        0.0555499825830536,
        0.6101167825907478
      ],
      [
        0.3480512980780986,
        0.0668592219629281,
        0.6099067500203694
      ]
    ],
    "keypoints_3d": [
      [
        -0.031671011810535415,
        -0.12478108510446018,
        0.6116117521290257
      ],
      [
        -0.011093914114154335,
        -0.06867913684853552,
        0.6131067216673038
      ],
      [
        -0.0014796332531487265,
        -0.07321894676389785,
        0.6133167542376821
      ],
      [
        -0.05209029043982754,
        -0.18071994314080536,
        0.606417745632477
      ],
      [
        -0.06170457130083315,
        -0.17618013322544304,
        0.6062077130620986
      ],
      [
        -0.011251733181243305,
        -0.06884222706811499,
        0.6168057586255746
      ],
      [
        -0.0016374523202376905,
        -0.07338203698347733,
        0.617015791195953
      ],
      [
        -0.05224810950691651,
        -0.18088303336038483,
        0.6101167825907478
      ],
      [
        -0.06186239036792212,
        -0.17634322344502248,
        0.6099067500203694
      ]
    ],
    "model_matrix": [
      0.8820562157897305,
      -0.45441457338888036,
      0.1244356366902261,
      -0.07675438382529458,
      -0.4557361257744403,
      -0.8899057280773108,
      -0.01929711893767567,
      -0.10272860269232592,
      0.11950487793727778,
      -0.039688671267668896,
      -0.9920400160891713,
      0.5178623158966423,
      0.0,
      0.0,
      0.0,
      1.0
    ],
    "view_matrix": [
      0.9959818476157102,
      -0.034428099879789134,
      0.08267324330557835,
      -0.0015751466305291013,
      0.03936324930320512,
      0.9974918759343431,
      -0.058825947075069045,
      0.011174904639959349,
      -0.08044062297303406,
      0.06184386294251327,
      0.9948390034533516,
      0.0966010850307274,
      0.0,
      0.0,
      0.0,
      1.0
    ],
    "camera_intrinsics": {
      "fx": 729.4782065903064,
      "fy": 729.4782065903064,
      "cx": 256.0,
      "cy": 256.0,
      "image_width": 512,
      "image_height": 512,
      "model": "SIMPLE_RADIAL",
      "dist": [
        0.548082441865262,
        0.0,
        0.0,
        0.0
      ]
    },
    "visibility": [
      1.0,
      1.0,
      1.0,
      1.0,
      1.0,
      1.0,
      1.0,
      1.0,
      1.0
    ],
    "keypoints_2d_visibility": [
      1.0,
      1.0,
      1.0,
      1.0,
      1.0,
      1.0,
      1.0,
      1.0,
      1.0
    ],
    "pose_6dof": {
      "translation": [
        -0.07675438382529458,
        -0.10272860269232592,
        0.5178623158966423
      ],
      "rotation": [
        0.8820562157897305,
        -0.45441457338888036,
        0.1244356366902261,
        -0.4557361257744403,
        -0.8899057280773108,
        -0.01929711893767567,
        0.11950487793727778,
        -0.039688671267668896,
        -0.9920400160891713
      ]
    },
    "pose_9dof": {
      "translation": [
        -0.07675438382529458,
        -0.10272860269232592,
        0.5178623158966423
      ],
      "rotation": [
        0.8820562157897305,
        -0.45441457338888036,
        0.1244356366902261,
        -0.4557361257744403,
        -0.8899057280773108,
        -0.01929711893767567,
        0.11950487793727778,
        -0.039688671267668896,
        -0.9920400160891713
      ],
      "scale": [
        0.010634302244272566,
        0.11901890254337796,
        0.003705992403704108
      ]
    }
  },
  {
    "frame_id": 4,
    "image": "frame_000004.png",
    "keypoints_2d": [
      [
        0.4220663254120565,
        0.2009777687870155,
        0.6028746745197155
      ],
      [
        0.47212251714899645,
        0.3380276586292037,
        0.6042913624686889
      ],
      [
        0.4945869665145747,
        0.32727310907804086,
        0.6045108679653435
      ],
      [
        0.3681838630851265,
        0.05133694792947391,
        0.5977587536110328
      ],
      [
        0.3444590872258139,
        0.06280047085866403,
        0.5975392481143782
      ],
      [
        0.47192312086549365,
        0.338656102288976,
        0.6079905954283984
      ],
      [
        0.4942496424594325,
        0.3279690094383434,
        0.608210100925053
      ],
      [
        0.36867218824542736,
        0.05394639436359394,
        0.6014579865707423
      ],
      [
        0.3451046749950021,
        0.06532986565288351,
        0.6012384810740877
      ]
    ],
    "keypoints_3d": [
      [
        -0.03264817722180234,
        -0.12526716916041247,
        0.6028746745197155
      ],
      [
        -0.011913826940634276,
        -0.06922111492543266,
        0.6042913624686889
      ],
      [
        -0.0023124067973238523,
        -0.07378761607961098,
        0.6045108679653435
      ],
      [
        -0.05322323674627158,
        -0.18115611941408863,
        0.5977587536110328
      ],
      [
        -0.06282465688958201,
        -0.17658961825991032,
        0.5975392481143782
      ],
      [
        -0.012073117697333107,
        -0.06937821890673632,
        0.6079905954283984
      ],
      [
        -0.002471697554022683,
        -0.07394472006091463,
        0.608210100925053
      ],
      [
        -0.05338252750297043,
        -0.1813132233953923,
        0.6014579865707423
      ],
      [
        -0.06298394764628085,
        -0.17674672224121396,
        0.6012384810740877
      ]
    ],
    "model_matrix": [
      0.8820562157897305,
      -0.45441457338888036,
      0.1244356366902261,
      -0.07675438382529458,
      -0.4557361257744403,
      -0.8899057280773108,
      -0.01929711893767567,
      -0.10272860269232592,
      0.11950487793727778,
      -0.039688671267668896,
      -0.9920400160891713,
      0.5178623158966423,
      0.0,
      0.0,
      0.0,
      1.0
    ],
    "view_matrix": [
      0.9961105979823645,
      -0.03164021790591233,
      0.08223486607323385,
      -0.002029015618310431,
      0.036442501470468416,
      0.9976762551018669,
      -0.057567647967322645,
      0.009831955708013347,
      -0.08022232029673057,
      0.06034058846896561,
      0.9949489397498887,
      0.0876694019575679,
      0.0,
      0.0,
      0.0,
      1.0
    ],
    "camera_intrinsics": {
      "fx": 718.6381643895113,
      "fy": 718.6381643895113,
      "cx": 256.0,
      "cy": 256.0,
      "image_width": 512,
      "image_height": 512,
      "model": "SIMPLE_RADIAL",
      "dist": [
        0.5488311288503445,
        0.0,
        0.0,
        0.0
      ]
    },
    "visibility": [
      1.0,
      1.0,
      1.0,
      1.0,
      1.0,
      1.0,
      1.0,
      1.0,
      1.0
    ],
    "keypoints_2d_visibility": [
      1.0,
      1.0,
      1.0,
      1.0,
      1.0,
      1.0,
      1.0,
      1.0,
      1.0
    ],
    "pose_6dof": {
      "translation": [
        -0.07675438382529458,
        -0.10272860269232592,
        0.5178623158966423
      ],
      "rotation": [
        0.8820562157897305,
        -0.45441457338888036,
        0.1244356366902261,
        -0.4557361257744403,
        -0.8899057280773108,
        -0.01929711893767567,
        0.11950487793727778,
        -0.039688671267668896,
        -0.9920400160891713
      ]
    },
    "pose_9dof": {
      "translation": [
        -0.07675438382529458,
        -0.10272860269232592,
        0.5178623158966423
      ],
      "rotation": [
        0.8820562157897305,
        -0.45441457338888036,
        0.1244356366902261,
        -0.4557361257744403,
        -0.8899057280773108,
        -0.01929711893767567,
        0.11950487793727778,
        -0.039688671267668896,
        -0.9920400160891713
      ],
      "scale": [
        0.010634302244272566,
        0.11901890254337796,
        0.003705992403704108
      ]
    }
  },
  {
    "frame_id": 5,
    "image": "frame_000005.png",
    "keypoints_2d": [
      [
        0.41571673344738147,
        0.19795912370436441,
        0.5931267127740647
      ],
      [
        0.4663638332526818,
        0.3352274035386059,
        0.5944356836073001
      ],
      [
        0.48882347983458296,
        0.32441145047418185,
        0.5946817675197027
      ],
      [
        0.3610427573819934,
        0.047788922556041724,
        0.5881183827854777
      ],
      [
        0.3372826224881985,
        0.05930421252037671,
        0.5878722988730753
      ],
      [
        0.46618837942730296,
        0.3359128889570404,
        0.5981350427626517
      ],
      [
        0.4885078072276228,
        0.3251659268880968,
        0.5983811266750543
      ],
      [
        0.36158080247263963,
        0.050504840871287704,
        0.5918177419408293
      ],
      [
        0.3379812853938686,
        0.06193835965837313,
        0.5915716580284269
      ]
    ],
    "keypoints_3d": [
      [
        -0.035249147684739725,
        -0.12632025182277914,
        0.5931267127740647
      ],
      [
        -0.014356990783662347,
        -0.07033020934185451,
        0.5944356836073001
      ],
      [
        -0.004769014078980002,
        -0.07492352292151203,
        0.5946817675197027
      ],
      [
        -0.0559757593158544,
        -0.18216292979093893,
        0.5881183827854777
      ],
      [
        -0.06556373602053674,
        -0.1775696162112814,
        0.5878722988730753
      ],
      [
        -0.014522536053625051,
        -0.07047757385461932,
        0.5981350427626517
      ],
      [
        -0.004934559348942713,
        -0.07507088743427683,
        0.5983811266750543
      ],
      [
        -0.0561413045858171,
        -0.18231029430370374,
        0.5918177419408293
      ],
      [
        -0.06572928129049944,
        -0.1777169807240462,
        0.5915716580284269
      ]
    ],
    "model_matrix": [
      0.8820562157897305,
      -0.45441457338888036,
      0.1244356366902261,
      -0.07675438382529458,
      -0.4557361257744403,
      -0.8899057280773108,
      -0.01929711893767567,
      -0.10272860269232592,
      0.11950487793727778,
      -0.039688671267668896,
      -0.9920400160891713,
      0.5178623158966423,
      0.0,
      0.0,
      0.0,
      1.0
    ],
    "view_matrix": [
      0.9963353521006052,
      -0.028884100625981526,
      0.08050822868248445,
      -0.0034354427024793554,
      0.03339864828579118,
      0.9979107670947255,
      -0.05530489317500364,
      0.007397539622286545,
      -0.07874259614239967,
      0.05779108622828195,
      0.9952184654161669,
      0.07763353153913538,
      0.0,
      0.0,
      0.0,
      1.0
    ],
    "camera_intrinsics": {
      "fx": 707.4888522320138,
      "fy": 707.4888522320138,
      "cx": 256.0,
      "cy": 256.0,
      "image_width": 512,
      "image_height": 512,
      "model": "SIMPLE_RADIAL",
      "dist": [
        0.5387329549104244,
        0.0,
        0.0,
        0.0
      ]
    },
    "visibility": [
      1.0,
      1.0,
      1.0,
      1.0,
      1.0,
      1.0,
      1.0,
      1.0,
      1.0
    ],
    "keypoints_2d_visibility": [
      1.0,
      1.0,
      1.0,
      1.0,
      1.0,
      1.0,
      1.0,
      1.0,
      1.0
    ],
    "pose_6dof": {
      "translation": [
        -0.07675438382529458,
        -0.10272860269232592,
        0.5178623158966423
      ],
      "rotation": [
        0.8820562157897305,
        -0.45441457338888036,
        0.1244356366902261,
        -0.4557361257744403,
        -0.8899057280773108,
        -0.01929711893767567,
        0.11950487793727778,
        -0.039688671267668896,
        -0.9920400160891713
      ]
    },
    "pose_9dof": {
      "translation": [
        -0.07675438382529458,
        -0.10272860269232592,
        0.5178623158966423
      ],
      "rotation": [
        0.8820562157897305,
        -0.45441457338888036,
        0.1244356366902261,
        -0.4557361257744403,
        -0.8899057280773108,
        -0.01929711893767567,
        0.11950487793727778,
        -0.039688671267668896,
        -0.9920400160891713
      ],
      "scale": [
        0.010634302244272566,
        0.11901890254337796,
        0.003705992403704108
      ]
    }
  },
  {
    "frame_id": 6,
    "image": "frame_000006.png",
    "keypoints_2d": [
      [
        0.41378873925274284,
        0.19729298318622268,
        0.5846739489995972
      ],
      [
        0.46460196236936635,
        0.3345633468496892,
        0.5862257750987191
      ],
      [
        0.4870348041703877,
        0.3237400745990818,
        0.5864917557365767
      ],
      [
        0.35888349984290757,
        0.04698274458304452,
        0.579423832404956
      ],
      [
        0.33511969299187117,
        0.058500343136697386,
        0.5791578517670983
      ],
      [
        0.4644100231155559,
        0.3352413629998662,
        0.5899240655942385
      ],
      [
        0.48670097997781214,
        0.3244880076149633,
        0.5901900462320961
      ],
      [
        0.3594167699508366,
        0.04971916378522523,
        0.5831221229004754
      ],
      [
        0.33581582647113284,
        0.06115399027014845,
        0.5828561422626177
      ]
    ],
    "keypoints_3d": [
      [
        -0.036062175340809875,
        -0.1266223625848064,
        0.5846739489995972
      ],
      [
        -0.015118458738091266,
        -0.07065779296919757,
        0.5862257750987191
      ],
      [
        -0.0055360344698009364,
        -0.07526157224988707,
        0.5864917557365767
      ],
      [
        -0.056827153058999054,
        -0.18242856705835056,
        0.579423832404956
      ],
      [
        -0.06640957732728939,
        -0.1778247877776611,
        0.5791578517670983
      ],
      [
        -0.01529719762262071,
        -0.0708161581112623,
        0.5899240655942385
      ],
      [
        -0.005714773354330381,
        -0.07541993739195178,
        0.5901900462320961
      ],
      [
        -0.0570058919435285,
        -0.1825869322004153,
        0.5831221229004754
      ],
      [
        -0.06658831621181882,
        -0.1779831529197258,
        0.5828561422626177
      ]
    ],
    "model_matrix": [
      0.8820562157897305,
      -0.45441457338888036,
      0.1244356366902261,
      -0.07675438382529458,
      -0.4557361257744403,
      -0.8899057280773108,
      -0.01929711893767567,
      -0.10272860269232592,
      0.11950487793727778,
      -0.039688671267668896,
      -0.9920400160891713,
      0.5178623158966423,
      0.0,
      0.0,
      0.0,
      1.0
    ],
    "view_matrix": [
      0.9966399464557806,
      -0.028083988010586702,
      0.07694222992635395,
      -0.0022962005811910683,
      0.032623473842592926,
      0.9977605716128337,
      -0.05839135800161638,
      0.0086188652745722,
      -0.07513006111444574,
      0.06070528273760445,
      0.9953242399161627,
      0.06970264037262862,
      0.0,
      0.0,
      0.0,
      1.0
    ],
    "camera_intrinsics": {
      "fx": 697.2480678233627,
      "fy": 697.2480678233627,
      "cx": 256.0,
      "cy": 256.0,
      "image_width": 512,
      "image_height": 512,
      "model": "SIMPLE_RADIAL",
      "dist": [
        0.5202616499809223,
        0.0,
        0.0,
        0.0
      ]
    },
    "visibility": [
      1.0,
      1.0,
      1.0,
      1.0,
      1.0,
      1.0,
      1.0,
      1.0,
      1.0
    ],
    "keypoints_2d_visibility": [
      1.0,
      1.0,
      1.0,
      1.0,
      1.0,
      1.0,
      1.0,
      1.0,
      1.0
    ],
    "pose_6dof": {
      "translation": [
        -0.07675438382529458,
        -0.10272860269232592,
        0.5178623158966423
      ],
      "rotation": [
        0.8820562157897305,
        -0.45441457338888036,
        0.1244356366902261,
        -0.4557361257744403,
        -0.8899057280773108,
        -0.01929711893767567,
        0.11950487793727778,
        -0.039688671267668896,
        -0.9920400160891713
      ]
    },
    "pose_9dof": {
      "translation": [
        -0.07675438382529458,
        -0.10272860269232592,
        0.5178623158966423
      ],
      "rotation": [
        0.8820562157897305,
        -0.45441457338888036,
        0.1244356366902261,
        -0.4557361257744403,
        -0.8899057280773108,
        -0.01929711893767567,
        0.11950487793727778,
        -0.039688671267668896,
        -0.9920400160891713
      ],
      "scale": [
        0.010634302244272566,
        0.11901890254337796,
        0.003705992403704108
      ]
    }
  },
  {
    "frame_id": 7,
    "image": "frame_000007.png",
    "keypoints_2d": [
      [
        0.4139964743193232,
        0.19746954563024816,
        0.5900634347180218
      ],
      [
        0.46492840134680175,
        0.3346164534278716,
        0.5916394545406416
      ],
      [
        0.48735484507128596,
        0.32376042491526424,
        0.5918791959505953
      ],
      [
        0.35901229355271236,
        0.04748913037321251,
        0.5847889479535056
      ],
      [
        0.3352822875876193,
        0.05904556870852157,
        0.584549206543552
      ],
      [
        0.4647503080151518,
        0.33527404149430823,
        0.5953379214825378
      ],
      [
        0.4870362159946526,
        0.32448745153626846,
        0.5955776628924916
      ],
      [
        0.3595536668806826,
        0.05017803547905708,
        0.588487414895402
      ],
      [
        0.3359845606812891,
        0.06165232196204545,
        0.5882476734854483
      ]
    ],
    "keypoints_3d": [
      [
        -0.035979991645386615,
        -0.12656508130973546,
        0.5900634347180218
      ],
      [
        -0.01497658773625914,
        -0.07062356124291928,
        0.5916394545406416
      ],
      [
        -0.005398261416890248,
        -0.07523729868653038,
        0.5918791959505953
      ],
      [
        -0.056812425065605965,
        -0.18234384060752115,
        0.5847889479535056
      ],
      [
        -0.06639075138497487,
        -0.17773010316391002,
        0.584549206543552
      ],
      [
        -0.015147558225167276,
        -0.07078632201194979,
        0.5953379214825378
      ],
      [
        -0.005569231905798375,
        -0.0754000594555609,
        0.5955776628924916
      ],
      [
        -0.05698339555451409,
        -0.18250660137655164,
        0.588487414895402
      ],
      [
        -0.066561721873883,
        -0.17789286393294054,
        0.5882476734854483
      ]
    ],
    "model_matrix": [
      0.8820562157897305,
      -0.45441457338888036,
      0.1244356366902261,
      -0.07675438382529458,
      -0.4557361257744403,
      -0.8899057280773108,
      -0.01929711893767567,
      -0.10272860269232592,
      0.11950487793727778,
      -0.039688671267668896,
      -0.9920400160891713,
      0.5178623158966423,
      0.0,
      0.0,
      0.0,
      1.0
    ],
    "view_matrix": [
      0.9965089924086957,
      -0.026947909792283703,
      0.07901669574484253,
      -0.003181648128056694,
      0.03171428170202807,
      0.9977124365939039,
      -0.05970006869325883,
      0.00927914917349274,
      -0.07722714797744691,
      0.061997613048264656,
      0.9950840485062492,
      0.07518831084788274,
      0.0,
      0.0,
      0.0,
      1.0
    ],
    "camera_intrinsics": {
      "fx": 703.9029370289782,
      "fy": 703.9029370289782,
      "cx": 256.0,
      "cy": 256.0,
      "image_width": 512,
      "image_height": 512,
      "model": "SIMPLE_RADIAL",
      "dist": [
        0.5211437827108325,
        0.0,
        0.0,
        0.0
      ]
    },
    "visibility": [
      1.0,
      1.0,
      1.0,
      1.0,
      1.0,
      1.0,
      1.0,
      1.0,
      1.0
    ],
    "keypoints_2d_visibility": [
      1.0,
      1.0,
      1.0,
      1.0,
      1.0,
      1.0,
      1.0,
      1.0,
      1.0
    ],
    "pose_6dof": {
      "translation": [
        -0.07675438382529458,
        -0.10272860269232592,
        0.5178623158966423
      ],
      "rotation": [
        0.8820562157897305,
        -0.45441457338888036,
        0.1244356366902261,
        -0.4557361257744403,
        -0.8899057280773108,
        -0.01929711893767567,
        0.11950487793727778,
        -0.039688671267668896,
        -0.9920400160891713
      ]
    },
    "pose_9dof": {
      "translation": [
        -0.07675438382529458,
        -0.10272860269232592,
        0.5178623158966423
      ],
      "rotation": [
        0.8820562157897305,
        -0.45441457338888036,
        0.1244356366902261,
        -0.4557361257744403,
        -0.8899057280773108,
        -0.01929711893767567,
        0.11950487793727778,
        -0.039688671267668896,
        -0.9920400160891713
      ],
      "scale": [
        0.010634302244272566,
        0.11901890254337796,
        0.003705992403704108
      ]
    }
  },
  {
    "frame_id": 8,
    "image": "frame_000008.png",
    "keypoints_2d": [
      [
        0.41330842256762,
        0.19647157433881662,
        0.5922243454673032
      ],
      [
        0.46450504644507834,
        0.3336874533833525,
        0.5938449496122834
      ],
      [
        0.48693789180830166,
        0.32278669680551786,
        0.5940916040777823
      ],
      [
        0.3580621677972101,
        0.046467710129177664,
        0.5869055089538247
      ],
      [
        0.33432791181890514,
        0.058065664984641774,
        0.5866588544883257
      ],
      [
        0.46431965711466133,
        0.3343432667949029,
        0.5975431819807817
      ],
      [
        0.4866124694172777,
        0.3235119664848155,
        0.5977898364462807
      ],
      [
        0.35859630145774263,
        0.049146510453568715,
        0.5906037413223231
      ],
      [
        0.33502227835072107,
        0.06066239218423475,
        0.5903570868568241
      ]
    ],
    "keypoints_3d": [
      [
        -0.036230749762211086,
        -0.12685272043211165,
        0.5922243454673032
      ],
      [
        -0.015141279019142563,
        -0.07094486456533952,
        0.5938449496122834
      ],
      [
        -0.005570416263379304,
        -0.07557370155831453,
        0.5940916040777823
      ],
      [
        -0.057145529967496556,
        -0.18259644141254788,
        0.5869055089538247
      ],
      [
        -0.06671639272325981,
        -0.17796760441957288,
        0.5866588544883257
      ],
      [
        -0.015315969556925636,
        -0.07110899945167544,
        0.5975431819807817
      ],
      [
        -0.005745106801162386,
        -0.07573783644465044,
        0.5977898364462807
      ],
      [
        -0.057320220505279636,
        -0.18276057629888376,
        0.5906037413223231
      ],
      [
        -0.06689108326104289,
        -0.1781317393059088,
        0.5903570868568241
      ]
    ],
    "model_matrix": [
      0.8820562157897305,
      -0.45441457338888036,
      0.1244356366902261,
      -0.07675438382529458,
      -0.4557361257744403,
      -0.8899057280773108,
      -0.01929711893767567,
      -0.10272860269232592,
      0.11950487793727778,
      -0.039688671267668896,
      -0.9920400160891713,
      0.5178623158966423,
      0.0,
      0.0,
      0.0,
      1.0
    ],
    "view_matrix": [
      0.9966293467913211,
      -0.02544400145810823,
      0.07799069113749613,
      -0.0027373449945738643,
      0.0301880400639019,
      0.9977257881185261,
      -0.06026552879023147,
      0.009168566373447304,
      -0.07627992757865457,
      0.062416780700912076,
      0.995130905024826,
      0.07744072019724545,
      0.0,
      0.0,
      0.0,
      1.0
    ],
    "camera_intrinsics": {
      "fx": 707.2769738861439,
      "fy": 707.2769738861439,
      "cx": 256.0,
      "cy": 256.0,
      "image_width": 512,
      "image_height": 512,
      "model": "SIMPLE_RADIAL",
      "dist": [
        0.5200903205606846,
        0.0,
        0.0,
        0.0
      ]
    },
    "visibility": [
      1.0,
      1.0,
      1.0,
      1.0,
      1.0,
      1.0,
      1.0,
      1.0,
      1.0
    ],
    "keypoints_2d_visibility": [
      1.0,
      1.0,
      1.0,
      1.0,
      1.0,
      1.0,
      1.0,
      1.0,
      1.0
    ],
    "pose_6dof": {
      "translation": [
        -0.07675438382529458,
        -0.10272860269232592,
        0.5178623158966423
      ],
      "rotation": [
        0.8820562157897305,
        -0.45441457338888036,
        0.1244356366902261,
        -0.4557361257744403,
        -0.8899057280773108,
        -0.01929711893767567,
        0.11950487793727778,
        -0.039688671267668896,
        -0.9920400160891713
      ]
    },
    "pose_9dof": {
      "translation": [
        -0.07675438382529458,
        -0.10272860269232592,
        0.5178623158966423
      ],
      "rotation": [
        0.8820562157897305,
        -0.45441457338888036,
        0.1244356366902261,
        -0.4557361257744403,
        -0.8899057280773108,
        -0.01929711893767567,
        0.11950487793727778,
        -0.039688671267668896,
        -0.9920400160891713
      ],
      "scale": [
        0.010634302244272566,
        0.11901890254337796,
        0.003705992403704108
      ]
    }
  },
  {
    "frame_id": 9,
    "image": "frame_000009.png",
    "keypoints_2d": [
      [
        0.411314212670633,
        0.19467538772697063,
        0.5867199982157442
      ],
      [
        0.46275944683689507,
        0.3321927967757434,
        0.5883968108980477
      ],
      [
        0.4852115789087065,
        0.3212569605493113,
        0.5886299498823613
      ],
      [
        0.35568554501085897,
        0.04410818438529962,
        0.581345034145612
      ],
      [
        0.33190574897338776,
        0.055761590392992055,
        0.5811118951612985
      ],
      [
        0.4625931077411393,
        0.3328564324159363,
        0.5920949622858763
      ],
      [
        0.4849037776403301,
        0.3219909230062781,
        0.59232810127019
      ],
      [
        0.3562524496658753,
        0.046824580184192,
        0.5850431855334407
      ],
      [
        0.3326349550617865,
        0.0583946415563148,
        0.584810046549127
      ]
    ],
    "keypoints_3d": [
      [
        -0.03700007473244272,
        -0.12738268229835803,
        0.5867199982157442
      ],
      [
        -0.01586612140199865,
