[
  {
    "frame_id": 0,
    "image": "frame_000000.png",
    "keypoints_2d": [
      [
        0.4358114164567747,
        0.2861932648676826,
        0.08472743093871643
      ],
      [
        0.4588925641202403,
        0.3932152841695796,
        0.08849363246247612
      ],
      [
        0.5148515889993879,
        0.3121465698059206,
        0.09038589163807734
      ],
      [
        0.486463368137465,
        0.20090284174441025,
        0.07902357052468084
      ],
      [
        0.421081066404887,
        0.29482218569211904,
        0.07713131134907963
      ],
      [
        0.39207748924661484,
        0.35817814029427997,
        0.09043129135275202
      ],
      [
        0.4481213480562365,
        0.2789423448893051,
        0.09232355052835323
      ],
      [
        0.4090683525264836,
        0.16294518446742856,
        0.08096122941495675
      ],
      [
        0.3435629375995491,
        0.2547620786414201,
        0.07906897023935552
      ]
    ],
    "keypoints_3d": [
      [
        -0.004275972199986882,
        -0.014242901231496092,
        0.08472743093871643
      ],
      [
        -0.002897736912468819,
        -0.007527446218110739,
        0.08849363246247612
      ],
      [
        0.0010607066073796828,
        -0.013416569407756332,
        0.09038589163807734
      ],
      [
        -0.0008299594919741375,
        -0.01833827853469353,
        0.07902357052468084
      ],
      [
        -0.00478840301182264,
        -0.012449155345047935,
        0.07713131134907963
      ],
      [
        -0.007721984907999626,
        -0.010147523928298659,
        0.09043129135275202
      ],
      [
        -0.003763541388151121,
        -0.016036647117944253,
        0.09232355052835323
      ],
      [
        -0.0056542074875049406,
        -0.02095835624488145,
        0.08096122941495675
      ],
      [
        -0.009612651007353444,
        -0.015069233055235855,
        0.07906897023935552
      ]
    ],
    "model_matrix": [
      0.5058201498186672,
      -0.0729345016303233,
      0.8595501931285674,
      -0.01694442049978357,
      -0.8031712905492691,
      -0.40336980261409316,
      0.4384161041459236,
      -0.01707033497040228,
      0.3147409316768998,
      -0.9121257373898644,
      -0.262611471790844,
      0.07328019186600146,
      0.0,
      0.0,
      0.0,
      1.0
    ],
    "view_matrix": [
      0.9959294988753723,
      -0.008740443294702461,
      0.08971085731873159,
      0.005876244885485646,
      0.009873267143475951,
      0.9998769353314125,
      -0.012191504754366271,
      0.0038860255815113586,
      -0.08959325792582433,
      0.013027618480530813,
      0.9958932318732577,
      0.010452463804080358,
      0.0,
      0.0,
      0.0,
      1.0
    ],
    "camera_intrinsics": {
      "fx": 639.6309397959665,
      "fy": 639.6309397959665,
      "cx": 256.0,
      "cy": 256.0,
      "image_width": 512,
      "image_height": 512,
      "model": "SIMPLE_RADIAL",
      "dist": [
        0.5873316117501044,
        0.0,
        0.0,
        0.0
      ]
    },
    "visibility": [
      1.0,
      1.0,
      1.0,
      1.0,
      1.0,
      1.0,
      1.0,
      1.0,
      1.0
    ],
    "keypoints_2d_visibility": [
      1.0,
      1.0,
      1.0,
      1.0,
      1.0,
      1.0,
      1.0,
      1.0,
      1.0
    ],
    "pose_6dof": {
      "translation": [
        -0.01694442049978357,
        -0.01707033497040228,
        0.07328019186600146
      ],
      "rotation": [
        0.5058201498186672,
        -0.0729345016303233,
        0.8595501931285674,
        -0.8031712905492691,
        -0.40336980261409316,
        0.4384161041459236,
        0.3147409316768998,
        -0.9121257373898644,
        -0.262611471790844
      ]
    },
    "pose_9dof": {
      "translation": [
        -0.01694442049978357,
        -0.01707033497040228,
        0.07328019186600146
      ],
      "rotation": [
        0.5058201498186672,
        -0.0729345016303233,
        0.8595501931285674,
        -0.8031712905492691,
        -0.40336980261409316,
        0.4384161041459236,
        0.3147409316768998,
        -0.9121257373898644,
        -0.262611471790844
      ],
      "scale": [
        0.0073438199753539,
        0.01252598020570335,
        0.005821743545102242
      ]
    }
  },
  {
    "frame_id": 1,
    "image": "frame_000001.png",
    "keypoints_2d": [
      [
        0.4360479403367422,
        0.28764091935066866,
        0.08456749004873694
      ],
      [
        0.45913280265632833,
        0.39459031393831334,
        0.0883319064037777
      ],
      [
        0.5150586069448561,
        0.3135178221109393,
        0.09022656791847039
      ],
      [
        0.4867140352974281,
        0.20240895599523828,
        0.07886541297684532
      ],
      [
        0.4213547491096685,
        0.2963374599060935,
        0.07697075146215264
      ],
      [
        0.392307996671959,
        0.3595687791371702,
        0.09026956712062856
      ],
      [
        0.448322588383248,
        0.28033603810697516,
        0.09216422863532124
      ],
      [
        0.4092997448256093,
        0.1644771434331216,
        0.08080307369369619
      ],
      [
        0.343812579006767,
        0.25629572261100525,
        0.0789084121790035
      ]
    ],
    "keypoints_3d": [
      [
        -0.004260356941988051,
        -0.014146932689931606,
        0.08456749004873694
      ],
      [
        -0.002880884601218505,
        -0.007430730784904793,
        0.0883319064037777
      ],
      [
        0.0010756325860773455,
        -0.013320376047709168,
        0.09022656791847039
      ],
      [
        -0.000814547153049571,
        -0.01824496324457563,
        0.07886541297684532
      ],
      [
        -0.004771064340345421,
        -0.012355317981771252,
        0.07697075146215264
      ],
      [
        -0.007706166730926529,
        -0.010048902135287582,
        0.09026956712062856
      ],
      [
        -0.0037496495436306803,
        -0.015938547398091956,
        0.09216422863532124
      ],
      [
        -0.005639829282757597,
        -0.020863134594958418,
        0.08080307369369619
      ],
      [
        -0.009596346470053443,
        -0.014973489332154043,
        0.0789084121790035
      ]
    ],
    "model_matrix": [
      0.5058201498186672,
      -0.0729345016303233,
      0.8595501931285674,
      -0.01694442049978357,
      -0.8031712905492691,
      -0.40336980261409316,
      0.4384161041459236,
      -0.01707033497040228,
      0.3147409316768998,
      -0.9121257373898644,
      -0.262611471790844,
      0.07328019186600146,
      0.0,
      0.0,
      0.0,
      1.0
    ],
    "view_matrix": [
      0.9959466715345412,
      -0.008467551044441135,
      0.08954623408373183,
      0.0059088731086117076,
      0.009572602215351934,
      0.9998831527731146,
      -0.011918308912052169,
      0.003956985820174916,
      -0.08943485196552489,
      0.01272719057004517,
      0.9959113544257332,
      0.010288750582112895,
      0.0,
      0.0,
      0.0,
      1.0
    ],
    "camera_intrinsics": {
      "fx": 638.5060259426142,
      "fy": 638.5060259426142,
      "cx": 256.0,
      "cy": 256.0,
      "image_width": 512,
      "image_height": 512,
      "model": "SIMPLE_RADIAL",
      "dist": [
        0.5873621140419947,
        0.0,
        0.0,
        0.0
      ]
    },
    "visibility": [
      1.0,
      1.0,
      1.0,
      1.0,
      1.0,
      1.0,
      1.0,
      1.0,
      1.0
    ],
    "keypoints_2d_visibility": [
      1.0,
      1.0,
      1.0,
      1.0,
      1.0,
      1.0,
      1.0,
      1.0,
      1.0
    ],
    "pose_6dof": {
      "translation": [
        -0.01694442049978357,
        -0.01707033497040228,
        0.07328019186600146
      ],
      "rotation": [
        0.5058201498186672,
        -0.0729345016303233,
        0.8595501931285674,
        -0.8031712905492691,
        -0.40336980261409316,
        0.4384161041459236,
        0.3147409316768998,
        -0.9121257373898644,
        -0.262611471790844
      ]
    },
    "pose_9dof": {
      "translation": [
        -0.01694442049978357,
        -0.01707033497040228,
        0.07328019186600146
      ],
      "rotation": [
        0.5058201498186672,
        -0.0729345016303233,
        0.8595501931285674,
        -0.8031712905492691,
        -0.40336980261409316,
        0.4384161041459236,
        0.3147409316768998,
        -0.9121257373898644,
        -0.262611471790844
      ],
      "scale": [
        0.0073438199753539,
        0.01252598020570335,
        0.005821743545102242
      ]
    }
  },
  {
    "frame_id": 2,
    "image": "frame_000002.png",
    "keypoints_2d": [
      [
        0.4330005841790088,
        0.28664781606422407,
        0.0846155547454677
      ],
      [
        0.4564020077629041,
        0.39373011111739925,
        0.08838143651793394
      ],
      [
        0.5122749527305795,
        0.31251009852424005,
        0.09027727308144733
      ],
      [
        0.4834048789590928,
        0.2012053626407172,
        0.07891462613977614
      ],
      [
        0.4181061302570974,
        0.29530951661362126,
        0.07701878957626275
      ],
      [
        0.38946270122803006,
        0.35876141458021626,
        0.09031648335115924
      ],
      [
        0.4454431705878306,
        0.2793710880662189,
        0.09221231991467264
      ],
      [
        0.40585849930777024,
        0.16329081816108987,
        0.08084967297300145
      ],
      [
        0.3404037646521232,
        0.25529795276838857,
        0.07895383640948805
      ]
    ],
    "keypoints_3d": [
      [
        -0.00445856779263653,
        -0.014197812982821433,
        0.0846155547454677
      ],
      [
        -0.003070452957826551,
        -0.007484213788401253,
        0.08838143651793394
      ],
      [
        0.0008760027307056122,
        -0.013380227955039334,
        0.09027727308144733
      ],
      [
        -0.0010164145130137402,
        -0.018300511642791742,
        0.07891462613977614
      ],
      [
        -0.0049628702015459035,
        -0.012404497476153659,
        0.07701878957626275
      ],
      [
        -0.007900721072259323,
        -0.010095114322851127,
        0.09031648335115924
      ],
      [
        -0.003954265383727157,
        -0.015991128489489206,
        0.09221231991467264
      ],
      [
        -0.005846682627446511,
        -0.020911412177241614,
        0.08084967297300145
      ],
      [
        -0.009793138315978674,
        -0.015015398010603535,
        0.07895383640948805
      ]
    ],
    "model_matrix": [
      0.5058201498186672,
      -0.0729345016303233,
      0.8595501931285674,
      -0.01694442049978357,
      -0.8031712905492691,
      -0.40336980261409316,
      0.4384161041459236,
      -0.01707033497040228,
      0.3147409316768998,
      -0.9121257373898644,
      -0.262611471790844,
      0.07328019186600146,
      0.0,
      0.0,
      0.0,
      1.0
    ],
    "view_matrix": [
      0.9960028488433191,
      -0.006919623999039508,
      0.08905303981170057,
      0.005774179153962119,
      0.008035375279572451,
      0.9998935751157242,
      -0.012176665652469849,
      0.0038991684520688534,
      -0.08895930440436708,
      0.012843568273946282,
      0.9959524511310185,
      0.010343848188627866,
      0.0,
      0.0,
      0.0,
      1.0
    ],
    "camera_intrinsics": {
      "fx": 639.378714377034,
      "fy": 639.378714377034,
      "cx": 256.0,
      "cy": 256.0,
      "image_width": 512,
      "image_height": 512,
      "model": "SIMPLE_RADIAL",
      "dist": [
        0.5887581837536535,
        0.0,
        0.0,
        0.0
      ]
    },
    "visibility": [
      1.0,
      1.0,
      1.0,
      1.0,
      1.0,
      1.0,
      1.0,
      1.0,
      1.0
    ],
    "keypoints_2d_visibility": [
      1.0,
      1.0,
      1.0,
      1.0,
      1.0,
      1.0,
      1.0,
      1.0,
      1.0
    ],
    "pose_6dof": {
      "translation": [
        -0.01694442049978357,
        -0.01707033497040228,
        0.07328019186600146
      ],
      "rotation": [
        0.5058201498186672,
        -0.0729345016303233,
        0.8595501931285674,
        -0.8031712905492691,
        -0.40336980261409316,
        0.4384161041459236,
        0.3147409316768998,
        -0.9121257373898644,
        -0.262611471790844
      ]
    },
    "pose_9dof": {
      "translation": [
        -0.01694442049978357,
        -0.01707033497040228,
        0.07328019186600146
      ],
      "rotation": [
        0.5058201498186672,
        -0.0729345016303233,
        0.8595501931285674,
        -0.8031712905492691,
        -0.40336980261409316,
        0.4384161041459236,
        0.3147409316768998,
        -0.9121257373898644,
        -0.262611471790844
      ],
      "scale": [
        0.0073438199753539,
        0.01252598020570335,
        0.005821743545102242
      ]
    }
  },
  {
    "frame_id": 3,
    "image": "frame_000003.png",
    "keypoints_2d": [
      [
        0.43417432160456837,
        0.286863655807257,
        0.08457143041671726
      ],
      [
        0.45745221485385323,
        0.3939391087783372,
        0.0883322212354005
      ],
      [
        0.5133923591615666,
        0.3128182902481296,
        0.09022792019799766
      ],
      [
        0.4846356289136511,
        0.20143088945447035,
        0.07886978940857559
      ],
      [
        0.4192525387220166,
        0.29543952788461336,
        0.07697409044597842
      ],
      [
        0.39060270987968243,
        0.35894518791919283,
        0.09027307142485894
      ],
      [
        0.44663856854546086,
        0.2796593520610139,
        0.0921687703874561
      ],
      [
        0.40717766180812354,
        0.16349676565730648,
        0.08081063959803403
      ],
      [
        0.34165403443519954,
        0.2554019917151199,
        0.07891494063543686
      ]
    ],
    "keypoints_3d": [
      [
        -0.004382607967252642,
        -0.0141904050659207,
        0.08457143041671726
      ],
      [
        -0.0029979894250126487,
        -0.0074732310788391204,
        0.0883322212354005
      ],
      [
        0.000956168149910998,
        -0.013364127033291297,
        0.09022792019799766
      ],
      [
        -0.0009413511580234788,
        -0.01829286577253855,
        0.07886978940857559
      ],
      [
        -0.004895508732947124,
        -0.012401969818086368,
        0.07697409044597842
      ],
      [
        -0.00782386477648181,
        -0.010087944359302853,
        0.09027307142485894
      ],
      [
        -0.003869707201558158,
        -0.015978840313755027,
        0.0921687703874561
      ],
      [
        -0.005767226509492637,
        -0.02090757905300228,
        0.08081063959803403
      ],
      [
        -0.009721384084416279,
        -0.015016683098550102,
        0.07891494063543686
      ]
    ],
    "model_matrix": [
      0.5058201498186672,
      -0.0729345016303233,
      0.8595501931285674,
      -0.01694442049978357,
      -0.8031712905492691,
      -0.40336980261409316,
      0.4384161041459236,
      -0.01707033497040228,
      0.3147409316768998,
      -0.9121257373898644,
      -0.262611471790844,
      0.07328019186600146,
      0.0,
      0.0,
      0.0,
      1.0
    ],
    "view_matrix": [
      0.9959144704698973,
      -0.007928460258175394,
      0.08995280443987463,
      0.005765485361563088,
      0.009000065302259127,
      0.9998932120815127,
      -0.01151361185162982,
      0.003874327575507301,
      -0.0898519133531327,
      0.012276153764492063,
      0.9958794754966745,
      0.010280260831250498,
      0.0,
      0.0,
      0.0,
      1.0
    ],
    "camera_intrinsics": {
      "fx": 638.7147677044734,
      "fy": 638.7147677044734,
      "cx": 256.0,
      "cy": 256.0,
      "image_width": 512,
      "image_height": 512,
      "model": "SIMPLE_RADIAL",
      "dist": [
        0.5913901453674767,
        0.0,
        0.0,
        0.0
      ]
    },
    "visibility": [
      1.0,
      1.0,
      1.0,
      1.0,
      1.0,
      1.0,
      1.0,
      1.0,
      1.0
    ],
    "keypoints_2d_visibility": [
      1.0,
      1.0,
      1.0,
      1.0,
      1.0,
      1.0,
      1.0,
      1.0,
      1.0
    ],
    "pose_6dof": {
      "translation": [
        -0.01694442049978357,
        -0.01707033497040228,
        0.07328019186600146
      ],
      "rotation": [
        0.5058201498186672,
        -0.0729345016303233,
        0.8595501931285674,
        -0.8031712905492691,
        -0.40336980261409316,
        0.4384161041459236,
        0.3147409316768998,
        -0.9121257373898644,
        -0.262611471790844
      ]
    },
    "pose_9dof": {
      "translation": [
        -0.01694442049978357,
        -0.01707033497040228,
        0.07328019186600146
      ],
      "rotation": [
        0.5058201498186672,
        -0.0729345016303233,
        0.8595501931285674,
        -0.8031712905492691,
        -0.40336980261409316,
        0.4384161041459236,
        0.3147409316768998,
        -0.9121257373898644,
        -0.262611471790844
      ],
      "scale": [
        0.0073438199753539,
        0.01252598020570335,
        0.005821743545102242
      ]
    }
  },
  {
    "frame_id": 4,
    "image": "frame_000004.png",
    "keypoints_2d": [
      [
        0.43411221937989247,
        0.2853525997969109,
        0.08453073902821041
      ],
      [
        0.457216068266359,
        0.3926380405491941,
        0.08829543232578879
      ],
      [
        0.5133962038483604,
        0.3115500722814039,
        0.09018723421129793
      ],
      [
        0.48476532884030993,
        0.19986907415213984,
        0.0788263223481171
      ],
      [
        0.4190955222794121,
        0.29385989694101533,
        0.07693452046260797
      ],
      [
        0.39038489435966767,
        0.3574601495298728,
        0.09023515570830373
      ],
      [
        0.4466548258357063,
        0.27820591813636225,
        0.09212695759381286
      ],
      [
        0.40730808674034596,
        0.16171150266465312,
        0.08076604573063204
      ],
      [
        0.3415040652016671,
        0.2535984268344786,
        0.0788742438451229
      ]
    ],
    "keypoints_3d": [
      [
        -0.004382009006396959,
        -0.014275588463251056,
        0.08453073902821041
      ],
      [
        -0.0030117401399863937,
        -0.007557657973059408,
        0.08829543232578879
      ],
      [
        0.0009554723995116796,
        -0.0134410245367483,
        0.09018723421129793
      ],
      [
        -0.0009323150374603373,
        -0.018367089938588405,
        0.0788263223481171
      ],
      [
        -0.004899527576958413,
        -0.012483723374899515,
        0.07693452046260797
      ],
      [
        -0.007831702975333588,
        -0.01018408698791371,
        0.09023515570830373
      ],
      [
        -0.0038644904358355074,
        -0.0160674535516026,
        0.09212695759381286
      ],
      [
        -0.005752277872807529,
        -0.020993518953442706,
        0.08076604573063204
      ],
      [
        -0.009719490412305597,
        -0.015110152389753816,
        0.0788742438451229
      ]
    ],
    "model_matrix": [
      0.5058201498186672,
      -0.0729345016303233,
      0.8595501931285674,
      -0.01694442049978357,
      -0.8031712905492691,
      -0.40336980261409316,
      0.4384161041459236,
      -0.01707033497040228,
      0.3147409316768998,
      -0.9121257373898644,
      -0.262611471790844,
      0.07328019186600146,
      0.0,
      0.0,
      0.0,
      1.0
    ],
    "view_matrix": [
      0.9958840393674083,
      -0.010114886045826282,
      0.09007035701902341,
      0.005719631388884432,
      0.011232868402570957,
      0.9998659298303897,
      -0.011914068652683558,
      0.0038558575668516935,
      -0.08993777182421697,
      0.01287677928250239,
      0.9958641402091979,
      0.01024949127229895,
      0.0,
      0.0,
      0.0,
      1.0
    ],
    "camera_intrinsics": {
      "fx": 639.0058079592294,
      "fy": 639.0058079592294,
      "cx": 256.0,
      "cy": 256.0,
      "image_width": 512,
      "image_height": 512,
      "model": "SIMPLE_RADIAL",
      "dist": [
        0.5890714355145719,
        0.0,
        0.0,
        0.0
      ]
    },
    "visibility": [
      1.0,
      1.0,
      1.0,
      1.0,
      1.0,
      1.0,
      1.0,
      1.0,
      1.0
    ],
    "keypoints_2d_visibility": [
      1.0,
      1.0,
      1.0,
      1.0,
      1.0,
      1.0,
      1.0,
      1.0,
      1.0
    ],
    "pose_6dof": {
      "translation": [
        -0.01694442049978357,
        -0.01707033497040228,
        0.07328019186600146
      ],
      "rotation": [
        0.5058201498186672,
        -0.0729345016303233,
        0.8595501931285674,
        -0.8031712905492691,
        -0.40336980261409316,
        0.4384161041459236,
        0.3147409316768998,
        -0.9121257373898644,
        -0.262611471790844
      ]
    },
    "pose_9dof": {
      "translation": [
        -0.01694442049978357,
        -0.01707033497040228,
        0.07328019186600146
      ],
      "rotation": [
        0.5058201498186672,
        -0.0729345016303233,
        0.8595501931285674,
        -0.8031712905492691,
        -0.40336980261409316,
        0.4384161041459236,
        0.3147409316768998,
        -0.9121257373898644,
        -0.262611471790844
      ],
      "scale": [
        0.0073438199753539,
        0.01252598020570335,
        0.005821743545102242
      ]
    }
  },
  {
    "frame_id": 5,
    "image": "frame_000005.png",
    "keypoints_2d": [
      [
        0.4311447135589511,
        0.2832307771219814,
        0.08426271285949262
      ],
      [
        0.45426232507072334,
        0.39083156205797276,
        0.08803483653623712
      ],
      [
        0.5105945135528986,
        0.3097320759943718,
        0.08992899151122458
      ],
      [
        0.48186674291356335,
        0.19748953586513318,
        0.07856113062442964
      ],
      [
        0.4159727838271768,
        0.2915892285279241,
        0.07666697564944218
      ],
      [
        0.38736430011710304,
        0.3554938118424269,
        0.08996429509455561
      ],
      [
        0.4438082300269048,
        0.27621219263335106,
        0.09185845006954307
      ],
      [
        0.4042588242263127,
        0.15903958002764312,
        0.08049058918274814
      ],
      [
        0.3381973083999883,
        0.2510536394646826,
        0.07859643420776066
      ]
    ],
    "keypoints_3d": [
      [
        -0.004571906247786828,
        -0.014393209521427953,
        0.08426271285949262
      ],
      [
        -0.003216177987537039,
        -0.007676497058188517,
        0.08803483653623712
      ],
      [
        0.0007548556461225006,
        -0.013556527724892051,
        0.08992899151122458
      ],
      [
        -0.0011075130485022908,
        -0.01847623318529491,
        0.07856113062442964
      ],
      [
        -0.00507854668216183,
        -0.012596202518591375,
        0.07666697564944218
      ],
      [
        -0.008036299447071365,
        -0.010310185857560999,
        0.08996429509455561
      ],
      [
        -0.004065265813411824,
        -0.016190216524264535,
        0.09185845006954307
      ],
      [
        -0.005927634508036616,
        -0.021109921984667393,
        0.08049058918274814
      ],
      [
        -0.009898668141696152,
        -0.015229891317963859,
        0.07859643420776066
      ]
    ],
    "model_matrix": [
      0.5058201498186672,
      -0.0729345016303233,
      0.8595501931285674,
      -0.01694442049978357,
      -0.8031712905492691,
      -0.40336980261409316,
      0.4384161041459236,
      -0.01707033497040228,
      0.3147409316768998,
      -0.9121257373898644,
      -0.262611471790844,
      0.07328019186600146,
      0.0,
      0.0,
      0.0,
      1.0
    ],
    "view_matrix": [
      0.9960226401859753,
      -0.011339393009181381,
      0.08837600581120639,
      0.005635342295605139,
      0.012497472623800857,
      0.9998429960925348,
      -0.012561701426187923,
      0.0038067316616789203,
      -0.08821968836363234,
      0.013616215732966043,
      0.9960079744932451,
      0.010012659256157875,
      0.0,
      0.0,
      0.0,
      1.0
    ],
    "camera_intrinsics": {
      "fx": 637.6279772551841,
      "fy": 637.6279772551841,
      "cx": 256.0,
      "cy": 256.0,
      "image_width": 512,
      "image_height": 512,
      "model": "SIMPLE_RADIAL",
      "dist": [
        0.591789671089179,
        0.0,
        0.0,
        0.0
      ]
    },
    "visibility": [
      1.0,
      1.0,
      1.0,
      1.0,
      1.0,
      1.0,
      1.0,
      1.0,
      1.0
    ],
    "keypoints_2d_visibility": [
      1.0,
      1.0,
      1.0,
      1.0,
      1.0,
      1.0,
      1.0,
      1.0,
      1.0
    ],
    "pose_6dof": {
      "translation": [
        -0.01694442049978357,
        -0.01707033497040228,
        0.07328019186600146
      ],
      "rotation": [
        0.5058201498186672,
        -0.0729345016303233,
        0.8595501931285674,
        -0.8031712905492691,
        -0.40336980261409316,
        0.4384161041459236,
        0.3147409316768998,
        -0.9121257373898644,
        -0.262611471790844
      ]
    },
    "pose_9dof": {
      "translation": [
        -0.01694442049978357,
        -0.01707033497040228,
        0.07328019186600146
      ],
      "rotation": [
        0.5058201498186672,
        -0.0729345016303233,
        0.8595501931285674,
        -0.8031712905492691,
        -0.40336980261409316,
        0.4384161041459236,
        0.3147409316768998,
        -0.9121257373898644,
        -0.262611471790844
      ],
      "scale": [
        0.0073438199753539,
        0.01252598020570335,
        0.005821743545102242
      ]
    }
  },
  {
    "frame_id": 6,
    "image": "frame_000006.png",
    "keypoints_2d": [
      [
        0.42543432857981556,
        0.2815532299149453,
        0.08420501928418467
      ],
      [
        0.448601141497851,
        0.38931957833876607,
        0.08798571359759028
      ],
      [
        0.5049489635950314,
        0.30832861874496864,
        0.08989430115674993
      ],
      [
        0.4761292330636714,
        0.1957727202866283,
        0.0785165363075897
      ],
      [
        0.410196443317856,
        0.2897710301323039,
        0.07660794874843005
      ],
      [
        0.38162995775397796,
        0.35385958591062905,
        0.0898935022607796
      ],
      [
        0.4381482361986066,
        0.2746537467887956,
        0.09180208981993926
      ],
      [
        0.39841345571615394,
        0.15703856730604193,
        0.08042432497077903
      ],
      [
        0.33223037106784203,
        0.24899180288233025,
        0.07851573741161938
      ]
    ],
    "keypoints_3d": [
      [
        -0.004949232867448537,
        -0.014499218121441178,
        0.08420501928418467
      ],
      [
        -0.0036144096085234728,
        -0.0077831374311764,
        0.08798571359759028
      ],
      [
        0.00035273095060435987,
        -0.013661128681888075,
        0.08989430115674993
      ],
      [
        -0.0014576453430382883,
        -0.018577345197257292,
        0.0785165363075897
      ],
      [
        -0.005424785902166118,
        -0.01269935394654562,
        0.07660794874843005
      ],
      [
        -0.008440820391858787,
        -0.01042109104562506,
        0.0898935022607796
      ],
      [
        -0.004473679832730952,
        -0.01629908229633673,
        0.09180208981993926
      ],
      [
        -0.0062840561263736,
        -0.021215298811705953,
        0.08042432497077903
      ],
      [
        -0.01025119668550143,
        -0.015337307560994284,
        0.07851573741161938
      ]
    ],
    "model_matrix": [
      0.5058201498186672,
      -0.0729345016303233,
      0.8595501931285674,
      -0.01694442049978357,
      -0.8031712905492691,
      -0.40336980261409316,
      0.4384161041459236,
      -0.01707033497040228,
      0.3147409316768998,
      -0.9121257373898644,
      -0.262611471790844,
      0.07328019186600146,
      0.0,
      0.0,
      0.0,
      1.0
    ],
    "view_matrix": [
      0.996380348972938,
      -0.012114284537426051,
      0.08413943362486179,
      0.00556130600876283,
      0.013247304298318,
      0.9998287670796872,
      -0.012920737159328248,
      0.0037394958382584416,
      -0.08396850069754733,
      0.01398858928051576,
      0.9963702174696647,
      0.010006810898664197,
      0.0,
      0.0,
      0.0,
      1.0
    ],
    "camera_intrinsics": {
      "fx": 637.0167064895737,
      "fy": 637.0167064895737,
      "cx": 256.0,
      "cy": 256.0,
      "image_width": 512,
      "image_height": 512,
      "model": "SIMPLE_RADIAL",
      "dist": [
        0.5940861124444589,
        0.0,
        0.0,
        0.0
      ]
    },
    "visibility": [
      1.0,
      1.0,
      1.0,
      1.0,
      1.0,
      1.0,
      1.0,
      1.0,
      1.0
    ],
    "keypoints_2d_visibility": [
      1.0,
      1.0,
      1.0,
      1.0,
      1.0,
      1.0,
      1.0,
      1.0,
      1.0
    ],
    "pose_6dof": {
      "translation": [
        -0.01694442049978357,
        -0.01707033497040228,
        0.07328019186600146
      ],
      "rotation": [
        0.5058201498186672,
        -0.0729345016303233,
        0.8595501931285674,
        -0.8031712905492691,
        -0.40336980261409316,
        0.4384161041459236,
        0.3147409316768998,
        -0.9121257373898644,
        -0.262611471790844
      ]
    },
    "pose_9dof": {
      "translation": [
        -0.01694442049978357,
        -0.01707033497040228,
        0.07328019186600146
      ],
      "rotation": [
        0.5058201498186672,
        -0.0729345016303233,
        0.8595501931285674,
        -0.8031712905492691,
        -0.40336980261409316,
        0.4384161041459236,
        0.3147409316768998,
        -0.9121257373898644,
        -0.262611471790844
      ],
      "scale": [
        0.0073438199753539,
        0.01252598020570335,
        0.005821743545102242
      ]
    }
  },
  {
    "frame_id": 7,
    "image": "frame_000007.png",
    "keypoints_2d": [
      [
        0.4211277530520179,
        0.28044153078097117,
        0.08414763665997091
      ],
      [
        0.4445007830750328,
        0.3882724357667686,
        0.08793302646903968
      ],
      [
        0.5007178552960375,
        0.3072924284526939,
        0.08985271020186593
      ],
      [
        0.47165397337731124,
        0.19455402179942222,
        0.07846907509939413
      ],
      [
        0.4058582014974057,
        0.28854353817425316,
        0.07654939136656788
      ],
      [
        0.3774322017599421,
        0.35285505686211893,
        0.08982619822054769
      ],
      [
        0.4338641094294201,
        0.27364048093531945,
        0.09174588195337395
      ],
      [
        0.39382088596008097,
        0.1557864529290623,
        0.08036224685090214
      ],
      [
        0.3277133661323691,
        0.24775381445317696,
        0.07844256311807589
      ]
    ],
    "keypoints_3d": [
      [
        -0.005234847041642934,
        -0.01457236287203706,
        0.08414763665997091
      ],
      [
        -0.003903479405758847,
        -0.007858241434823474,
        0.08793302646903968
      ],
      [
        5.118670869088283e-05,
        -0.013741023269928735,
        0.08985271020186593
      ],
      [
        -0.001731121484395374,
        -0.01865390526240401,
        0.07846907509939413
      ],
      [
        -0.005685787598845104,
        -0.012771123427298749,
        0.07654939136656788
      ],
      [
        -0.008738572598890496,
        -0.010490820481670113,
        0.08982619822054769
      ],
      [
        -0.00478390648444076,
        -0.016373602316775374,
        0.09174588195337395
      ],
      [
        -0.006566214677527017,
        -0.02128648430925065,
        0.08036224685090214
      ],
      [
        -0.010520880791976744,
        -0.01540370247414539,
        0.07844256311807589
      ]
    ],
    "model_matrix": [
      0.5058201498186672,
      -0.0729345016303233,
      0.8595501931285674,
      -0.01694442049978357,
      -0.8031712905492691,
      -0.40336980261409316,
      0.4384161041459236,
      -0.01707033497040228,
      0.3147409316768998,
      -0.9121257373898644,
      -0.262611471790844,
      0.07328019186600146,
      0.0,
      0.0,
      0.0,
      1.0
    ],
    "view_matrix": [
      0.9966396286311063,
      -0.011000016378777783,
      0.08116926931860902,
      0.005516760319074208,
      0.012104400532314622,
      0.9998405774876447,
      -0.013126427424340663,
      0.003662259875365658,
      -0.08101193819310562,
      0.01406482310019581,
      0.9966138904417079,
      0.009982970447453738,
      0.0,
      0.0,
      0.0,
      1.0
    ],
    "camera_intrinsics": {
      "fx": 636.3573052422066,
      "fy": 636.3573052422066,
      "cx": 256.0,
      "cy": 256.0,
      "image_width": 512,
      "image_height": 512,
      "model": "SIMPLE_RADIAL",
      "dist": [
        0.5928088893973038,
        0.0,
        0.0,
        0.0
      ]
    },
    "visibility": [
      1.0,
      1.0,
      1.0,
      1.0,
      1.0,
      1.0,
      1.0,
      1.0,
      1.0
    ],
    "keypoints_2d_visibility": [
      1.0,
      1.0,
      1.0,
      1.0,
      1.0,
      1.0,
      1.0,
      1.0,
      1.0
    ],
    "pose_6dof": {
      "translation": [
        -0.01694442049978357,
        -0.01707033497040228,
        0.07328019186600146
      ],
      "rotation": [
        0.5058201498186672,
        -0.0729345016303233,
        0.8595501931285674,
        -0.8031712905492691,
        -0.40336980261409316,
        0.4384161041459236,
        0.3147409316768998,
        -0.9121257373898644,
        -0.262611471790844
      ]
    },
    "pose_9dof": {
      "translation": [
        -0.01694442049978357,
        -0.01707033497040228,
        0.07328019186600146
      ],
      "rotation": [
        0.5058201498186672,
        -0.0729345016303233,
        0.8595501931285674,
        -0.8031712905492691,
        -0.40336980261409316,
        0.4384161041459236,
        0.3147409316768998,
        -0.9121257373898644,
        -0.262611471790844
      ],
      "scale": [
        0.0073438199753539,
        0.01252598020570335,
        0.005821743545102242
      ]
    }
  },
  {
    "frame_id": 8,
    "image": "frame_000008.png",
    "keypoints_2d": [
      [
        0.4188937838815858,
        0.2814221853938563,
        0.0845588506092425
      ],
      [
        0.4425151881446945,
        0.38901131832557956,
        0.08833772506875495
      ],
      [
        0.4984895276525513,
        0.30805984243586704,
        0.09026667719779846
      ],
      [
        0.46906839952821366,
        0.19570674569847274,
        0.07888725447000318
      ],
      [
        0.4036105450744332,
        0.2895395957510323,
        0.07695830234095967
      ],
      [
        0.37543920247826573,
        0.3537964571107761,
        0.0902304467484818
      ],
      [
        0.43165115034660345,
        0.2746033442619936,
        0.0921593988775253
      ],
      [
        0.391320435425005,
        0.1572018289848034,
        0.08077997614973002
      ],
      [
        0.3255207992163569,
        0.24902301085466766,
        0.07885102402068653
      ]
    ],
    "keypoints_3d": [
      [
        -0.0053917968059804915,
        -0.014530663851103513,
        0.0845588506092425
      ],
      [
        -0.004047850227674066,
        -0.007815378460590675,
        0.08833772506875495
      ],
      [
        -0.0001078511794373252,
        -0.013704966138353116,
        0.09026667719779846
      ],
      [
        -0.0018933880038180207,
        -0.018626426972726904,
        0.07888725447000318
      ],
      [
        -0.0058333870520547604,
        -0.012736839294964462,
        0.07695830234095967
      ],
      [
        -0.008890205608142965,
        -0.010434900729480123,
        0.0902304467484818
      ],
      [
        -0.0049502065599062225,
        -0.016324488407242564,
        0.0921593988775253
      ],
      [
        -0.006735743384286921,
        -0.021245949241616352,
        0.08077997614973002
      ],
      [
        -0.01067574243252366,
        -0.01535636156385391,
        0.07885102402068653
      ]
    ],
    "model_matrix": [
      0.5058201498186672,
      -0.0729345016303233,
      0.8595501931285674,
      -0.01694442049978357,
      -0.8031712905492691,
      -0.40336980261409316,
      0.4384161041459236,
      -0.01707033497040228,
      0.3147409316768998,
      -0.9121257373898644,
      -0.262611471790844,
      0.07328019186600146,
      0.0,
      0.0,
      0.0,
      1.0
    ],
    "view_matrix": [
      0.9967204288415559,
      -0.008745062263908946,
      0.08044818590810664,
      0.00545251362023568,
      0.009757820859028142,
      0.9998779108738032,
      -0.012204436845754459,
      0.003597271110488658,
      -0.08033163549927293,
      0.012949410513195165,
      0.9966840728663084,
      0.010381528283606103,
      0.0,
      0.0,
      0.0,
      1.0
    ],
    "camera_intrinsics": {
      "fx": 638.5595269366291,
      "fy": 638.5595269366291,
      "cx": 256.0,
      "cy": 256.0,
      "image_width": 512,
      "image_height": 512,
      "model": "SIMPLE_RADIAL",
      "dist": [
        0.591696430486823,
        0.0,
        0.0,
        0.0
      ]
    },
    "visibility": [
      1.0,
      1.0,
      1.0,
      1.0,
      1.0,
      1.0,
      1.0,
      1.0,
      1.0
    ],
    "keypoints_2d_visibility": [
      1.0,
      1.0,
      1.0,
      1.0,
      1.0,
      1.0,
      1.0,
      1.0,
      1.0
    ],
    "pose_6dof": {
      "translation": [
        -0.01694442049978357,
        -0.01707033497040228,
        0.07328019186600146
      ],
      "rotation": [
        0.5058201498186672,
        -0.0729345016303233,
        0.8595501931285674,
        -0.8031712905492691,
        -0.40336980261409316,
        0.4384161041459236,
        0.3147409316768998,
        -0.9121257373898644,
        -0.262611471790844
      ]
    },
    "pose_9dof": {
      "translation": [
        -0.01694442049978357,
        -0.01707033497040228,
        0.07328019186600146
      ],
      "rotation": [
        0.5058201498186672,
        -0.0729345016303233,
        0.8595501931285674,
        -0.8031712905492691,
        -0.40336980261409316,
        0.4384161041459236,
        0.3147409316768998,
        -0.9121257373898644,
        -0.262611471790844
      ],
      "scale": [
        0.0073438199753539,
        0.01252598020570335,
        0.005821743545102242
      ]
    }
  },
  {
    "frame_id": 9,
    "image": "frame_000009.png",
    "keypoints_2d": [
      [
        0.4196501628645337,
        0.2827928263675028,
        0.08426093953901777
      ],
      [
        0.44336447050774125,
        0.39031505548491724,
        0.08803687451860527
      ],
      [
        0.4992258765062091,
        0.3093009618798972,
        0.08996773929488901
      ],
      [
        0.4697882475603963,
        0.19700370514070775,
        0.07859057563487826
      ],
      [
        0.4044296292817424,
        0.29093256115051547,
        0.07665971085859452
      ],
      [
        0.37624794689594576,
        0.3552020932091919,
        0.08993130344315728
      ],
      [
        0.43234713915350714,
        0.2759600491832521,
        0.09186216821944101
      ],
      [
        0.3919725237964998,
        0.1586402252946701,
        0.08048500455943025
      ],
      [
        0.3262732930936618,
        0.2505393855269129,
        0.07855413978314651
      ]
    ],
    "keypoints_3d": [
      [
