[
  {
    "frame_id": 0,
    "image": "frame_000000.png",
    "keypoints_2d": [
      [
        0.5122816436879315,
        0.28216560404905067,
        0.19512272162198965
      ],
      [
        0.45727880905240526,
        0.3735313715524287,
        0.21634159112632095
      ],
      [
        0.5260981480085821,
        0.4123186142031129,
        0.21118677940446146
      ],
      [
        0.5235227029052537,
        0.23158666027013675,
        0.16751305801221883
      ],
      [
        0.43665488485811266,
        0.1872550158899507,
        0.17266786973407838
      ],
      [
        0.5038674552114458,
        0.31996687920914924,
        0.22273238523176048
      ],
      [
        0.5718497369714969,
        0.3564242898674769,
        0.21757757350990092
      ],
      [
        0.5814646819885376,
        0.16658942544902455,
        0.17390385211765835
      ],
      [
        0.4958175797573503,
        0.12554041921030618,
        0.1790586638395179
      ]
    ],
    "keypoints_3d": [
      [
        0.002246684959922682,
        -0.03984851487083525,
        0.19512272162198965
      ],
      [
        -0.008692298611008953,
        -0.025732032722110332,
        0.21634159112632095
      ],
      [
        0.005188813226009906,
        -0.01743274404559878,
        0.21118677940446146
      ],
      [
        0.003684490818318356,
        -0.042043063236919295,
        0.16751305801221883
      ],
      [
        -0.010196621018700502,
        -0.05034235191343084,
        0.17266786973407838
      ],
      [
        0.0008088791015270075,
        -0.03765396650475121,
        0.22273238523176048
      ],
      [
        0.014689990938545859,
        -0.029354677828239664,
        0.21757757350990092
      ],
      [
        0.01318566853085431,
        -0.053964997019560174,
        0.17390385211765835
      ],
      [
        -0.0006954433061645421,
        -0.06226428569607172,
        0.1790586638395179
      ]
    ],
    "model_matrix": [
      0.46784316948229554,
      -0.06245788747041643,
      -0.8816018268251793,
      -0.03288444839590712,
      0.706141034141545,
      -0.5734485643809678,
      0.4153571763084352,
      -0.014206002092196371,
      -0.5314956337264397,
      -0.816857243526762,
      -0.22417991664640805,
      0.1283023162533357,
      0.0,
      0.0,
      0.0,
      1.0
    ],
    "view_matrix": [
      0.8911815586626239,
      0.355916358015265,
      -0.2812809549130653,
      0.07269784549705595,
      -0.37644182359149647,
      0.9262087637275017,
      -0.02070940475922807,
      -0.03641280835863067,
      0.2531540695915529,
      0.12434175522133585,
      0.9594019725629673,
      0.08212045749666068,
      0.0,
      0.0,
      0.0,
      1.0
    ],
    "camera_intrinsics": {
      "fx": 543.3585337880553,
      "fy": 543.3585337880553,
      "cx": 256.0,
      "cy": 256.0,
      "image_width": 512,
      "image_height": 512,
      "model": "SIMPLE_RADIAL",
      "dist": [
        0.12169270768379657,
        0.0,
        0.0,
        0.0
      ]
    },
    "visibility": [
      1.0,
      1.0,
      1.0,
      1.0,
      1.0,
      1.0,
      1.0,
      1.0,
      1.0
    ],
    "keypoints_2d_visibility": [
      1.0,
      1.0,
      1.0,
      1.0,
      1.0,
      1.0,
      1.0,
      1.0,
      1.0
    ],
    "pose_6dof": {
      "translation": [
        -0.03288444839590712,
        -0.014206002092196371,
        0.1283023162533357
      ],
      "rotation": [
        0.46784316948229554,
        -0.06245788747041643,
        -0.8816018268251793,
        0.706141034141545,
        -0.5734485643809678,
        0.4153571763084352,
        -0.5314956337264397,
        -0.816857243526762,
        -0.22417991664640805
      ]
    },
    "pose_9dof": {
      "translation": [
        -0.03288444839590712,
        -0.014206002092196371,
        0.1283023162533357
      ],
      "rotation": [
        0.46784316948229554,
        -0.06245788747041643,
        -0.8816018268251793,
        0.706141034141545,
        -0.5734485643809678,
        0.4153571763084352,
        -0.5314956337264397,
        -0.816857243526762,
        -0.22417991664640805
      ],
      "scale": [
        0.016974555730731766,
        0.05015301323801183,
        0.016530188514986274
      ]
    }
  },
  {
    "frame_id": 1,
    "image": "frame_000001.png",
    "keypoints_2d": [
      [
        0.511650386848961,
        0.2809528026832065,
        0.19668742557883578
      ],
      [
        0.45675680536016855,
        0.37270119051852746,
        0.21788910367208392
      ],
      [
        0.5257669872840428,
        0.4114731761913756,
        0.212697340386108
      ],
      [
        0.5225229470622317,
        0.2301553309722596,
        0.16908086485825358
      ],
      [
        0.43567181941782596,
        0.1860377428030751,
        0.1742726281442295
      ],
      [
        0.5034900536336695,
        0.31902393653321237,
        0.22429398629941805
      ],
      [
        0.5716643111758934,
        0.35546284314705834,
        0.21910222301344212
      ],
      [
        0.5805010293806697,
        0.1652684382882425,
        0.17548574748558768
      ],
      [
        0.4948699544283514,
        0.12442341982024269,
        0.18067751077156363
      ]
    ],
    "keypoints_3d": [
      [
        0.0021273404710389354,
        -0.03999763904502673,
        0.19668742557883578
      ],
      [
        -0.008772857213703633,
        -0.02582543422975403,
        0.21788910367208392
      ],
      [
        0.005107653045196697,
        -0.017548202132568812,
        0.212697340386108
      ],
      [
        0.0035268754269328767,
        -0.04225506234389199,
        0.16908086485825358
      ],
      [
        -0.010353634831967468,
        -0.0505322944410772,
        0.1742726281442295
      ],
      [
        0.0007278055151449941,
        -0.03774021574616147,
        0.22429398629941805
      ],
      [
        0.014608315774045325,
        -0.029462983648976253,
        0.21910222301344212
      ],
      [
        0.013027538155781497,
        -0.054169843860299424,
        0.17548574748558768
      ],
      [
        -0.0008529721031188403,
        -0.06244707595748464,
        0.18067751077156363
      ]
    ],
    "model_matrix": [
      0.46784316948229554,
      -0.06245788747041643,
      -0.8816018268251793,
      -0.03288444839590712,
      0.706141034141545,
      -0.5734485643809678,
      0.4153571763084352,
      -0.014206002092196371,
      -0.5314956337264397,
      -0.816857243526762,
      -0.22417991664640805,
      0.1283023162533357,
      0.0,
      0.0,
      0.0,
      1.0
    ],
    "view_matrix": [
      0.8912327260051617,
      0.3567784598453446,
      -0.28002385378355243,
      0.07243114165172805,
      -0.37654805696441895,
      0.9262153424280408,
      -0.01834939364741691,
      -0.0368681273936873,
      0.2528157212155313,
      0.1217960181668144,
      0.9598176603214695,
      0.083584536605619,
      0.0,
      0.0,
      0.0,
      1.0
    ],
    "camera_intrinsics": {
      "fx": 548.9217960203105,
      "fy": 548.9217960203105,
      "cx": 256.0,
      "cy": 256.0,
      "image_width": 512,
      "image_height": 512,
      "model": "SIMPLE_RADIAL",
      "dist": [
        0.11350141143164809,
        0.0,
        0.0,
        0.0
      ]
    },
    "visibility": [
      1.0,
      1.0,
      1.0,
      1.0,
      1.0,
      1.0,
      1.0,
      1.0,
      1.0
    ],
    "keypoints_2d_visibility": [
      1.0,
      1.0,
      1.0,
      1.0,
      1.0,
      1.0,
      1.0,
      1.0,
      1.0
    ],
    "pose_6dof": {
      "translation": [
        -0.03288444839590712,
        -0.014206002092196371,
        0.1283023162533357
      ],
      "rotation": [
        0.46784316948229554,
        -0.06245788747041643,
        -0.8816018268251793,
        0.706141034141545,
        -0.5734485643809678,
        0.4153571763084352,
        -0.5314956337264397,
        -0.816857243526762,
        -0.22417991664640805
      ]
    },
    "pose_9dof": {
      "translation": [
        -0.03288444839590712,
        -0.014206002092196371,
        0.1283023162533357
      ],
      "rotation": [
        0.46784316948229554,
        -0.06245788747041643,
        -0.8816018268251793,
        0.706141034141545,
        -0.5734485643809678,
        0.4153571763084352,
        -0.5314956337264397,
        -0.816857243526762,
        -0.22417991664640805
      ],
      "scale": [
        0.016974555730731766,
        0.05015301323801183,
        0.016530188514986274
      ]
    }
  },
  {
    "frame_id": 2,
    "image": "frame_000002.png",
    "keypoints_2d": [
      [
        0.5102085928739152,
        0.28059310616876276,
        0.19354670983951142
      ],
      [
        0.45549414443304165,
        0.372332966378754,
        0.21482587194453895
      ],
      [
        0.524589410141998,
        0.41117804546336634,
        0.20967636920585725
      ],
      [
        0.5208797023272352,
        0.2298913934184349,
        0.16592821013940257
      ],
      [
        0.43354330358639237,
        0.18549890259256685,
        0.17107771287808432
      ],
      [
        0.5022374408907723,
        0.31840989628109173,
        0.22116520953962027
      ],
      [
        0.5704930401925049,
        0.35490420318378413,
        0.2160157068009385
      ],
      [
        0.5791381257118207,
        0.16439229340815598,
        0.17226754773448388
      ],
      [
        0.4930370169473854,
        0.1233248093296117,
        0.17741705047316564
      ]
    ],
    "keypoints_3d": [
      [
        0.0018587072813466693,
        -0.039948031641443865,
        0.19354670983951142
      ],
      [
        -0.009020726541081367,
        -0.025876356806031016,
        0.21482587194453895
      ],
      [
        0.00486919307894676,
        -0.01758851651140751,
        0.20967636920585725
      ],
      [
        0.0032512099047622284,
        -0.042059018050943406,
        0.16592821013940257
      ],
      [
        -0.010638709715265926,
        -0.0503468583455669,
        0.17107771287808432
      ],
      [
        0.0004662046579311102,
        -0.037837045231944325,
        0.22116520953962027
      ],
      [
        0.01435612427795925,
        -0.029549204937320828,
        0.2160157068009385
      ],
      [
        0.012738141103774699,
        -0.05401970647685672,
        0.17226754773448388
      ],
      [
        -0.0011517785162534488,
        -0.06230754677148022,
        0.17741705047316564
      ]
    ],
    "model_matrix": [
      0.46784316948229554,
      -0.06245788747041643,
      -0.8816018268251793,
      -0.03288444839590712,
      0.706141034141545,
      -0.5734485643809678,
      0.4153571763084352,
      -0.014206002092196371,
      -0.5314956337264397,
      -0.816857243526762,
      -0.22417991664640805,
      0.1283023162533357,
      0.0,
      0.0,
      0.0,
      1.0
    ],
    "view_matrix": [
      0.8908060539220028,
      0.35794033134240083,
      -0.2798987200656731,
      0.07214892818900791,
      -0.3789983739265304,
      0.925107634352693,
      -0.023153777735175338,
      -0.03629841980840447,
      0.2506487719039446,
      0.12670668514666594,
      0.959750284752335,
      0.08045096732044989,
      0.0,
      0.0,
      0.0,
      1.0
    ],
    "camera_intrinsics": {
      "fx": 541.6801660990362,
      "fy": 541.6801660990362,
      "cx": 256.0,
      "cy": 256.0,
      "image_width": 512,
      "image_height": 512,
      "model": "SIMPLE_RADIAL",
      "dist": [
        0.11178407835218446,
        0.0,
        0.0,
        0.0
      ]
    },
    "visibility": [
      1.0,
      1.0,
      1.0,
      1.0,
      1.0,
      1.0,
      1.0,
      1.0,
      1.0
    ],
    "keypoints_2d_visibility": [
      1.0,
      1.0,
      1.0,
      1.0,
      1.0,
      1.0,
      1.0,
      1.0,
      1.0
    ],
    "pose_6dof": {
      "translation": [
        -0.03288444839590712,
        -0.014206002092196371,
        0.1283023162533357
      ],
      "rotation": [
        0.46784316948229554,
        -0.06245788747041643,
        -0.8816018268251793,
        0.706141034141545,
        -0.5734485643809678,
        0.4153571763084352,
        -0.5314956337264397,
        -0.816857243526762,
        -0.22417991664640805
      ]
    },
    "pose_9dof": {
      "translation": [
        -0.03288444839590712,
        -0.014206002092196371,
        0.1283023162533357
      ],
      "rotation": [
        0.46784316948229554,
        -0.06245788747041643,
        -0.8816018268251793,
        0.706141034141545,
        -0.5734485643809678,
        0.4153571763084352,
        -0.5314956337264397,
        -0.816857243526762,
        -0.22417991664640805
      ],
      "scale": [
        0.016974555730731766,
        0.05015301323801183,
        0.016530188514986274
      ]
    }
  },
  {
    "frame_id": 3,
    "image": "frame_000003.png",
    "keypoints_2d": [
      [
        0.5093280148223012,
        0.2819264546859755,
        0.1904555134573333
      ],
      [
        0.45506097972210163,
        0.37356053678817713,
        0.21181919564148657
      ],
      [
        0.5240792212195488,
        0.41244100156769997,
        0.2066592899035898
      ],
      [
        0.519384259561814,
        0.23131492286343536,
        0.16282532452874085
      ],
      [
        0.4317831119908401,
        0.18672918683968492,
        0.16798523026663764
      ],
      [
        0.5018535326041431,
        0.31948612312238867,
        0.21808570238592576
      ],
      [
        0.5700505333062329,
        0.35598997226708884,
        0.212925796648029
      ],
      [
        0.5780280551147825,
        0.1652658505074459,
        0.16909183127318006
      ],
      [
        0.49163963123107457,
        0.1240676913985741,
        0.17425173701107682
      ]
    ],
    "keypoints_3d": [
      [
        0.0016954016573549474,
        -0.039635684247278646,
        0.1904555134573333
      ],
      [
        -0.009111719737632251,
        -0.025636539146568903,
        0.21181919564148657
      ],
      [
        0.004768134225168516,
        -0.017338312287591005,
        0.2066592899035898
      ],
      [
        0.0030044487204914233,
        -0.04164464129485425,
        0.16282532452874085
      ],
      [
        -0.010875405242309344,
        -0.049942868153832136,
        0.16798523026663764
      ],
      [
        0.00038635459421845764,
        -0.03762672719970305,
        0.21808570238592576
      ],
      [
        0.014266208557019225,
        -0.02932850034072516,
        0.212925796648029
      ],
      [
        0.012502523052342132,
        -0.0536348293479884,
        0.16909183127318006
      ],
      [
        -0.001377330910458635,
        -0.06193305620696629,
        0.17425173701107682
      ]
    ],
    "model_matrix": [
      0.46784316948229554,
      -0.06245788747041643,
      -0.8816018268251793,
      -0.03288444839590712,
      0.706141034141545,
      -0.5734485643809678,
      0.4153571763084352,
      -0.014206002092196371,
      -0.5314956337264397,
      -0.816857243526762,
      -0.22417991664640805,
      0.1283023162533357,
      0.0,
      0.0,
      0.0,
      1.0
    ],
    "view_matrix": [
      0.8913043747143706,
      0.35890756225416065,
      -0.2770593318619687,
      0.07165144997047583,
      -0.38048985575846483,
      0.9244038123549283,
      -0.02655299170671803,
      -0.03560899044235808,
      0.2465846330977,
      0.12908506288664934,
      0.9604858485472977,
      0.07716553667592846,
      0.0,
      0.0,
      0.0,
      1.0
    ],
    "camera_intrinsics": {
      "fx": 533.8824440909976,
      "fy": 533.8824440909976,
      "cx": 256.0,
      "cy": 256.0,
      "image_width": 512,
      "image_height": 512,
      "model": "SIMPLE_RADIAL",
      "dist": [
        0.11355308226009679,
        0.0,
        0.0,
        0.0
      ]
    },
    "visibility": [
      1.0,
      1.0,
      1.0,
      1.0,
      1.0,
      1.0,
      1.0,
      1.0,
      1.0
    ],
    "keypoints_2d_visibility": [
      1.0,
      1.0,
      1.0,
      1.0,
      1.0,
      1.0,
      1.0,
      1.0,
      1.0
    ],
    "pose_6dof": {
      "translation": [
        -0.03288444839590712,
        -0.014206002092196371,
        0.1283023162533357
      ],
      "rotation": [
        0.46784316948229554,
        -0.06245788747041643,
        -0.8816018268251793,
        0.706141034141545,
        -0.5734485643809678,
        0.4153571763084352,
        -0.5314956337264397,
        -0.816857243526762,
        -0.22417991664640805
      ]
    },
    "pose_9dof": {
      "translation": [
        -0.03288444839590712,
        -0.014206002092196371,
        0.1283023162533357
      ],
      "rotation": [
        0.46784316948229554,
        -0.06245788747041643,
        -0.8816018268251793,
        0.706141034141545,
        -0.5734485643809678,
        0.4153571763084352,
        -0.5314956337264397,
        -0.816857243526762,
        -0.22417991664640805
      ],
      "scale": [
        0.016974555730731766,
        0.05015301323801183,
        0.016530188514986274
      ]
    }
  },
  {
    "frame_id": 4,
    "image": "frame_000004.png",
    "keypoints_2d": [
      [
        0.5073934237585941,
        0.287437431490151,
        0.195633035861415
      ],
      [
        0.45332476990149384,
        0.37923255474324524,
        0.21683764544823092
      ],
      [
        0.522702279661491,
        0.4177763809013881,
        0.21163390150818806
      ],
      [
        0.5173870727866254,
        0.23730134216496052,
        0.16802624272348798
      ],
      [
        0.4299883868604366,
        0.1933682074174401,
        0.17322998666353084
      ],
      [
        0.49990436305147257,
        0.3249475539655355,
        0.223239828999342
      ],
      [
        0.5684310813536337,
        0.36114047502710084,
        0.21803608505929914
      ],
      [
        0.5753099830537178,
        0.1714737635352438,
        0.17442842627459904
      ],
      [
        0.4891490620140036,
        0.13084290316597702,
        0.17963217021464192
      ]
    ],
    "keypoints_3d": [
      [
        0.0013456727290338671,
        -0.03868838862707015,
        0.195633035861415
      ],
      [
        -0.009444449226867185,
        -0.024436558803860822,
        0.21683764544823092
      ],
      [
        0.004487960057963716,
        -0.016254593099817354,
        0.21163390150818806
      ],
      [
        0.0027112391266240488,
        -0.04096370265280405,
        0.16802624272348798
      ],
      [
        -0.011221170158206867,
        -0.04914566835684751,
        0.17322998666353084
      ],
      [
        -1.9893668556300592e-05,
        -0.03641307460133625,
        0.223239828999342
      ],
      [
        0.013912515616274601,
        -0.02823110889729278,
        0.21803608505929914
      ],
      [
        0.012135794684934927,
        -0.05294021845027948,
        0.17442842627459904
      ],
      [
        -0.0017966145998959682,
        -0.06112218415432294,
        0.17963217021464192
      ]
    ],
    "model_matrix": [
      0.46784316948229554,
      -0.06245788747041643,
      -0.8816018268251793,
      -0.03288444839590712,
      0.706141034141545,
      -0.5734485643809678,
      0.4153571763084352,
      -0.014206002092196371,
      -0.5314956337264397,
      -0.816857243526762,
      -0.22417991664640805,
      0.1283023162533357,
      0.0,
      0.0,
      0.0,
      1.0
    ],
    "view_matrix": [
      0.88884814393778,
      0.36309022910400174,
      -0.2794896465838533,
      0.0715921832299957,
      -0.3824633988298169,
      0.9238291910872853,
      -0.016167073036156006,
      -0.036067294190218785,
      0.25233058786819346,
      0.12126463303129861,
      0.9600125849184876,
      0.08248163541003345,
      0.0,
      0.0,
      0.0,
      1.0
    ],
    "camera_intrinsics": {
      "fx": 547.6935852014843,
      "fy": 547.6935852014843,
      "cx": 256.0,
      "cy": 256.0,
      "image_width": 512,
      "image_height": 512,
      "model": "SIMPLE_RADIAL",
      "dist": [
        0.12264593991103231,
        0.0,
        0.0,
        0.0
      ]
    },
    "visibility": [
      1.0,
      1.0,
      1.0,
      1.0,
      1.0,
      1.0,
      1.0,
      1.0,
      1.0
    ],
    "keypoints_2d_visibility": [
      1.0,
      1.0,
      1.0,
      1.0,
      1.0,
      1.0,
      1.0,
      1.0,
      1.0
    ],
    "pose_6dof": {
      "translation": [
        -0.03288444839590712,
        -0.014206002092196371,
        0.1283023162533357
      ],
      "rotation": [
        0.46784316948229554,
        -0.06245788747041643,
        -0.8816018268251793,
        0.706141034141545,
        -0.5734485643809678,
        0.4153571763084352,
        -0.5314956337264397,
        -0.816857243526762,
        -0.22417991664640805
      ]
    },
    "pose_9dof": {
      "translation": [
        -0.03288444839590712,
        -0.014206002092196371,
        0.1283023162533357
      ],
      "rotation": [
        0.46784316948229554,
        -0.06245788747041643,
        -0.8816018268251793,
        0.706141034141545,
        -0.5734485643809678,
        0.4153571763084352,
        -0.5314956337264397,
        -0.816857243526762,
        -0.22417991664640805
      ],
      "scale": [
        0.016974555730731766,
        0.05015301323801183,
        0.016530188514986274
      ]
    }
  },
  {
    "frame_id": 5,
    "image": "frame_000005.png",
    "keypoints_2d": [
      [
        0.5068269009152663,
        0.2947108239562146,
        0.19350247774170007
      ],
      [
        0.45291175866257444,
        0.38610161452403446,
        0.214667302422325
      ],
      [
        0.5222659885007271,
        0.4245633905917257,
        0.2094545070871571
      ],
      [
        0.5168454431117441,
        0.24498800642356489,
        0.1659018605959438
      ],
      [
        0.4293434951442716,
        0.20118855951981424,
        0.17111465593111175
      ],
      [
        0.49933959676204964,
        0.33181486875674615,
        0.22110309488745633
      ],
      [
        0.56781517432886,
        0.36788843706335866,
        0.21589029955228842
      ],
      [
        0.5746303113677423,
        0.17917077351946914,
        0.17233765306107512
      ],
      [
        0.4884179323673663,
        0.1387321687234832,
        0.17755044839624307
      ]
    ],
    "keypoints_3d": [
      [
        0.001243520655739891,
        -0.03739344308328937,
        0.19350247774170007
      ],
      [
        -0.009541199096770384,
        -0.023078525376210267,
        0.214667302422325
      ],
      [
        0.004406095812468994,
        -0.014927741870063429,
        0.2094545070871571
      ],
      [
        0.00262468408233682,
        -0.03973335197566949,
        0.1659018605959438
      ],
      [
        -0.011322610826902571,
        -0.04788413548181632,
        0.17111465593111175
      ],
      [
        -0.00013764277085705212,
        -0.03505353419090925,
        0.22110309488745633
      ],
      [
        0.013809652138382339,
        -0.02690275068476242,
        0.21589029955228842
      ],
      [
        0.012028240408250152,
        -0.051708360790368474,
        0.17233765306107512
      ],
      [
        -0.0019190545009892257,
        -0.0598591442965153,
        0.17755044839624307
      ]
    ],
    "model_matrix": [
      0.46784316948229554,
      -0.06245788747041643,
      -0.8816018268251793,
      -0.03288444839590712,
      0.706141034141545,
      -0.5734485643809678,
      0.4153571763084352,
      -0.014206002092196371,
      -0.5314956337264397,
      -0.816857243526762,
      -0.22417991664640805,
      0.1283023162533357,
      0.0,
      0.0,
      0.0,
      1.0
    ],
    "view_matrix": [
      0.8881443062166445,
      0.3642907568436497,
      -0.28016412299442633,
      0.07157047742679788,
      -0.38312227674595484,
      0.9235975317185644,
      -0.013598546406566707,
      -0.035126854352681855,
      0.25380506771132677,
      0.11941458822797335,
      0.9598557931910358,
      0.0803933997480856,
      0.0,
      0.0,
      0.0,
      1.0
    ],
    "camera_intrinsics": {
      "fx": 541.5934771061526,
      "fy": 541.5934771061526,
      "cx": 256.0,
      "cy": 256.0,
      "image_width": 512,
      "image_height": 512,
      "model": "SIMPLE_RADIAL",
      "dist": [
        0.11441305705743082,
        0.0,
        0.0,
        0.0
      ]
    },
    "visibility": [
      1.0,
      1.0,
      1.0,
      1.0,
      1.0,
      1.0,
      1.0,
      1.0,
      1.0
    ],
    "keypoints_2d_visibility": [
      1.0,
      1.0,
      1.0,
      1.0,
      1.0,
      1.0,
      1.0,
      1.0,
      1.0
    ],
    "pose_6dof": {
      "translation": [
        -0.03288444839590712,
        -0.014206002092196371,
        0.1283023162533357
      ],
      "rotation": [
        0.46784316948229554,
        -0.06245788747041643,
        -0.8816018268251793,
        0.706141034141545,
        -0.5734485643809678,
        0.4153571763084352,
        -0.5314956337264397,
        -0.816857243526762,
        -0.22417991664640805
      ]
    },
    "pose_9dof": {
      "translation": [
        -0.03288444839590712,
        -0.014206002092196371,
        0.1283023162533357
      ],
      "rotation": [
        0.46784316948229554,
        -0.06245788747041643,
        -0.8816018268251793,
        0.706141034141545,
        -0.5734485643809678,
        0.4153571763084352,
        -0.5314956337264397,
        -0.816857243526762,
        -0.22417991664640805
      ],
      "scale": [
        0.016974555730731766,
        0.05015301323801183,
        0.016530188514986274
      ]
    }
  },
  {
    "frame_id": 6,
    "image": "frame_000006.png",
    "keypoints_2d": [
      [
        0.5042710313352505,
        0.30829378385645423,
        0.1919013916414815
      ],
      [
        0.4504024343151366,
        0.39893608060672603,
        0.21292040558612974
      ],
      [
        0.5198431075884569,
        0.43719974954115876,
        0.20773771890053117
      ],
      [
        0.5147844081777002,
        0.25957240782248986,
        0.16432327121936668
      ],
      [
        0.42710641859977305,
        0.2160108372067583,
        0.16950595790496525
      ],
      [
        0.4964272538369908,
        0.344590034572812,
        0.2194795120635963
      ],
      [
        0.5649136319935396,
        0.3804298661541464,
        0.21429682537799774
      ],
      [
        0.5719733260171936,
        0.1938095918184371,
        0.17088237769683326
      ],
      [
        0.4857071592434135,
        0.15365548121509875,
        0.17606506438243186
      ]
    ],
    "keypoints_3d": [
      [
        0.0007797771778874363,
        -0.035000476576725004,
        0.1919013916414815
      ],
      [
        -0.010071086368191609,
        -0.020521641472985512,
        0.21292040558612974
      ],
      [
        0.003934468704852312,
        -0.01245196192107196,
        0.20773771890053117
      ],
      [
        0.002306515070559609,
        -0.037509101349909736,
        0.16432327121936668
      ],
      [
        -0.011699040002484312,
        -0.04557878090182328,
        0.16950595790496525
      ],
      [
        -0.0007469607147847362,
        -0.03249185180354028,
        0.2194795120635963
      ],
      [
        0.013258594358259178,
        -0.024422172251626725,
        0.21429682537799774
      ],
      [
        0.011630640723966482,
        -0.0494793116804645,
        0.17088237769683326
      ],
      [
        -0.0023749143490774394,
        -0.05754899123237805,
        0.17606506438243186
      ]
    ],
    "model_matrix": [
      0.46784316948229554,
      -0.06245788747041643,
      -0.8816018268251793,
      -0.03288444839590712,
      0.706141034141545,
      -0.5734485643809678,
      0.4153571763084352,
      -0.014206002092196371,
      -0.5314956337264397,
      -0.816857243526762,
      -0.22417991664640805,
      0.1283023162533357,
      0.0,
      0.0,
      0.0,
      1.0
    ],
    "view_matrix": [
      0.8853226685965438,
      0.36695561069997806,
      -0.28556497026928984,
      0.07174474408678919,
      -0.38478846040346293,
      0.9229790184385344,
      -0.006897264861699705,
      -0.033657255921643245,
      0.26103948592009385,
      0.11598841018845785,
      0.9583345321402789,
      0.07917672252416813,
      0.0,
      0.0,
      0.0,
      1.0
    ],
    "camera_intrinsics": {
      "fx": 536.1912908866484,
      "fy": 536.1912908866484,
      "cx": 256.0,
      "cy": 256.0,
      "image_width": 512,
      "image_height": 512,
      "model": "SIMPLE_RADIAL",
      "dist": [
        0.11024425755815331,
        0.0,
        0.0,
        0.0
      ]
    },
    "visibility": [
      1.0,
      1.0,
      1.0,
      1.0,
      1.0,
      1.0,
      1.0,
      1.0,
      1.0
    ],
    "keypoints_2d_visibility": [
      1.0,
      1.0,
      1.0,
      1.0,
      1.0,
      1.0,
      1.0,
      1.0,
      1.0
    ],
    "pose_6dof": {
      "translation": [
        -0.03288444839590712,
        -0.014206002092196371,
        0.1283023162533357
      ],
      "rotation": [
        0.46784316948229554,
        -0.06245788747041643,
        -0.8816018268251793,
        0.706141034141545,
        -0.5734485643809678,
        0.4153571763084352,
        -0.5314956337264397,
        -0.816857243526762,
        -0.22417991664640805
      ]
    },
    "pose_9dof": {
      "translation": [
        -0.03288444839590712,
        -0.014206002092196371,
        0.1283023162533357
      ],
      "rotation": [
        0.46784316948229554,
        -0.06245788747041643,
        -0.8816018268251793,
        0.706141034141545,
        -0.5734485643809678,
        0.4153571763084352,
        -0.5314956337264397,
        -0.816857243526762,
        -0.22417991664640805
      ],
      "scale": [
        0.016974555730731766,
        0.05015301323801183,
        0.016530188514986274
      ]
    }
  },
  {
    "frame_id": 7,
    "image": "frame_000007.png",
    "keypoints_2d": [
      [
        0.5036378348927243,
        0.3141050995771174,
        0.19205472245998817
      ],
      [
        0.4500567389526184,
        0.4046405733422931,
        0.21299666283992683
      ],
      [
        0.5194898768991816,
        0.44267003068488625,
        0.20777683314440146
      ],
      [
        0.5140316314209538,
        0.2655153029322126,
        0.16449016902020008
      ],
      [
        0.42642962584061567,
        0.2222812234189594,
        0.16970999871572545
      ],
      [
        0.4958810647247018,
        0.35031123865433145,
        0.2196192758997762
      ],
      [
        0.5643441293792483,
        0.3859051507673894,
        0.21439944620425083
      ],
      [
        0.5709299699372893,
        0.19981861001588885,
        0.17111278208004949
      ],
      [
        0.48475622484976755,
        0.15999737812635922,
        0.17633261177557485
      ]
    ],
    "keypoints_3d": [
      [
        0.0006654335285303792,
        -0.03400393453029071,
        0.19205472245998817
      ],
      [
        -0.010156505354759093,
        -0.019392376612270328,
        0.21299666283992683
      ],
      [
        0.0038696211149775034,
        -0.011382589070744353,
        0.20777683314440146
      ],
      [
        0.0021935468779911427,
        -0.03665669085503887,
        0.16449016902020008
      ],
      [
        -0.011832579591745454,
        -0.04466647839656483,
        0.16970999871572545
      ],
      [
        -0.0008626798209303843,
        -0.03135117820554255,
        0.2196192758997762
      ],
      [
        0.013163446648806205,
        -0.02334139066401658,
        0.21439944620425083
      ],
      [
        0.011487372411819852,
        -0.04861549244831109,
        0.17111278208004949
      ],
      [
        -0.002538754057916745,
        -0.05662527998983706,
        0.17633261177557485
      ]
    ],
    "model_matrix": [
      0.46784316948229554,
      -0.06245788747041643,
      -0.8816018268251793,
      -0.03288444839590712,
      0.706141034141545,
      -0.5734485643809678,
      0.4153571763084352,
      -0.014206002092196371,
      -0.5314956337264397,
      -0.816857243526762,
      -0.22417991664640805,
      0.1283023162533357,
      0.0,
      0.0,
      0.0,
      1.0
    ],
    "view_matrix": [
      0.8843335814111534,
      0.36912294707887283,
      -0.2858362585962996,
      0.07166347095678602,
      -0.385560516694444,
      0.9226815863073814,
      -0.0013335125075257942,
      -0.03340417015604636,
      0.2632436224390561,
      0.11138644544603282,
      0.9582775459208369,
      0.07934447109947995,
      0.0,
      0.0,
      0.0,
      1.0
    ],
    "camera_intrinsics": {
      "fx": 535.5956520599615,
      "fy": 535.5956520599615,
      "cx": 256.0,
      "cy": 256.0,
      "image_width": 512,
      "image_height": 512,
      "model": "SIMPLE_RADIAL",
      "dist": [
        0.11741683924823856,
        0.0,
        0.0,
        0.0
      ]
    },
    "visibility": [
      1.0,
      1.0,
      1.0,
      1.0,
      1.0,
      1.0,
      1.0,
      1.0,
      1.0
    ],
    "keypoints_2d_visibility": [
      1.0,
      1.0,
      1.0,
      1.0,
      1.0,
      1.0,
      1.0,
      1.0,
      1.0
    ],
    "pose_6dof": {
      "translation": [
        -0.03288444839590712,
        -0.014206002092196371,
        0.1283023162533357
      ],
      "rotation": [
        0.46784316948229554,
        -0.06245788747041643,
        -0.8816018268251793,
        0.706141034141545,
        -0.5734485643809678,
        0.4153571763084352,
        -0.5314956337264397,
        -0.816857243526762,
        -0.22417991664640805
      ]
    },
    "pose_9dof": {
      "translation": [
        -0.03288444839590712,
        -0.014206002092196371,
        0.1283023162533357
      ],
      "rotation": [
        0.46784316948229554,
        -0.06245788747041643,
        -0.8816018268251793,
        0.706141034141545,
        -0.5734485643809678,
        0.4153571763084352,
        -0.5314956337264397,
        -0.816857243526762,
        -0.22417991664640805
      ],
      "scale": [
        0.016974555730731766,
        0.05015301323801183,
        0.016530188514986274
      ]
    }
  },
  {
    "frame_id": 8,
    "image": "frame_000008.png",
    "keypoints_2d": [
      [
        0.503208883983278,
        0.3206894779078759,
        0.19208844822476884
      ],
      [
        0.4499104367811704,
        0.4111096069467828,
        0.21295281336667926
      ],
      [
        0.5194265784916097,
        0.4488802657663078,
        0.20770202999290954
      ],
      [
        0.5135548400627674,
        0.2723744625666843,
        0.16453801560010672
      ],
      [
        0.42591578614989123,
        0.22950683132476668,
        0.16978879897387644
      ],
      [
        0.49548630090428486,
        0.35669715881331276,
        0.21963888084943095
      ],
      [
        0.5640097086441285,
        0.39201747807350346,
        0.21438809747566123
      ],
      [
        0.5700934517265852,
        0.20663273048219782,
        0.17122408308285844
      ],
      [
        0.48391069372713214,
        0.1671879532578292,
        0.17647486645662816
      ]
    ],
    "keypoints_3d": [
      [
        0.000587770454890349,
        -0.03284426226873194,
        0.19208844822476884
      ],
      [
        -0.01019604394418036,
        -0.018094195587741894,
        0.21295281336667926
      ],
      [
        0.0038601014733793126,
        -0.01015759731027576,
        0.20770202999290954
      ],
      [
        0.0021221098416720763,
        -0.03563645096263264,
        0.16453801560010672
      ],
      [
        -0.011934035575887611,
        -0.04357304924009876,
        0.16978879897387644
      ],
      [
        -0.0009465689318913645,
        -0.03005207357483124,
        0.21963888084943095
      ],
      [
        0.013109576485668302,
        -0.022115475297365107,
        0.21438809747566123
      ],
      [
        0.011371584853961059,
        -0.04759432894972198,
        0.17122408308285844
      ],
      [
        -0.0026845605635986147,
        -0.05553092722718811,
        0.17647486645662816
      ]
    ],
    "model_matrix": [
      0.46784316948229554,
      -0.06245788747041643,
      -0.8816018268251793,
      -0.03288444839590712,
      0.706141034141545,
      -0.5734485643809678,
      0.4153571763084352,
      -0.014206002092196371,
      -0.5314956337264397,
      -0.816857243526762,
      -0.22417991664640805,
      0.1283023162533357,
      0.0,
      0.0,
      0.0,
      1.0
    ],
    "view_matrix": [
      0.88287271633345,
      0.3721941006733524,
      -0.2863691990734164,
      0.07164977445291275,
      -0.38727347248438543,
      0.9219548362049116,
      0.004305520672430757,
      -0.033034652732660416,
      0.26562195742046923,
      0.1071019674064354,
      0.9581096723829633,
      0.07941708035797744,
      0.0,
      0.0,
      0.0,
      1.0
    ],
    "camera_intrinsics": {
      "fx": 535.0107828547074,
      "fy": 535.0107828547074,
      "cx": 256.0,
      "cy": 256.0,
      "image_width": 512,
      "image_height": 512,
      "model": "SIMPLE_RADIAL",
      "dist": [
        0.12264526676671522,
        0.0,
        0.0,
        0.0
      ]
    },
    "visibility": [
      1.0,
      1.0,
      1.0,
      1.0,
      1.0,
      1.0,
      1.0,
      1.0,
      1.0
    ],
    "keypoints_2d_visibility": [
      1.0,
      1.0,
      1.0,
      1.0,
      1.0,
      1.0,
      1.0,
      1.0,
      1.0
    ],
    "pose_6dof": {
      "translation": [
        -0.03288444839590712,
        -0.014206002092196371,
        0.1283023162533357
      ],
      "rotation": [
        0.46784316948229554,
        -0.06245788747041643,
        -0.8816018268251793,
        0.706141034141545,
        -0.5734485643809678,
        0.4153571763084352,
        -0.5314956337264397,
        -0.816857243526762,
        -0.22417991664640805
      ]
    },
    "pose_9dof": {
      "translation": [
        -0.03288444839590712,
        -0.014206002092196371,
        0.1283023162533357
      ],
      "rotation": [
        0.46784316948229554,
        -0.06245788747041643,
        -0.8816018268251793,
        0.706141034141545,
        -0.5734485643809678,
        0.4153571763084352,
        -0.5314956337264397,
        -0.816857243526762,
        -0.22417991664640805
      ],
      "scale": [
        0.016974555730731766,
        0.05015301323801183,
        0.016530188514986274
      ]
    }
  },
  {
    "frame_id": 9,
    "image": "frame_000009.png",
    "keypoints_2d": [
      [
        0.5018075806136753,
        0.3278607997148595,
        0.1963759995409417
      ],
      [
        0.4494221883069218,
        0.4189345645447759,
        0.21710106958284248
      ],
      [
        0.5194988802522743,
        0.4560094690073483,
        0.2117405430834735
      ],
      [
        0.5113531661879009,
        0.2796862745815625,
        0.16885423206671274
      ],
      [
        0.4237087319489558,
        0.23807445043147563,
        0.1742147585660817
      ],
      [
        0.4946314698287696,
        0.3640250600289935,
        0.22389776701517067
      ],
      [
        0.5636906508364473,
        0.398650517659609,
        0.2185372405158017
      ],
      [
        0.5670710069740454,
        0.21387039097289046,
        0.17565092949904093
      ],
      [
        0.48090303688909875,
        0.17563238330453895,
        0.1810114559984099
      ]
    ],
    "keypoints_3d": [
      [
        0.00033108835553333216,
        -0.03153014826229853,
        0.1963759995409417
