[
  {
    "frame_id": 0,
    "image": "frame_000000.png",
    "keypoints_2d": [
      [
        0.5725077796003377,
        0.21434610284969308,
        0.12255684635767344
      ],
      [
        0.579595447044092,
        0.13971938241536802,
        0.10601752643263267
      ],
      [
        0.6440558440267439,
        0.09859107128758227,
        0.10998327814401843
      ],
      [
        0.5702204133205088,
        0.06151977004619957,
        0.11512630610828783
      ],
      [
        0.5062642443689416,
        0.0993992651589179,
        0.11116055439690209
      ],
      [
        0.5746991868735016,
        0.34735278230195454,
        0.12998738660705908
      ],
      [
        0.6271959824116017,
        0.3084823843165624,
        0.13395313831844483
      ],
      [
        0.5671730237306359,
        0.27076076284322015,
        0.13909616628271423
      ],
      [
        0.5150000171865673,
        0.30707618812107806,
        0.1351304145713285
      ]
    ],
    "keypoints_3d": [
      [
        0.008878850288051108,
        -0.034979393948840774,
        0.12255684635767344
      ],
      [
        0.008402086651068494,
        -0.038031182436473854,
        0.10601752643263267
      ],
      [
        0.0157252340688524,
        -0.04381807210930089,
        0.10998327814401843
      ],
      [
        0.008015299426362203,
        -0.05005026557702427,
        0.11512630610828783
      ],
      [
        0.0006921520085782992,
        -0.044263375904197245,
        0.11116055439690209
      ],
      [
        0.009742401149740012,
        -0.019908522320657276,
        0.12998738660705908
      ],
      [
        0.01706554856752392,
        -0.025695411993484307,
        0.13395313831844483
      ],
      [
        0.00935561392503372,
        -0.031927605461207695,
        0.13909616628271423
      ],
      [
        0.002032466507249815,
        -0.02614071578838066,
        0.1351304145713285
      ]
    ],
    "model_matrix": [
      0.8717742410165612,
      -0.4646601342017468,
      -0.15524378371971403,
      0.00847557769593277,
      -0.47362686419471556,
      -0.7183546778363091,
      -0.5095528925869944,
      -0.004893090334825462,
      0.12524881721229628,
      0.5177427126617112,
      -0.8463186263297138,
      0.079404462079491,
      0.0,
      0.0,
      0.0,
      1.0
    ],
    "view_matrix": [
      0.9572121406819136,
      0.17659356466248888,
      -0.22925887256754907,
      0.01983419013583063,
      -0.14464067449559137,
      0.9781224160393608,
      0.14951794047131606,
      -0.04083983096832115,
      0.2506471484230545,
      -0.10996022990663024,
      0.961813264010365,
      0.043522156789116036,
      0.0,
      0.0,
      0.0,
      1.0
    ],
    "camera_intrinsics": {
      "fx": 509.2169825521075,
      "fy": 509.2169825521075,
      "cx": 256.0,
      "cy": 256.0,
      "image_width": 512,
      "image_height": 512,
      "model": "SIMPLE_RADIAL",
      "dist": [
        0.07279161325786863,
        0.0,
        0.0,
        0.0
      ]
    },
    "visibility": [
      1.0,
      1.0,
      1.0,
      1.0,
      1.0,
      1.0,
      1.0,
      1.0,
      1.0
    ],
    "keypoints_2d_visibility": [
      1.0,
      1.0,
      1.0,
      1.0,
      1.0,
      1.0,
      1.0,
      1.0,
      1.0
    ],
    "pose_6dof": {
      "translation": [
        0.00847557769593277,
        -0.004893090334825462,
        0.079404462079491
      ],
      "rotation": [
        0.8717742410165612,
        -0.4646601342017468,
        -0.15524378371971403,
        -0.47362686419471556,
        -0.7183546778363091,
        -0.5095528925869944,
        0.12524881721229628,
        0.5177427126617112,
        -0.8463186263297138
      ]
    },
    "pose_9dof": {
      "translation": [
        0.00847557769593277,
        -0.004893090334825462,
        0.079404462079491
      ],
      "rotation": [
        0.8717742410165612,
        -0.4646601342017468,
        -0.15524378371971403,
        -0.47362686419471556,
        -0.7183546778363091,
        -0.5095528925869944,
        0.12524881721229628,
        0.5177427126617112,
        -0.8463186263297138
      ],
      "scale": [
        0.010141191587995277,
        0.011168440546999461,
        0.03007958525994518
      ]
    }
  },
  {
    "frame_id": 1,
    "image": "frame_000001.png",
    "keypoints_2d": [
      [
        0.5703747527092592,
        0.21234419823481326,
        0.123234473167563
      ],
      [
        0.5774694178060256,
        0.13750181612577417,
        0.10669770914879617
      ],
      [
        0.6419320317862482,
        0.09647601593789062,
        0.1106914842785231
      ],
      [
        0.5680032571585735,
        0.05934764841479362,
        0.1158204283280382
      ],
      [
        0.5040027878512007,
        0.0971429494222798,
        0.11182665319831127
      ],
      [
        0.5726301562931065,
        0.34570298875482786,
        0.13064851800708782
      ],
      [
        0.6252176709992868,
        0.30680592143664265,
        0.13464229313681475
      ],
      [
        0.5650230270975455,
        0.2690250619888221,
        0.13977123718632983
      ],
      [
        0.5127331572547088,
        0.3053717990231095,
        0.1357774620566029
      ]
    ],
    "keypoints_3d": [
      [
        0.008599104120014592,
        -0.035148715908449285,
        0.123234473167563
      ],
      [
        0.008168225942554305,
        -0.0382211090970658,
        0.10669770914879617
      ],
      [
        0.015478111243143085,
        -0.0440054935872114,
        0.1106914842785231
      ],
      [
        0.007751483177313849,
        -0.05022861305586579,
        0.1158204283280382
      ],
      [
        0.000441597876725066,
        -0.044444228565720195,
        0.11182665319831127
      ],
      [
        0.009446725062715334,
        -0.020068818761032774,
        0.13064851800708782
      ],
      [
        0.016756610363304118,
        -0.025853203251178375,
        0.13464229313681475
      ],
      [
        0.009029982297474877,
        -0.03207632271983277,
        0.13977123718632983
      ],
      [
        0.0017200969968860953,
        -0.026291938229687166,
        0.1357774620566029
      ]
    ],
    "model_matrix": [
      0.8717742410165612,
      -0.4646601342017468,
      -0.15524378371971403,
      0.00847557769593277,
      -0.47362686419471556,
      -0.7183546778363091,
      -0.5095528925869944,
      -0.004893090334825462,
      0.12524881721229628,
      0.5177427126617112,
      -0.8463186263297138,
      0.079404462079491,
      0.0,
      0.0,
      0.0,
      1.0
    ],
    "view_matrix": [
      0.9564475703786545,
      0.17723950862552706,
      -0.23193577063262732,
      0.01977664245586494,
      -0.14464991661323096,
      0.9779237162879278,
      0.150803205355171,
      -0.04111210261820896,
      0.2535437767734683,
      -0.11068586948563158,
      0.9609704426025056,
      0.044238606160874994,
      0.0,
      0.0,
      0.0,
      1.0
    ],
    "camera_intrinsics": {
      "fx": 513.2461971261934,
      "fy": 513.2461971261934,
      "cx": 256.0,
      "cy": 256.0,
      "image_width": 512,
      "image_height": 512,
      "model": "SIMPLE_RADIAL",
      "dist": [
        0.07072254161070572,
        0.0,
        0.0,
        0.0
      ]
    },
    "visibility": [
      1.0,
      1.0,
      1.0,
      1.0,
      1.0,
      1.0,
      1.0,
      1.0,
      1.0
    ],
    "keypoints_2d_visibility": [
      1.0,
      1.0,
      1.0,
      1.0,
      1.0,
      1.0,
      1.0,
      1.0,
      1.0
    ],
    "pose_6dof": {
      "translation": [
        0.00847557769593277,
        -0.004893090334825462,
        0.079404462079491
      ],
      "rotation": [
        0.8717742410165612,
        -0.4646601342017468,
        -0.15524378371971403,
        -0.47362686419471556,
        -0.7183546778363091,
        -0.5095528925869944,
        0.12524881721229628,
        0.5177427126617112,
        -0.8463186263297138
      ]
    },
    "pose_9dof": {
      "translation": [
        0.00847557769593277,
        -0.004893090334825462,
        0.079404462079491
      ],
      "rotation": [
        0.8717742410165612,
        -0.4646601342017468,
        -0.15524378371971403,
        -0.47362686419471556,
        -0.7183546778363091,
        -0.5095528925869944,
        0.12524881721229628,
        0.5177427126617112,
        -0.8463186263297138
      ],
      "scale": [
        0.010141191587995277,
        0.011168440546999461,
        0.03007958525994518
      ]
    }
  },
  {
    "frame_id": 2,
    "image": "frame_000002.png",
    "keypoints_2d": [
      [
        0.5655914186996043,
        0.20879516214160998,
        0.12335178273423617
      ],
      [
        0.5727693966531793,
        0.13351904678726323,
        0.106808643082955
      ],
      [
        0.6373512156465948,
        0.09253115916943239,
        0.11083343604098281
      ],
      [
        0.563267526968704,
        0.05509731095440645,
        0.11591210847926026
      ],
      [
        0.4990927293159011,
        0.09285494437769493,
        0.11188731552123245
      ],
      [
        0.5677962356723347,
        0.3426369618110514,
        0.13079145698921207
      ],
      [
        0.6204706743288891,
        0.3037344360517563,
        0.1348162499472399
      ],
      [
        0.5601754397322161,
        0.26579561141878494,
        0.13989492238551732
      ],
      [
        0.5077621978689134,
        0.3021519887396458,
        0.13587012942748955
      ]
    ],
    "keypoints_3d": [
      [
        0.007994109217378283,
        -0.0354912780455372,
        0.12335178273423617
      ],
      [
        0.007652701586410633,
        -0.038540506051012606,
        0.106808643082955
      ],
      [
        0.01494250537052872,
        -0.04432873283116675,
        0.11083343604098281
      ],
      [
        0.007190033532431365,
        -0.050560933960466896,
        0.11591210847926026
      ],
      [
        -9.977025168672257e-05,
        -0.04477270718031275,
        0.11188731552123245
      ],
      [
        0.008798184902325201,
        -0.0204216221306075,
        0.13079145698921207
      ],
      [
        0.016087988686443292,
        -0.026209848910761644,
        0.1348162499472399
      ],
      [
        0.008335516848345935,
        -0.03244205004006179,
        0.13989492238551732
      ],
      [
        0.0010457130642278455,
        -0.02665382325990765,
        0.13587012942748955
      ]
    ],
    "model_matrix": [
      0.8717742410165612,
      -0.4646601342017468,
      -0.15524378371971403,
      0.00847557769593277,
      -0.47362686419471556,
      -0.7183546778363091,
      -0.5095528925869944,
      -0.004893090334825462,
      0.12524881721229628,
      0.5177427126617112,
      -0.8463186263297138,
      0.079404462079491,
      0.0,
      0.0,
      0.0,
      1.0
    ],
    "view_matrix": [
      0.9551100046976894,
      0.17758634541074977,
      -0.23712437422170207,
      0.019596679575736797,
      -0.1447747877429151,
      0.9781213867815861,
      0.14939482438980559,
      -0.041340807447795426,
      0.2584669026401133,
      -0.10835886047813921,
      0.9599235477867524,
      0.04440870377674086,
      0.0,
      0.0,
      0.0,
      1.0
    ],
    "camera_intrinsics": {
      "fx": 514.9297498810996,
      "fy": 514.9297498810996,
      "cx": 256.0,
      "cy": 256.0,
      "image_width": 512,
      "image_height": 512,
      "model": "SIMPLE_RADIAL",
      "dist": [
        0.07287587037080437,
        0.0,
        0.0,
        0.0
      ]
    },
    "visibility": [
      1.0,
      1.0,
      1.0,
      1.0,
      1.0,
      1.0,
      1.0,
      1.0,
      1.0
    ],
    "keypoints_2d_visibility": [
      1.0,
      1.0,
      1.0,
      1.0,
      1.0,
      1.0,
      1.0,
      1.0,
      1.0
    ],
    "pose_6dof": {
      "translation": [
        0.00847557769593277,
        -0.004893090334825462,
        0.079404462079491
      ],
      "rotation": [
        0.8717742410165612,
        -0.4646601342017468,
        -0.15524378371971403,
        -0.47362686419471556,
        -0.7183546778363091,
        -0.5095528925869944,
        0.12524881721229628,
        0.5177427126617112,
        -0.8463186263297138
      ]
    },
    "pose_9dof": {
      "translation": [
        0.00847557769593277,
        -0.004893090334825462,
        0.079404462079491
      ],
      "rotation": [
        0.8717742410165612,
        -0.4646601342017468,
        -0.15524378371971403,
        -0.47362686419471556,
        -0.7183546778363091,
        -0.5095528925869944,
        0.12524881721229628,
        0.5177427126617112,
        -0.8463186263297138
      ],
      "scale": [
        0.010141191587995277,
        0.011168440546999461,
        0.03007958525994518
      ]
    }
  },
  {
    "frame_id": 3,
    "image": "frame_000003.png",
    "keypoints_2d": [
      [
        0.5565104681418955,
        0.2034010563992691,
        0.12235121882087069
      ],
      [
        0.5637411134521456,
        0.12771270451276984,
        0.10578345439557349
      ],
      [
        0.6286504563702509,
        0.0866022906939451,
        0.10982846544735886
      ],
      [
        0.554294239701043,
        0.048400295036019836,
        0.11479265843148104
      ],
      [
        0.4897054870840499,
        0.08625154483565017,
        0.11074764737969567
      ],
      [
        0.5585958331385015,
        0.3378557221149122,
        0.12990977921026037
      ],
      [
        0.6113850151354654,
        0.2988788119494051,
        0.13395479026204574
      ],
      [
        0.5510667425681383,
        0.2605398531198732,
        0.13891898324616792
      ],
      [
        0.49848115027755124,
        0.2969674979630351,
        0.13487397219438255
      ]
    ],
    "keypoints_3d": [
      [
        0.0068608002877999525,
        -0.03600936577816858,
        0.12235121882087069
      ],
      [
        0.006666303953316695,
        -0.038935314042471705,
        0.10578345439557349
      ],
      [
        0.013925610079298534,
        -0.04474772550284192,
        0.10982846544735886
      ],
      [
        0.006134399867920517,
        -0.051023703172525955,
        0.11479265843148104
      ],
      [
        -0.0011249062580613207,
        -0.045211291712155745,
        0.11074764737969567
      ],
      [
        0.00758720070767939,
        -0.0209950283838112,
        0.12990977921026037
      ],
      [
        0.01484650683366123,
        -0.026807439844181418,
        0.13395479026204574
      ],
      [
        0.00705529662228321,
        -0.033083417513865454,
        0.13891898324616792
      ],
      [
        -0.000204009503698626,
        -0.027271006053495236,
        0.13487397219438255
      ]
    ],
    "model_matrix": [
      0.8717742410165612,
      -0.4646601342017468,
      -0.15524378371971403,
      0.00847557769593277,
      -0.47362686419471556,
      -0.7183546778363091,
      -0.5095528925869944,
      -0.004893090334825462,
      0.12524881721229628,
      0.5177427126617112,
      -0.8463186263297138,
      0.079404462079491,
      0.0,
      0.0,
      0.0,
      1.0
    ],
    "view_matrix": [
      0.9529408997091176,
      0.1776978085457438,
      -0.24561581891160408,
      0.01915655906108769,
      -0.14595424392702672,
      0.979041117352839,
      0.1420417164504658,
      -0.04126052870259487,
      0.2657084875220731,
      -0.09950868992477355,
      0.9589040725162177,
      0.04347101881752303,
      0.0,
      0.0,
      0.0,
      1.0
    ],
    "camera_intrinsics": {
      "fx": 512.5603084017174,
      "fy": 512.5603084017174,
      "cx": 256.0,
      "cy": 256.0,
      "image_width": 512,
      "image_height": 512,
      "model": "SIMPLE_RADIAL",
      "dist": [
        0.07431377503217489,
        0.0,
        0.0,
        0.0
      ]
    },
    "visibility": [
      1.0,
      1.0,
      1.0,
      1.0,
      1.0,
      1.0,
      1.0,
      1.0,
      1.0
    ],
    "keypoints_2d_visibility": [
      1.0,
      1.0,
      1.0,
      1.0,
      1.0,
      1.0,
      1.0,
      1.0,
      1.0
    ],
    "pose_6dof": {
      "translation": [
        0.00847557769593277,
        -0.004893090334825462,
        0.079404462079491
      ],
      "rotation": [
        0.8717742410165612,
        -0.4646601342017468,
        -0.15524378371971403,
        -0.47362686419471556,
        -0.7183546778363091,
        -0.5095528925869944,
        0.12524881721229628,
        0.5177427126617112,
        -0.8463186263297138
      ]
    },
    "pose_9dof": {
      "translation": [
        0.00847557769593277,
        -0.004893090334825462,
        0.079404462079491
      ],
      "rotation": [
        0.8717742410165612,
        -0.4646601342017468,
        -0.15524378371971403,
        -0.47362686419471556,
        -0.7183546778363091,
        -0.5095528925869944,
        0.12524881721229628,
        0.5177427126617112,
        -0.8463186263297138
      ],
      "scale": [
        0.010141191587995277,
        0.011168440546999461,
        0.03007958525994518
      ]
    }
  },
  {
    "frame_id": 4,
    "image": "frame_000004.png",
    "keypoints_2d": [
      [
        0.5537000161210476,
        0.20511749568941234,
        0.12171440236535706
      ],
      [
        0.5607236488162336,
        0.1294186798344939,
        0.10514529509456721
      ],
      [
        0.6256723466837979,
        0.08825960625635199,
        0.10919705061995831
      ],
      [
        0.5513460094639829,
        0.05001173753722532,
        0.11414922202636794
      ],
      [
        0.486710308448928,
        0.08789007224586581,
        0.11009746650097685
      ],
      [
        0.5559019500617006,
        0.3394588607740049,
        0.1292795827043462
      ],
      [
        0.608636478773719,
        0.3004808499710028,
        0.13333133822973725
      ],
      [
        0.5484217836326161,
        0.2621609273027349,
        0.13828350963614688
      ],
      [
        0.4958846703875548,
        0.29858102788357843,
        0.13423175411075583
      ]
    ],
    "keypoints_3d": [
      [
        0.00652337521002736,
        -0.03582176240234897,
        0.12171440236535706
      ],
      [
        0.0063481727167957955,
        -0.03874131861127428,
        0.10514529509456721
      ],
      [
        0.013600149742381584,
        -0.04455817972421697,
        0.10919705061995831
      ],
      [
        0.005800302177120015,
        -0.05083292597981039,
        0.11414922202636794
      ],
      [
        -0.0014516748484657734,
        -0.045016064866867704,
        0.11009746650097685
      ],
      [
        0.007246448242934703,
        -0.02081059882488754,
        0.1292795827043462
      ],
      [
        0.014498425268520491,
        -0.02662745993783023,
        0.13333133822973725
      ],
      [
        0.006698577703258924,
        -0.032902206193423655,
        0.13828350963614688
      ],
      [
        -0.0005533993223268661,
        -0.027085345080480966,
        0.13423175411075583
      ]
    ],
    "model_matrix": [
      0.8717742410165612,
      -0.4646601342017468,
      -0.15524378371971403,
      0.00847557769593277,
      -0.47362686419471556,
      -0.7183546778363091,
      -0.5095528925869944,
      -0.004893090334825462,
      0.12524881721229628,
      0.5177427126617112,
      -0.8463186263297138,
      0.079404462079491,
      0.0,
      0.0,
      0.0,
      1.0
    ],
    "view_matrix": [
      0.9525534676688832,
      0.17821244943769352,
      -0.24674321489638468,
      0.018914456149770383,
      -0.14643735558307588,
      0.9790076787073356,
      0.14177470127603925,
      -0.04104779209841932,
      0.26682951883519507,
      -0.09891555943071803,
      0.9586541190547748,
      0.042847450635253984,
      0.0,
      0.0,
      0.0,
      1.0
    ],
    "camera_intrinsics": {
      "fx": 509.4844432845163,
      "fy": 509.4844432845163,
      "cx": 256.0,
      "cy": 256.0,
      "image_width": 512,
      "image_height": 512,
      "model": "SIMPLE_RADIAL",
      "dist": [
        0.077017881286938,
        0.0,
        0.0,
        0.0
      ]
    },
    "visibility": [
      1.0,
      1.0,
      1.0,
      1.0,
      1.0,
      1.0,
      1.0,
      1.0,
      1.0
    ],
    "keypoints_2d_visibility": [
      1.0,
      1.0,
      1.0,
      1.0,
      1.0,
      1.0,
      1.0,
      1.0,
      1.0
    ],
    "pose_6dof": {
      "translation": [
        0.00847557769593277,
        -0.004893090334825462,
        0.079404462079491
      ],
      "rotation": [
        0.8717742410165612,
        -0.4646601342017468,
        -0.15524378371971403,
        -0.47362686419471556,
        -0.7183546778363091,
        -0.5095528925869944,
        0.12524881721229628,
        0.5177427126617112,
        -0.8463186263297138
      ]
    },
    "pose_9dof": {
      "translation": [
        0.00847557769593277,
        -0.004893090334825462,
        0.079404462079491
      ],
      "rotation": [
        0.8717742410165612,
        -0.4646601342017468,
        -0.15524378371971403,
        -0.47362686419471556,
        -0.7183546778363091,
        -0.5095528925869944,
        0.12524881721229628,
        0.5177427126617112,
        -0.8463186263297138
      ],
      "scale": [
        0.010141191587995277,
        0.011168440546999461,
        0.03007958525994518
      ]
    }
  },
  {
    "frame_id": 5,
    "image": "frame_000005.png",
    "keypoints_2d": [
      [
        0.5524985897290662,
        0.20885387964665209,
        0.12212760162031594
      ],
      [
        0.5591308110722621,
        0.1338188998025865,
        0.10556441965611812
      ],
      [
        0.623966827115309,
        0.09267860729417937,
        0.10962259323673891
      ],
      [
        0.5498039545300744,
        0.05455578545305306,
        0.11459259236694193
      ],
      [
        0.4852746917251605,
        0.09242790815588575,
        0.11053441878632114
      ],
      [
        0.5549873916800991,
        0.3428523847603051,
        0.12966261087368997
      ],
      [
        0.6077188820017677,
        0.3037928288113584,
        0.13372078445431074
      ],
      [
        0.547504793713156,
        0.2655041622565504,
        0.13869078358451375
      ],
      [
        0.49496792140742474,
        0.3020012617943772,
        0.13463261000389298
      ]
    ],
    "keypoints_3d": [
      [
        0.006381829571201907,
        -0.03539228253560079,
        0.12212760162031594
      ],
      [
        0.00619183443224159,
        -0.03834435387445648,
        0.10556441965611812
      ],
      [
        0.013440285624227473,
        -0.04416113557324629,
        0.10962259323673891
      ],
      [
        0.0056370550078361,
        -0.050417553465703216,
        0.11459259236694193
      ],
      [
        -0.0016113961841497833,
        -0.044600771766913405,
        0.11053441878632114
      ],
      [
        0.0071266041345677145,
        -0.02036701160549836,
        0.12966261087368997
      ],
      [
        0.014375055326553598,
        -0.026183793304288168,
        0.13372078445431074
      ],
      [
        0.006571824710162223,
        -0.032440211196745096,
        0.13869078358451375
      ],
      [
        -0.0006766264818236604,
        -0.02662342949795529,
        0.13463261000389298
      ]
    ],
    "model_matrix": [
      0.8717742410165612,
      -0.4646601342017468,
      -0.15524378371971403,
      0.00847557769593277,
      -0.47362686419471556,
      -0.7183546778363091,
      -0.5095528925869944,
      -0.004893090334825462,
      0.12524881721229628,
      0.5177427126617112,
      -0.8463186263297138,
      0.079404462079491,
      0.0,
      0.0,
      0.0,
      1.0
    ],
    "view_matrix": [
      0.9525794751256547,
      0.17921293250953174,
      -0.24591679159965138,
      0.018711963839446292,
      -0.14695245239478133,
      0.9786148807024297,
      0.14393711127755968,
      -0.04078757348770999,
      0.26645322348301936,
      -0.1009734623012556,
      0.9585442293428118,
      0.04326249543952751,
      0.0,
      0.0,
      0.0,
      1.0
    ],
    "camera_intrinsics": {
      "fx": 511.2202833179318,
      "fy": 511.2202833179318,
      "cx": 256.0,
      "cy": 256.0,
      "image_width": 512,
      "image_height": 512,
      "model": "SIMPLE_RADIAL",
      "dist": [
        0.07133529361529405,
        0.0,
        0.0,
        0.0
      ]
    },
    "visibility": [
      1.0,
      1.0,
      1.0,
      1.0,
      1.0,
      1.0,
      1.0,
      1.0,
      1.0
    ],
    "keypoints_2d_visibility": [
      1.0,
      1.0,
      1.0,
      1.0,
      1.0,
      1.0,
      1.0,
      1.0,
      1.0
    ],
    "pose_6dof": {
      "translation": [
        0.00847557769593277,
        -0.004893090334825462,
        0.079404462079491
      ],
      "rotation": [
        0.8717742410165612,
        -0.4646601342017468,
        -0.15524378371971403,
        -0.47362686419471556,
        -0.7183546778363091,
        -0.5095528925869944,
        0.12524881721229628,
        0.5177427126617112,
        -0.8463186263297138
      ]
    },
    "pose_9dof": {
      "translation": [
        0.00847557769593277,
        -0.004893090334825462,
        0.079404462079491
      ],
      "rotation": [
        0.8717742410165612,
        -0.4646601342017468,
        -0.15524378371971403,
        -0.47362686419471556,
        -0.7183546778363091,
        -0.5095528925869944,
        0.12524881721229628,
        0.5177427126617112,
        -0.8463186263297138
      ],
      "scale": [
        0.010141191587995277,
        0.011168440546999461,
        0.03007958525994518
      ]
    }
  },
  {
    "frame_id": 6,
    "image": "frame_000006.png",
    "keypoints_2d": [
      [
        0.549711020991813,
        0.21047572970972966,
        0.12209493750515504
      ],
      [
        0.556356604074377,
        0.13541724871660693,
        0.10553556414424972
      ],
      [
        0.621174953805393,
        0.09428586313381199,
        0.10962388495980349
      ],
      [
        0.5469307692102222,
        0.056078653673891476,
        0.11457955345262714
      ],
      [
        0.48238501713093407,
        0.09393230330221014,
        0.11049123263707336
      ],
      [
        0.5522712924661256,
        0.3445406971664177,
        0.12961032155768293
      ],
      [
        0.6049866723561422,
        0.3054524423694559,
        0.1336986423732367
      ],
      [
        0.5447071838443382,
        0.2671320694554363,
        0.13865431086606037
      ],
      [
        0.49216362566270555,
        0.30365098848400707,
        0.13456599005050657
      ]
    ],
    "keypoints_3d": [
      [
        0.006038188570245167,
        -0.035167294994066095,
        0.12209493750515504
      ],
      [
        0.00589613368890159,
        -0.03814333169183635,
        0.10553556414424972
      ],
      [
        0.013129065505088095,
        -0.04395832069233608,
        0.10962388495980349
      ],
      [
        0.005307402069490352,
        -0.05020307810486461,
        0.11457955345262714
      ],
      [
        -0.0019255297466961516,
        -0.044388089104364876,
        0.11049123263707336
      ],
      [
        0.00676897507099998,
        -0.020131511883267585,
        0.12961032155768293
      ],
      [
        0.014001906887186482,
        -0.025946500883767314,
        0.1336986423732367
      ],
      [
        0.006180243451588742,
        -0.03219125829629584,
        0.13865431086606037
      ],
      [
        -0.0010526883645977578,
        -0.02637626929579611,
        0.13456599005050657
      ]
    ],
    "model_matrix": [
      0.8717742410165612,
      -0.4646601342017468,
      -0.15524378371971403,
      0.00847557769593277,
      -0.47362686419471556,
      -0.7183546778363091,
      -0.5095528925869944,
      -0.004893090334825462,
      0.12524881721229628,
      0.5177427126617112,
      -0.8463186263297138,
      0.079404462079491,
      0.0,
      0.0,
      0.0,
      1.0
    ],
    "view_matrix": [
      0.9516926467654031,
      0.18007426262534115,
      -0.24870537998322684,
      0.018601480147783508,
      -0.1471055346728392,
      0.9783652080730458,
      0.14546986389216063,
      -0.04068421755302678,
      0.2695200693107652,
      -0.10185666189368908,
      0.9575928950585394,
      0.043275056645983065,
      0.0,
      0.0,
      0.0,
      1.0
    ],
    "camera_intrinsics": {
      "fx": 511.4374136872566,
      "fy": 511.4374136872566,
      "cx": 256.0,
      "cy": 256.0,
      "image_width": 512,
      "image_height": 512,
      "model": "SIMPLE_RADIAL",
      "dist": [
        0.07359124084126643,
        0.0,
        0.0,
        0.0
      ]
    },
    "visibility": [
      1.0,
      1.0,
      1.0,
      1.0,
      1.0,
      1.0,
      1.0,
      1.0,
      1.0
    ],
    "keypoints_2d_visibility": [
      1.0,
      1.0,
      1.0,
      1.0,
      1.0,
      1.0,
      1.0,
      1.0,
      1.0
    ],
    "pose_6dof": {
      "translation": [
        0.00847557769593277,
        -0.004893090334825462,
        0.079404462079491
      ],
      "rotation": [
        0.8717742410165612,
        -0.4646601342017468,
        -0.15524378371971403,
        -0.47362686419471556,
        -0.7183546778363091,
        -0.5095528925869944,
        0.12524881721229628,
        0.5177427126617112,
        -0.8463186263297138
      ]
    },
    "pose_9dof": {
      "translation": [
        0.00847557769593277,
        -0.004893090334825462,
        0.079404462079491
      ],
      "rotation": [
        0.8717742410165612,
        -0.4646601342017468,
        -0.15524378371971403,
        -0.47362686419471556,
        -0.7183546778363091,
        -0.5095528925869944,
        0.12524881721229628,
        0.5177427126617112,
        -0.8463186263297138
      ],
      "scale": [
        0.010141191587995277,
        0.011168440546999461,
        0.03007958525994518
      ]
    }
  },
  {
    "frame_id": 7,
    "image": "frame_000007.png",
    "keypoints_2d": [
      [
        0.543188399302175,
        0.21069574244649658,
        0.12178726957001254
      ],
      [
        0.5495616110685329,
        0.13552093072952703,
        0.10522559894019166
      ],
      [
        0.6144713035116639,
        0.09425306769323999,
        0.10934712819337722
      ],
      [
        0.5400331565396224,
        0.05583597084012015,
        0.11425921510454201
      ],
      [
        0.47533569505057327,
        0.09380686755640144,
        0.11013768585135646
      ],
      [
        0.5460596474272257,
        0.345031528125351,
        0.12931532403548307
      ],
      [
        0.5987986124194679,
        0.30579047290942546,
        0.1334368532886686
      ],
      [
        0.5383920089598153,
        0.26738775761620587,
        0.1383489401998334
      ],
      [
        0.4857844619386821,
        0.3040493244516195,
        0.13422741094664786
      ]
    ],
    "keypoints_3d": [
      [
        0.005233517072155372,
        -0.03505753386134993,
        0.12178726957001254
      ],
      [
        0.005170407972262026,
        -0.03802349126368885,
        0.10522559894019166
      ],
      [
        0.012372207835916117,
        -0.04385365782764171,
        0.10934712819337722
      ],
      [
        0.004514463853637298,
        -0.05008754312799703,
        0.11425921510454201
      ],
      [
        -0.002687336010016795,
        -0.044257376564044174,
        0.11013768585135646
      ],
      [
        0.005952570290673446,
        -0.020027524594702827,
        0.12931532403548307
      ],
      [
        0.013154370154327542,
        -0.025857691158655684,
        0.1334368532886686
      ],
      [
        0.0052966261720487195,
        -0.032091576459011006,
        0.1383489401998334
      ],
      [
        -0.0019051736916053733,
        -0.026261409895058152,
        0.13422741094664786
      ]
    ],
    "model_matrix": [
      0.8717742410165612,
      -0.4646601342017468,
      -0.15524378371971403,
      0.00847557769593277,
      -0.47362686419471556,
      -0.7183546778363091,
      -0.5095528925869944,
      -0.004893090334825462,
      0.12524881721229628,
      0.5177427126617112,
      -0.8463186263297138,
      0.079404462079491,
      0.0,
      0.0,
      0.0,
      1.0
    ],
    "view_matrix": [
      0.9500495474380154,
      0.1823128118594481,
      -0.25331382916201717,
      0.01818761971738908,
      -0.1489444051444036,
      0.9781062005071102,
      0.14534037534602856,
      -0.040549856309822566,
      0.2742652394836099,
      -0.100350880222578,
      0.9564038264507059,
      0.0430289559312821,
      0.0,
      0.0,
      0.0,
      1.0
    ],
    "camera_intrinsics": {
      "fx": 511.3083103832235,
      "fy": 511.3083103832235,
      "cx": 256.0,
      "cy": 256.0,
      "image_width": 512,
      "image_height": 512,
      "model": "SIMPLE_RADIAL",
      "dist": [
        0.07532921469780027,
        0.0,
        0.0,
        0.0
      ]
    },
    "visibility": [
      1.0,
      1.0,
      1.0,
      1.0,
      1.0,
      1.0,
      1.0,
      1.0,
      1.0
    ],
    "keypoints_2d_visibility": [
      1.0,
      1.0,
      1.0,
      1.0,
      1.0,
      1.0,
      1.0,
      1.0,
      1.0
    ],
    "pose_6dof": {
      "translation": [
        0.00847557769593277,
        -0.004893090334825462,
        0.079404462079491
      ],
      "rotation": [
        0.8717742410165612,
        -0.4646601342017468,
        -0.15524378371971403,
        -0.47362686419471556,
        -0.7183546778363091,
        -0.5095528925869944,
        0.12524881721229628,
        0.5177427126617112,
        -0.8463186263297138
      ]
    },
    "pose_9dof": {
      "translation": [
        0.00847557769593277,
        -0.004893090334825462,
        0.079404462079491
      ],
      "rotation": [
        0.8717742410165612,
        -0.4646601342017468,
        -0.15524378371971403,
        -0.47362686419471556,
        -0.7183546778363091,
        -0.5095528925869944,
        0.12524881721229628,
        0.5177427126617112,
        -0.8463186263297138
      ],
      "scale": [
        0.010141191587995277,
        0.011168440546999461,
        0.03007958525994518
      ]
    }
  },
  {
    "frame_id": 8,
    "image": "frame_000008.png",
    "keypoints_2d": [
      [
        0.5406443514405275,
        0.21076643252936067,
        0.12163419935590924
      ],
      [
        0.5468494401967378,
        0.13558111877968132,
        0.10507102972721347
      ],
      [
        0.6117741072860589,
        0.09421653517639722,
        0.10920202774972085
      ],
      [
        0.5372417087112129,
        0.055767814658513326,
        0.11409774950901555
      ],
      [
        0.472505709953644,
        0.09382814451055116,
        0.10996675148650817
      ],
      [
        0.5437235908279742,
        0.3451883819109107,
        0.1291706492028029
      ],
      [
        0.5964523470099005,
        0.305848818825719,
        0.13330164722531032
      ],
      [
        0.5359753204785962,
        0.2674469899911338,
        0.13819736898460502
      ],
      [
        0.4833621275710243,
        0.3042025399502071,
        0.13406637096209761
      ]
    ],
    "keypoints_3d": [
      [
        0.004920746385327293,
        -0.035017043726949935,
        0.12163419935590924
      ],
      [
        0.004882044799077357,
        -0.03797503868298373,
        0.10507102972721347
      ],
      [
        0.012069339096720658,
        -0.04381639322123342,
        0.10920202774972085
      ],
      [
        0.004195260056872537,
        -0.05004253584581684,
        0.11409774950901555
      ],
      [
        -0.0029920342407707655,
        -0.04420118130756715,
        0.10996675148650817
      ],
      [
        0.005646232713782048,
        -0.019991551608083035,
        0.1291706492028029
      ],
      [
        0.012833527011425351,
        -0.025832906146332726,
        0.13330164722531032
      ],
      [
        0.004959447971577229,
        -0.03205904877091614,
        0.13819736898460502
      ],
      [
        -0.0022278463260660755,
        -0.026217694232666455,
        0.13406637096209761
      ]
    ],
    "model_matrix": [
      0.8717742410165612,
      -0.4646601342017468,
      -0.15524378371971403,
      0.00847557769593277,
      -0.47362686419471556,
      -0.7183546778363091,
      -0.5095528925869944,
      -0.004893090334825462,
      0.12524881721229628,
      0.5177427126617112,
      -0.8463186263297138,
      0.079404462079491,
      0.0,
      0.0,
      0.0,
      1.0
    ],
    "view_matrix": [
      0.9493894436783061,
      0.18373645184013168,
      -0.25475596263364564,
      0.018001921622855035,
      -0.15029270519710616,
      0.977919299962118,
      0.1452100049106016,
      -0.04048850108052259,
      0.2758111437138322,
      -0.09957288298929667,
      0.9560405085436849,
      0.04289543915947861,
      0.0,
      0.0,
      0.0,
      1.0
    ],
    "camera_intrinsics": {
      "fx": 511.15023986062613,
      "fy": 511.15023986062613,
      "cx": 256.0,
      "cy": 256.0,
      "image_width": 512,
      "image_height": 512,
      "model": "SIMPLE_RADIAL",
      "dist": [
        0.07505832738262848,
        0.0,
        0.0,
        0.0
      ]
    },
    "visibility": [
      1.0,
      1.0,
      1.0,
      1.0,
      1.0,
      1.0,
      1.0,
      1.0,
      1.0
    ],
    "keypoints_2d_visibility": [
      1.0,
      1.0,
      1.0,
      1.0,
      1.0,
      1.0,
      1.0,
      1.0,
      1.0
    ],
    "pose_6dof": {
      "translation": [
        0.00847557769593277,
        -0.004893090334825462,
        0.079404462079491
      ],
      "rotation": [
        0.8717742410165612,
        -0.4646601342017468,
        -0.15524378371971403,
        -0.47362686419471556,
        -0.7183546778363091,
        -0.5095528925869944,
        0.12524881721229628,
        0.5177427126617112,
        -0.8463186263297138
      ]
    },
    "pose_9dof": {
      "translation": [
        0.00847557769593277,
        -0.004893090334825462,
        0.079404462079491
      ],
      "rotation": [
        0.8717742410165612,
        -0.4646601342017468,
        -0.15524378371971403,
        -0.47362686419471556,
        -0.7183546778363091,
        -0.5095528925869944,
        0.12524881721229628,
        0.5177427126617112,
        -0.8463186263297138
      ],
      "scale": [
        0.010141191587995277,
        0.011168440546999461,
        0.03007958525994518
      ]
    }
  },
  {
    "frame_id": 9,
    "image": "frame_000009.png",
    "keypoints_2d": [
      [
        0.5380470563189323,
        0.21101973590741663,
        0.12177099574694013
      ],
      [
        0.54394857794441,
        0.13587295718751458,
        0.10520877025253877
      ],
      [
        0.6089420636977405,
        0.09442476540475664,
        0.10934871808129563
      ],
      [
        0.5343685284947446,
        0.05594567016726454,
        0.11423878361698593
      ],
      [
        0.4695496525812403,
        0.09408837812680965,
        0.11009883578822906
      ],
      [
        0.5413600630638472,
        0.3455626806379987,
        0.12930320787689434
      ],
      [
        0.5941539561640055,
        0.3061204964929789,
        0.1334431557056512
      ],
      [
        0.5336040829362672,
        0.2676960960124355,
        0.1383332212413415
      ],
      [
        0.4809164061947709,
        0.30455117367010365,
        0.13419327341258463
      ]
    ],
    "keypoints_3d": [
      [
        0.0046005103110722066,
        -0.03494243216899685,
        0.12177099574694013
      ],
