[
  {
    "frame_id": 0,
    "image": "frame_000000.png",
    "keypoints_2d": [
      [
        0.47733087907802346,
        0.4036946647559912,
        0.3147608325870691
      ],
      [
        0.4330963416637961,
        0.5504299242551274,
        0.2928139963985416
      ],
      [
        0.5441352273888124,
        0.5510360556747905,
        0.3043366424747785
      ],
      [
        0.5367889617040487,
        0.2531202405447842,
        0.31699141815456744
      ],
      [
        0.42954126006150484,
        0.2410860240827385,
        0.30546877207833056
      ],
      [
        0.4171765791479576,
        0.5553894822951027,
        0.31253024701957083
      ],
      [
        0.5220461808736448,
        0.5557642879482059,
        0.3240528930958077
      ],
      [
        0.5158626911325276,
        0.2753565723182475,
        0.3367076687755966
      ],
      [
        0.41443834333308355,
        0.2648067298300396,
        0.3251850226993597
      ]
    ],
    "keypoints_3d": [
      [
        -0.007496594745819388,
        -0.031847819448734924,
        0.3147608325870691
      ],
      [
        -0.020586653582456142,
        0.015517587627461834,
        0.2928139963985416
      ],
      [
        0.014117855246081789,
        0.01632527323355948,
        0.3043366424747785
      ],
      [
        0.01220181283642301,
        -0.08188272999403745,
        0.31699141815456744
      ],
      [
        -0.022502695992114914,
        -0.08269041560013508,
        0.30546877207833056
      ],
      [
        -0.02719500232806179,
        0.0181870910965676,
        0.31253024701957083
      ],
      [
        0.007509506500476139,
        0.018994776702665243,
        0.3240528930958077
      ],
      [
        0.005593464090817367,
        -0.07921322652493168,
        0.3367076687755966
      ],
      [
        -0.02911104473772056,
        -0.08002091213102931,
        0.3251850226993597
      ]
    ],
    "model_matrix": [
      0.9212117928949168,
      -0.06171248726969495,
      0.3841359154600363,
      -0.06146665117633957,
      0.014962922087214033,
      -0.9809897425086689,
      -0.19348187526326022,
      -0.0368186937449663,
      0.3887736405595734,
      0.1839855809778676,
      -0.9027759203691091,
      0.31107115810510216,
      0.0,
      0.0,
      0.0,
      1.0
    ],
    "view_matrix": [
      0.9963459397901289,
      -0.027811596719654476,
      0.08075446335422039,
      0.027601082486289855,
      0.03262456412184774,
      0.9977303165750886,
      -0.05890545987285734,
      0.02521641984133263,
      -0.078932921392688,
      0.06132479494361694,
      0.9949918911456208,
      0.0026537092016431924,
      0.0,
      0.0,
      0.0,
      1.0
    ],
    "camera_intrinsics": {
      "fx": 486.9491978773533,
      "fy": 486.9491978773533,
      "cx": 256.0,
      "cy": 256.0,
      "image_width": 512,
      "image_height": 512,
      "model": "SIMPLE_RADIAL",
      "dist": [
        0.07198063792738443,
        0.0,
        0.0,
        0.0
      ]
    },
    "visibility": [
      1.0,
      1.0,
      1.0,
      1.0,
      1.0,
      1.0,
      1.0,
      1.0,
      1.0
    ],
    "keypoints_2d_visibility": [
      1.0,
      1.0,
      1.0,
      1.0,
      1.0,
      1.0,
      1.0,
      1.0,
      1.0
    ],
    "pose_6dof": {
      "translation": [
        -0.06146665117633957,
        -0.0368186937449663,
        0.31107115810510216
      ],
      "rotation": [
        0.9212117928949168,
        -0.06171248726969495,
        0.3841359154600363,
        0.014962922087214033,
        -0.9809897425086689,
        -0.19348187526326022,
        0.3887736405595734,
        0.1839855809778676,
        -0.9027759203691091
      ]
    },
    "pose_9dof": {
      "translation": [
        -0.06146665117633957,
        -0.0368186937449663,
        0.31107115810510216
      ],
      "rotation": [
        0.9212117928949168,
        -0.06171248726969495,
        0.3841359154600363,
        0.014962922087214033,
        -0.9809897425086689,
        -0.19348187526326022,
        0.3887736405595734,
        0.1839855809778676,
        -0.9027759203691091
      ],
      "scale": [
        0.03657631284952847,
        0.09903851000481113,
        0.02096490067866647
      ]
    }
  },
  {
    "frame_id": 1,
    "image": "frame_000001.png",
    "keypoints_2d": [
      [
        0.47719378013123603,
        0.4050026020605148,
        0.30935567435729466
      ],
      [
        0.4328198630040805,
        0.5519726645049567,
        0.2874003423497776
      ],
      [
        0.5439970486859154,
        0.552541219434633,
        0.29896135692904574
      ],
      [
        0.5367680148259977,
        0.2543793672067591,
        0.31160172197161057
      ],
      [
        0.42944473343076567,
        0.2421184328105745,
        0.30004070739234245
      ],
      [
        0.4169037485415043,
        0.5567654452058532,
        0.30710962674297876
      ],
      [
        0.521803951540454,
        0.5571055028017778,
        0.31867064132224693
      ],
      [
        0.515750398339358,
        0.2767577952165636,
        0.33131100636481176
      ],
      [
        0.4143479048899087,
        0.2660277876421123,
        0.3197499917855436
      ]
    ],
    "keypoints_3d": [
      [
        -0.007537870446664086,
        -0.031398367750493164,
        0.30935567435729466
      ],
      [
        -0.020632393478512676,
        0.01596186778032515,
        0.2874003423497776
      ],
      [
        0.014058891779098791,
        0.016789110634364904,
        0.29896135692904574
      ],
      [
        0.012188355295642564,
        -0.08142162568721983,
        0.31160172197161057
      ],
      [
        -0.022502929961968902,
        -0.08224886854125957,
        0.30004070739234245
      ],
      [
        -0.027264096188970747,
        0.018624890186233495,
        0.30710962674297876
      ],
      [
        0.007427189068640736,
        0.01945213304027325,
        0.31867064132224693
      ],
      [
        0.005556652585184511,
        -0.07875860328131148,
        0.33131100636481176
      ],
      [
        -0.02913463267242696,
        -0.07958584613535122,
        0.3197499917855436
      ]
    ],
    "model_matrix": [
      0.9212117928949168,
      -0.06171248726969495,
      0.3841359154600363,
      -0.06146665117633957,
      0.014962922087214033,
      -0.9809897425086689,
      -0.19348187526326022,
      -0.0368186937449663,
      0.3887736405595734,
      0.1839855809778676,
      -0.9027759203691091,
      0.31107115810510216,
      0.0,
      0.0,
      0.0,
      1.0
    ],
    "view_matrix": [
      0.9964124454648238,
      -0.02848327881588606,
      0.07969279359331058,
      0.02786941905120913,
      0.03323758771589255,
      0.9977055761238118,
      -0.05898174407629092,
      0.025726370951400943,
      -0.07782995108335772,
      0.0614189400702196,
      0.9950729684374975,
      -0.002705407643365906,
      0.0,
      0.0,
      0.0,
      1.0
    ],
    "camera_intrinsics": {
      "fx": 478.8366879068427,
      "fy": 478.8366879068427,
      "cx": 256.0,
      "cy": 256.0,
      "image_width": 512,
      "image_height": 512,
      "model": "SIMPLE_RADIAL",
      "dist": [
        0.07299786068075735,
        0.0,
        0.0,
        0.0
      ]
    },
    "visibility": [
      1.0,
      1.0,
      1.0,
      1.0,
      1.0,
      1.0,
      1.0,
      1.0,
      1.0
    ],
    "keypoints_2d_visibility": [
      1.0,
      1.0,
      1.0,
      1.0,
      1.0,
      1.0,
      1.0,
      1.0,
      1.0
    ],
    "pose_6dof": {
      "translation": [
        -0.06146665117633957,
        -0.0368186937449663,
        0.31107115810510216
      ],
      "rotation": [
        0.9212117928949168,
        -0.06171248726969495,
        0.3841359154600363,
        0.014962922087214033,
        -0.9809897425086689,
        -0.19348187526326022,
        0.3887736405595734,
        0.1839855809778676,
        -0.9027759203691091
      ]
    },
    "pose_9dof": {
      "translation": [
        -0.06146665117633957,
        -0.0368186937449663,
        0.31107115810510216
      ],
      "rotation": [
        0.9212117928949168,
        -0.06171248726969495,
        0.3841359154600363,
        0.014962922087214033,
        -0.9809897425086689,
        -0.19348187526326022,
        0.3887736405595734,
        0.1839855809778676,
        -0.9027759203691091
      ],
      "scale": [
        0.03657631284952847,
        0.09903851000481113,
        0.02096490067866647
      ]
    }
  },
  {
    "frame_id": 2,
    "image": "frame_000002.png",
    "keypoints_2d": [
      [
        0.47586852999406615,
        0.4050027093324646,
        0.3145080345194823
      ],
      [
        0.43155187951396645,
        0.5514818112159207,
        0.2923669700273699
      ],
      [
        0.5425510455293912,
        0.5522385931284666,
        0.30396750450539395
      ],
      [
        0.5353694573901403,
        0.25473289009374495,
        0.3169576427759075
      ],
      [
        0.4282654649858141,
        0.24246961612569584,
        0.30535710829788343
      ],
      [
        0.4155823092110676,
        0.5565676383256182,
        0.3120584262630571
      ],
      [
        0.520424152624679,
        0.557076394171955,
        0.32365896074108114
      ],
      [
        0.514415389260293,
        0.2770369943072861,
        0.3366490990115946
      ],
      [
        0.41311605014937103,
        0.2662788979870544,
        0.32504856453357056
      ]
    ],
    "keypoints_3d": [
      [
        -0.00798600123663865,
        -0.03143813785740116,
        0.3145080345194823
      ],
      [
        -0.02106135845971598,
        0.015840856877803837,
        0.2923669700273699
      ],
      [
        0.013615570683801618,
        0.016715412002548426,
        0.30396750450539395
      ],
      [
        0.011745688902715778,
        -0.08144968522559462,
        0.3169576427759075
      ],
      [
        -0.02293124024080181,
        -0.08232424035033921,
        0.30535710829788343
      ],
      [
        -0.027717691375993062,
        0.018573409510792307,
        0.3120584262630571
      ],
      [
        0.00695923776752452,
        0.019447964635536896,
        0.32365896074108114
      ],
      [
        0.005089355986438681,
        -0.07871713259260615,
        0.3366490990115946
      ],
      [
        -0.029587573157078908,
        -0.07959168771735074,
        0.32504856453357056
      ]
    ],
    "model_matrix": [
      0.9212117928949168,
      -0.06171248726969495,
      0.3841359154600363,
      -0.06146665117633957,
      0.014962922087214033,
      -0.9809897425086689,
      -0.19348187526326022,
      -0.0368186937449663,
      0.3887736405595734,
      0.1839855809778676,
      -0.9027759203691091,
      0.31107115810510216,
      0.0,
      0.0,
      0.0,
      1.0
    ],
    "view_matrix": [
      0.9965017587238074,
      -0.028722945059577204,
      0.07848080840220166,
      0.027794967487146955,
      0.03312676790042702,
      0.9979145535208039,
      -0.05540001010690851,
      0.024573309262451604,
      -0.07672588943003407,
      0.05780602302942865,
      0.9953751059739696,
      0.002287806331915468,
      0.0,
      0.0,
      0.0,
      1.0
    ],
    "camera_intrinsics": {
      "fx": 486.1897490912338,
      "fy": 486.1897490912338,
      "cx": 256.0,
      "cy": 256.0,
      "image_width": 512,
      "image_height": 512,
      "model": "SIMPLE_RADIAL",
      "dist": [
        0.07586475330159409,
        0.0,
        0.0,
        0.0
      ]
    },
    "visibility": [
      1.0,
      1.0,
      1.0,
      1.0,
      1.0,
      1.0,
      1.0,
      1.0,
      1.0
    ],
    "keypoints_2d_visibility": [
      1.0,
      1.0,
      1.0,
      1.0,
      1.0,
      1.0,
      1.0,
      1.0,
      1.0
    ],
    "pose_6dof": {
      "translation": [
        -0.06146665117633957,
        -0.0368186937449663,
        0.31107115810510216
      ],
      "rotation": [
        0.9212117928949168,
        -0.06171248726969495,
        0.3841359154600363,
        0.014962922087214033,
        -0.9809897425086689,
        -0.19348187526326022,
        0.3887736405595734,
        0.1839855809778676,
        -0.9027759203691091
      ]
    },
    "pose_9dof": {
      "translation": [
        -0.06146665117633957,
        -0.0368186937449663,
        0.31107115810510216
      ],
      "rotation": [
        0.9212117928949168,
        -0.06171248726969495,
        0.3841359154600363,
        0.014962922087214033,
        -0.9809897425086689,
        -0.19348187526326022,
        0.3887736405595734,
        0.1839855809778676,
        -0.9027759203691091
      ],
      "scale": [
        0.03657631284952847,
        0.09903851000481113,
        0.02096490067866647
      ]
    }
  },
  {
    "frame_id": 3,
    "image": "frame_000003.png",
    "keypoints_2d": [
      [
        0.4752019477491144,
        0.4064801027016589,
        0.31542079359349745
      ],
      [
        0.430903882619774,
        0.5526478845750109,
        0.2931413033325737
      ],
      [
        0.541748511989216,
        0.5534908262052739,
        0.30477994423101384
      ],
      [
        0.5346552580386155,
        0.25654582074466187,
        0.31802379389790236
      ],
      [
        0.42775852660595637,
        0.24420752410971436,
        0.30638515299946223
      ],
      [
        0.4149071794070094,
        0.5578117093961398,
        0.3128177932890925
      ],
      [
        0.5196292537947115,
        0.5583970114700534,
        0.32445643418753267
      ],
      [
        0.5137123058167037,
        0.2788219580459544,
        0.3377002838544212
      ],
      [
        0.41258486428251395,
        0.26798852563910947,
        0.326061642955981
      ]
    ],
    "keypoints_3d": [
      [
        -0.008219075201603959,
        -0.030996267810263604,
        0.31542079359349745
      ],
      [
        -0.02128704974594516,
        0.016219697726283,
        0.2931413033325737
      ],
      [
        0.013375973243307679,
        0.01713814040291955,
        0.30477994423101384
      ],
      [
        0.0115292752685115,
        -0.08099348862953777,
        0.31802379389790236
      ],
      [
        -0.023133747720741327,
        -0.08191193130617432,
        0.30638515299946223
      ],
      [
        -0.027967425671719424,
        0.019000953009010554,
        0.3128177932890925
      ],
      [
        0.006695597317533414,
        0.019919395685647108,
        0.32445643418753267
      ],
      [
        0.004848899342737242,
        -0.07821223334681021,
        0.3377002838544212
      ],
      [
        -0.029814123646515592,
        -0.07913067602344676,
        0.326061642955981
      ]
    ],
    "model_matrix": [
      0.9212117928949168,
      -0.06171248726969495,
      0.3841359154600363,
      -0.06146665117633957,
      0.014962922087214033,
      -0.9809897425086689,
      -0.19348187526326022,
      -0.0368186937449663,
      0.3887736405595734,
      0.1839855809778676,
      -0.9027759203691091,
      0.31107115810510216,
      0.0,
      0.0,
      0.0,
      1.0
    ],
    "view_matrix": [
      0.9965776073465847,
      -0.029180161884774763,
      0.07734074403401368,
      0.027904362700084704,
      0.03331889669202061,
      0.9980504697449634,
      -0.05277415053872986,
      0.024215163903940577,
      -0.07565000765752071,
      0.05517044493418918,
      0.9956069999488657,
      0.0030975221854905952,
      0.0,
      0.0,
      0.0,
      1.0
    ],
    "camera_intrinsics": {
      "fx": 486.849256811549,
      "fy": 486.849256811549,
      "cx": 256.0,
      "cy": 256.0,
      "image_width": 512,
      "image_height": 512,
      "model": "SIMPLE_RADIAL",
      "dist": [
        0.08031853581050902,
        0.0,
        0.0,
        0.0
      ]
    },
    "visibility": [
      1.0,
      1.0,
      1.0,
      1.0,
      1.0,
      1.0,
      1.0,
      1.0,
      1.0
    ],
    "keypoints_2d_visibility": [
      1.0,
      1.0,
      1.0,
      1.0,
      1.0,
      1.0,
      1.0,
      1.0,
      1.0
    ],
    "pose_6dof": {
      "translation": [
        -0.06146665117633957,
        -0.0368186937449663,
        0.31107115810510216
      ],
      "rotation": [
        0.9212117928949168,
        -0.06171248726969495,
        0.3841359154600363,
        0.014962922087214033,
        -0.9809897425086689,
        -0.19348187526326022,
        0.3887736405595734,
        0.1839855809778676,
        -0.9027759203691091
      ]
    },
    "pose_9dof": {
      "translation": [
        -0.06146665117633957,
        -0.0368186937449663,
        0.31107115810510216
      ],
      "rotation": [
        0.9212117928949168,
        -0.06171248726969495,
        0.3841359154600363,
        0.014962922087214033,
        -0.9809897425086689,
        -0.19348187526326022,
        0.3887736405595734,
        0.1839855809778676,
        -0.9027759203691091
      ],
      "scale": [
        0.03657631284952847,
        0.09903851000481113,
        0.02096490067866647
      ]
    }
  },
  {
    "frame_id": 4,
    "image": "frame_000004.png",
    "keypoints_2d": [
      [
        0.4790255249046024,
        0.4020618571661673,
        0.3186008997994834
      ],
      [
        0.43467771754722134,
        0.5477698404235439,
        0.296411739558821
      ],
      [
        0.5453443754230207,
        0.5489460271089407,
        0.3079377258193282
      ],
      [
        0.5386645435518913,
        0.2522501581732521,
        0.3210890172671873
      ],
      [
        0.4319062154238455,
        0.23986176054173197,
        0.3095630310066801
      ],
      [
        0.4186170154082844,
        0.5531687897877942,
        0.3161127823317795
      ],
      [
        0.5232140891011607,
        0.5540665908644592,
        0.3276387685922867
      ],
      [
        0.5176723615007066,
        0.27457559855510083,
        0.3407900600401458
      ],
      [
        0.41663212671061534,
        0.26367608144103827,
        0.32926407377963857
      ]
    ],
    "keypoints_3d": [
      [
        -0.0069555856180776796,
        -0.03247838788136073,
        0.3186008997994834
      ],
      [
        -0.020159261301923755,
        0.014742361400883003,
        0.296411739558821
      ],
      [
        0.014540451275127748,
        0.0156953826279257,
        0.3079377258193282
      ],
      [
        0.012867663792598818,
        -0.08245181182644902,
        0.3210890172671873
      ],
      [
        -0.02183204878445267,
        -0.08340483305349171,
        0.3095630310066801
      ],
      [
        -0.026778835028754187,
        0.017495036063727556,
        0.3161127823317795
      ],
      [
        0.007920877548297314,
        0.018448057290770252,
        0.3276387685922867
      ],
      [
        0.006248090065768392,
        -0.07969913716360447,
        0.3407900600401458
      ],
      [
        -0.028451622511283123,
        -0.08065215839064716,
        0.32926407377963857
      ]
    ],
    "model_matrix": [
      0.9212117928949168,
      -0.06171248726969495,
      0.3841359154600363,
      -0.06146665117633957,
      0.014962922087214033,
      -0.9809897425086689,
      -0.19348187526326022,
      -0.0368186937449663,
      0.3887736405595734,
      0.1839855809778676,
      -0.9027759203691091,
      0.31107115810510216,
      0.0,
      0.0,
      0.0,
      1.0
    ],
    "view_matrix": [
      0.9962792384546062,
      -0.030326625171991767,
      0.08067202011842471,
      0.028071037356798403,
      0.034723169162154226,
      0.9979550268135381,
      -0.0536662461974661,
      0.023093350904563038,
      -0.07887953186756642,
      0.056267755093553695,
      0.9952949106617021,
      0.006216603856083183,
      0.0,
      0.0,
      0.0,
      1.0
    ],
    "camera_intrinsics": {
      "fx": 491.4979812775451,
      "fy": 491.4979812775451,
      "cx": 256.0,
      "cy": 256.0,
      "image_width": 512,
      "image_height": 512,
      "model": "SIMPLE_RADIAL",
      "dist": [
        0.07473593982872369,
        0.0,
        0.0,
        0.0
      ]
    },
    "visibility": [
      1.0,
      1.0,
      1.0,
      1.0,
      1.0,
      1.0,
      1.0,
      1.0,
      1.0
    ],
    "keypoints_2d_visibility": [
      1.0,
      1.0,
      1.0,
      1.0,
      1.0,
      1.0,
      1.0,
      1.0,
      1.0
    ],
    "pose_6dof": {
      "translation": [
        -0.06146665117633957,
        -0.0368186937449663,
        0.31107115810510216
      ],
      "rotation": [
        0.9212117928949168,
        -0.06171248726969495,
        0.3841359154600363,
        0.014962922087214033,
        -0.9809897425086689,
        -0.19348187526326022,
        0.3887736405595734,
        0.1839855809778676,
        -0.9027759203691091
      ]
    },
    "pose_9dof": {
      "translation": [
        -0.06146665117633957,
        -0.0368186937449663,
        0.31107115810510216
      ],
      "rotation": [
        0.9212117928949168,
        -0.06171248726969495,
        0.3841359154600363,
        0.014962922087214033,
        -0.9809897425086689,
        -0.19348187526326022,
        0.3887736405595734,
        0.1839855809778676,
        -0.9027759203691091
      ],
      "scale": [
        0.03657631284952847,
        0.09903851000481113,
        0.02096490067866647
      ]
    }
  },
  {
    "frame_id": 5,
    "image": "frame_000005.png",
    "keypoints_2d": [
      [
        0.4798028472587545,
        0.4021827752110292,
        0.31565340681774195
      ],
      [
        0.4354703027132466,
        0.547740975759072,
        0.29341004354649797
      ],
      [
        0.5460745172274588,
        0.5489773729612968,
        0.3049573822642076
      ],
      [
        0.5394647414573756,
        0.2524528406359003,
        0.31820265785111884
      ],
      [
        0.4327809644523129,
        0.23986556763203892,
        0.3066553191334092
      ],
      [
        0.4193633954676401,
        0.5531607823327852,
        0.31310415578436507
      ],
      [
        0.5238524945696433,
        0.5541095536122815,
        0.3246514945020747
      ],
      [
        0.5183841115054725,
        0.27494880706529656,
        0.33789677008898594
      ],
      [
        0.41746653983678783,
        0.2638794811396401,
        0.3263494313712763
      ]
    ],
    "keypoints_3d": [
      [
        -0.006702678391589181,
        -0.03246187258758384,
        0.31565340681774195
      ],
      [
        -0.01991229712668533,
        0.01473170546900532,
        0.29341004354649797
      ],
      [
        0.014779590813280764,
        0.01571075672706109,
        0.3049573822642076
      ],
      [
        0.013140349680919265,
        -0.08242436454514107,
        0.31820265785111884
      ],
      [
        -0.02155153825904682,
        -0.08340341580319682,
        0.3066553191334092
      ],
      [
        -0.026545706464097624,
        0.017500619369973394,
        0.31310415578436507
      ],
      [
        0.008146181475868465,
        0.01847967062802917,
        0.3246514945020747
      ],
      [
        0.006506940343506972,
        -0.07965545064417301,
        0.33789677008898594
      ],
      [
        -0.028184947596459127,
        -0.08063450190222876,
        0.3263494313712763
      ]
    ],
    "model_matrix": [
      0.9212117928949168,
      -0.06171248726969495,
      0.3841359154600363,
      -0.06146665117633957,
      0.014962922087214033,
      -0.9809897425086689,
      -0.19348187526326022,
      -0.0368186937449663,
      0.3887736405595734,
      0.1839855809778676,
      -0.9027759203691091,
      0.31107115810510216,
      0.0,
      0.0,
      0.0,
      1.0
    ],
    "view_matrix": [
      0.996314770988264,
      -0.030789793981788265,
      0.0800553914309453,
      0.028500890778513595,
      0.035073690589694166,
      0.9979959583451973,
      -0.05266785884265363,
      0.022822349111486027,
      -0.07827332456859894,
      0.0552816037503465,
      0.9953980263933461,
      0.003237987272574855,
      0.0,
      0.0,
      0.0,
      1.0
    ],
    "camera_intrinsics": {
      "fx": 486.5518161253821,
      "fy": 486.5518161253821,
      "cx": 256.0,
      "cy": 256.0,
      "image_width": 512,
      "image_height": 512,
      "model": "SIMPLE_RADIAL",
      "dist": [
        0.08212419055083849,
        0.0,
        0.0,
        0.0
      ]
    },
    "visibility": [
      1.0,
      1.0,
      1.0,
      1.0,
      1.0,
      1.0,
      1.0,
      1.0,
      1.0
    ],
    "keypoints_2d_visibility": [
      1.0,
      1.0,
      1.0,
      1.0,
      1.0,
      1.0,
      1.0,
      1.0,
      1.0
    ],
    "pose_6dof": {
      "translation": [
        -0.06146665117633957,
        -0.0368186937449663,
        0.31107115810510216
      ],
      "rotation": [
        0.9212117928949168,
        -0.06171248726969495,
        0.3841359154600363,
        0.014962922087214033,
        -0.9809897425086689,
        -0.19348187526326022,
        0.3887736405595734,
        0.1839855809778676,
        -0.9027759203691091
      ]
    },
    "pose_9dof": {
      "translation": [
        -0.06146665117633957,
        -0.0368186937449663,
        0.31107115810510216
      ],
      "rotation": [
        0.9212117928949168,
        -0.06171248726969495,
        0.3841359154600363,
        0.014962922087214033,
        -0.9809897425086689,
        -0.19348187526326022,
        0.3887736405595734,
        0.1839855809778676,
        -0.9027759203691091
      ],
      "scale": [
        0.03657631284952847,
        0.09903851000481113,
        0.02096490067866647
      ]
    }
  },
  {
    "frame_id": 6,
    "image": "frame_000006.png",
    "keypoints_2d": [
      [
        0.4813240688820607,
        0.40252929638608426,
        0.3135851765310759
      ],
      [
        0.43701527039498345,
        0.5482347160848621,
        0.2913875674810541
      ],
      [
        0.5476680073147555,
        0.5494106727625937,
        0.30289986614207026
      ],
      [
        0.5409727608221243,
        0.2528282069864667,
        0.3160799765638008
      ],
      [
        0.43431342331965067,
        0.24028780687464274,
        0.30456767790278466
      ],
      [
        0.420899619127962,
        0.5535646828444933,
        0.311090376498351
      ],
      [
        0.5253871229955867,
        0.5544608315076702,
        0.32260267515936714
      ],
      [
        0.5198557480473439,
        0.27533654388430717,
        0.3357827855810977
      ],
      [
        0.4189950773015714,
        0.2643229811343454,
        0.32427048692008154
      ]
    ],
    "keypoints_3d": [
      [
        -0.0061958861390143845,
        -0.032336667857023924,
        0.3135851765310759
      ],
      [
        -0.01942214430889604,
        0.01487378960541263,
        0.2913875674810541
      ],
      [
        0.015281735644347118,
        0.015840411246508136,
        0.30289986614207026
      ],
      [
        0.013643148124690465,
        -0.082303494240203,
        0.3160799765638008
      ],
      [
        -0.021060731828552687,
        -0.08327011588129851,
        0.30456767790278466
      ],
      [
        -0.02603492040271924,
        0.017630158526155175,
        0.311090376498351
      ],
      [
        0.008668959550523925,
        0.018596780167250686,
        0.32260267515936714
      ],
      [
        0.007030372030867284,
        -0.07954712531946045,
        0.3357827855810977
      ],
      [
        -0.027673507922375887,
        -0.08051374696055597,
        0.32427048692008154
      ]
    ],
    "model_matrix": [
      0.9212117928949168,
      -0.06171248726969495,
      0.3841359154600363,
      -0.06146665117633957,
      0.014962922087214033,
      -0.9809897425086689,
      -0.19348187526326022,
      -0.0368186937449663,
      0.3887736405595734,
      0.1839855809778676,
      -0.9027759203691091,
      0.31107115810510216,
      0.0,
      0.0,
      0.0,
      1.0
    ],
    "view_matrix": [
      0.9962383357877332,
      -0.03060094125499971,
      0.08107256441729054,
      0.028693524947134664,
      0.034995970881245106,
      0.9979621066535925,
      -0.053356496376753236,
      0.023155745572018244,
      -0.07927458816649073,
      0.05599300025745623,
      0.9952790179608941,
      0.001171425446635225,
      0.0,
      0.0,
      0.0,
      1.0
    ],
    "camera_intrinsics": {
      "fx": 483.5673067612301,
      "fy": 483.5673067612301,
      "cx": 256.0,
      "cy": 256.0,
      "image_width": 512,
      "image_height": 512,
      "model": "SIMPLE_RADIAL",
      "dist": [
        0.07258867165359467,
        0.0,
        0.0,
        0.0
      ]
    },
    "visibility": [
      1.0,
      1.0,
      1.0,
      1.0,
      1.0,
      1.0,
      1.0,
      1.0,
      1.0
    ],
    "keypoints_2d_visibility": [
      1.0,
      1.0,
      1.0,
      1.0,
      1.0,
      1.0,
      1.0,
      1.0,
      1.0
    ],
    "pose_6dof": {
      "translation": [
        -0.06146665117633957,
        -0.0368186937449663,
        0.31107115810510216
      ],
      "rotation": [
        0.9212117928949168,
        -0.06171248726969495,
        0.3841359154600363,
        0.014962922087214033,
        -0.9809897425086689,
        -0.19348187526326022,
        0.3887736405595734,
        0.1839855809778676,
        -0.9027759203691091
      ]
    },
    "pose_9dof": {
      "translation": [
        -0.06146665117633957,
        -0.0368186937449663,
        0.31107115810510216
      ],
      "rotation": [
        0.9212117928949168,
        -0.06171248726969495,
        0.3841359154600363,
        0.014962922087214033,
        -0.9809897425086689,
        -0.19348187526326022,
        0.3887736405595734,
        0.1839855809778676,
        -0.9027759203691091
      ],
      "scale": [
        0.03657631284952847,
        0.09903851000481113,
        0.02096490067866647
      ]
    }
  },
  {
    "frame_id": 7,
    "image": "frame_000007.png",
    "keypoints_2d": [
      [
        0.48195635766066536,
        0.4046618044635693,
        0.3265655478138485
      ],
      [
        0.43796045248566,
        0.5489433930741284,
        0.3039554209368036
      ],
      [
        0.5478808445047892,
        0.5505116853081424,
        0.3154530123446833
      ],
      [
        0.5412964997134233,
        0.2561139371611961,
        0.32949679614020594
      ],
      [
        0.4354509960659983,
        0.24376755408528467,
        0.3179992047323262
      ],
      [
        0.42172399639850594,
        0.5548312123738426,
        0.3236342994874911
      ],
      [
        0.5257653427489073,
        0.5560866310000429,
        0.3351318908953708
      ],
      [
        0.520336989666384,
        0.2783125987398255,
        0.34917567469089345
      ],
      [
        0.42001408424528575,
        0.26740585929583627,
        0.33767808328301374
      ]
    ],
    "keypoints_3d": [
      [
        -0.006019581360636059,
        -0.031805996484243614,
        0.3265655478138485
      ],
      [
        -0.019269311522383245,
        0.01520168224776058,
        0.3039554209368036
      ],
      [
        0.015436023584361325,
        0.016284164863138557,
        0.3154530123446833
      ],
      [
        0.013840891713670271,
        -0.0817405981051686,
        0.32949679614020594
      ],
      [
        -0.020864443393074278,
        -0.08282308072054656,
        0.3179992047323262
      ],
      [
        -0.025880054434942366,
        0.018128605136681363,
        0.3236342994874911
      ],
      [
        0.008825280671802181,
        0.01921108775205934,
        0.3351318908953708
      ],
      [
        0.007230148801111138,
        -0.0788136752162478,
        0.34917567469089345
      ],
      [
        -0.027475186305633427,
        -0.07989615783162579,
        0.33767808328301374
      ]
    ],
    "model_matrix": [
      0.9212117928949168,
      -0.06171248726969495,
      0.3841359154600363,
      -0.06146665117633957,
      0.014962922087214033,
      -0.9809897425086689,
      -0.19348187526326022,
      -0.0368186937449663,
      0.3887736405595734,
      0.1839855809778676,
      -0.9027759203691091,
      0.31107115810510216,
      0.0,
      0.0,
      0.0,
      1.0
    ],
    "view_matrix": [
      0.9962106538051965,
      -0.03101201608840232,
      0.08125631115892182,
      0.02879583465663394,
      0.0347147800781416,
      0.9984033979107321,
      -0.04455938828609178,
      0.02094885425370132,
      -0.07974470069634162,
      0.04721133230949012,
      0.9956966771122688,
      0.01366964922786441,
      0.0,
      0.0,
      0.0,
      1.0
    ],
    "camera_intrinsics": {
      "fx": 500.787437758557,
      "fy": 500.787437758557,
      "cx": 256.0,
      "cy": 256.0,
      "image_width": 512,
      "image_height": 512,
      "model": "SIMPLE_RADIAL",
      "dist": [
        0.08083905389559819,
        0.0,
        0.0,
        0.0
      ]
    },
    "visibility": [
      1.0,
      1.0,
      1.0,
      1.0,
      1.0,
      1.0,
      1.0,
      1.0,
      1.0
    ],
    "keypoints_2d_visibility": [
      1.0,
      1.0,
      1.0,
      1.0,
      1.0,
      1.0,
      1.0,
      1.0,
      1.0
    ],
    "pose_6dof": {
      "translation": [
        -0.06146665117633957,
        -0.0368186937449663,
        0.31107115810510216
      ],
      "rotation": [
        0.9212117928949168,
        -0.06171248726969495,
        0.3841359154600363,
        0.014962922087214033,
        -0.9809897425086689,
        -0.19348187526326022,
        0.3887736405595734,
        0.1839855809778676,
        -0.9027759203691091
      ]
    },
    "pose_9dof": {
      "translation": [
        -0.06146665117633957,
        -0.0368186937449663,
        0.31107115810510216
      ],
      "rotation": [
        0.9212117928949168,
        -0.06171248726969495,
        0.3841359154600363,
        0.014962922087214033,
        -0.9809897425086689,
        -0.19348187526326022,
        0.3887736405595734,
        0.1839855809778676,
        -0.9027759203691091
      ],
      "scale": [
        0.03657631284952847,
        0.09903851000481113,
        0.02096490067866647
      ]
    }
  },
  {
    "frame_id": 8,
    "image": "frame_000008.png",
    "keypoints_2d": [
      [
        0.48253924304162243,
        0.403460063945404,
        0.3171812526796995
      ],
      [
        0.4384240494948022,
        0.5483277826440407,
        0.29477795914136246
      ],
      [
        0.5486316588053092,
        0.5497109308057561,
        0.30628095761250135
      ],
      [
        0.5419988509402031,
        0.25449442720641663,
        0.319893119184324
      ],
      [
        0.43586280279388356,
        0.24195888281607614,
        0.3083901207131851
      ],
      [
        0.42224256638576463,
        0.5539157966879239,
        0.3144693861750749
      ],
      [
        0.5263810338102132,
        0.5549999348865177,
        0.32597238464621386
      ],
      [
        0.5209191963183704,
        0.27694869200868577,
        0.3395845462180365
      ],
      [
        0.42048375169395125,
        0.265917652048015,
        0.3280815477468976
      ]
    ],
    "keypoints_3d": [
      [
        -0.005814270530451679,
        -0.03214690557528395,
        0.3171812526796995
      ],
      [
        -0.019061514080832898,
        0.014960397717077113,
        0.29477795914136246
      ],
      [
        0.015643614919443435,
        0.015990790318824836,
        0.30628095761250135
      ],
      [
        0.014044023120883493,
        -0.08209476839087337,
        0.319893119184324
      ],
      [
        -0.02066110587939282,
        -0.08312516099262107,
        0.3083901207131851
      ],
      [
        -0.025672564181786844,
        0.017800957240305462,
        0.3144693861750749
      ],
      [
        0.009032564818489484,
        0.01883134984205319,
        0.32597238464621386
      ],
      [
        0.007432973019929543,
        -0.07925420886764502,
        0.3395845462180365
      ],
      [
        -0.027272155980346782,
        -0.08028460146939273,
        0.3280815477468976
      ]
    ],
    "model_matrix": [
      0.9212117928949168,
      -0.06171248726969495,
      0.3841359154600363,
      -0.06146665117633957,
      0.014962922087214033,
      -0.9809897425086689,
      -0.19348187526326022,
      -0.0368186937449663,
      0.3887736405595734,
      0.1839855809778676,
      -0.9027759203691091,
      0.31107115810510216,
      0.0,
      0.0,
      0.0,
      1.0
    ],
    "view_matrix": [
      0.9962138704109776,
      -0.030970759214434172,
      0.08123260721201454,
      0.02901023583922746,
      0.03502314232914807,
      0.9981872441585968,
      -0.04894491904639469,
      0.02198315279129083,
      -0.0795694910262227,
      0.05160462840431499,
      0.9954926712061122,
      0.004521339422326025,
      0.0,
      0.0,
      0.0,
      1.0
    ],
    "camera_intrinsics": {
      "fx": 487.300065114373,
      "fy": 487.300065114373,
      "cx": 256.0,
      "cy": 256.0,
      "image_width": 512,
      "image_height": 512,
      "model": "SIMPLE_RADIAL",
      "dist": [
        0.07574709004036688,
        0.0,
        0.0,
        0.0
      ]
    },
    "visibility": [
      1.0,
      1.0,
      1.0,
      1.0,
      1.0,
      1.0,
      1.0,
      1.0,
      1.0
    ],
    "keypoints_2d_visibility": [
      1.0,
      1.0,
      1.0,
      1.0,
      1.0,
      1.0,
      1.0,
      1.0,
      1.0
    ],
    "pose_6dof": {
      "translation": [
        -0.06146665117633957,
        -0.0368186937449663,
        0.31107115810510216
      ],
      "rotation": [
        0.9212117928949168,
        -0.06171248726969495,
        0.3841359154600363,
        0.014962922087214033,
        -0.9809897425086689,
        -0.19348187526326022,
        0.3887736405595734,
        0.1839855809778676,
        -0.9027759203691091
      ]
    },
    "pose_9dof": {
      "translation": [
        -0.06146665117633957,
        -0.0368186937449663,
        0.31107115810510216
      ],
      "rotation": [
        0.9212117928949168,
        -0.06171248726969495,
        0.3841359154600363,
        0.014962922087214033,
        -0.9809897425086689,
        -0.19348187526326022,
        0.3887736405595734,
        0.1839855809778676,
        -0.9027759203691091
      ],
      "scale": [
        0.03657631284952847,
        0.09903851000481113,
        0.02096490067866647
      ]
    }
  },
  {
    "frame_id": 9,
    "image": "frame_000009.png",
    "keypoints_2d": [
      [
        0.48316342801202833,
        0.40279635103040995,
        0.32547292190460864
      ],
      [
        0.4392470257226315,
        0.5471508008156317,
        0.3029881024290385
      ],
      [
        0.5491603572729371,
        0.5486582355607245,
        0.3144537509476001
      ],
      [
        0.5424516870627601,
        0.2542265230721643,
        0.32826538187525267
      ],
      [
        0.4366150558589931,
        0.24195884686930008,
        0.3167997333566911
      ],
      [
        0.4230160588421489,
        0.5529987206090938,
        0.32268046193396466
      ],
      [
        0.5270232830870752,
        0.5542011843418118,
        0.33414611045252623
      ],
      [
        0.5214811791362008,
        0.276436509021841,
        0.3479577413801788
      ],
      [
        0.4211836331661195,
        0.2656122431313952,
        0.33649209286161724
      ]
    ],
    "keypoints_3d": [
      [
        -0.0056158038343782045,
        -0.03242207647666863,
        0.32547292190460864
      ],
      [
        -0.018869313722299243,
        0.014644604044994491,
        0.3029881024290385
      ],
      [
