[
  {
    "frame_id": 0,
    "image": "frame_000000.png",
    "keypoints_2d": [
      [
        0.5162104213334332,
        0.38593073765379904,
        0.2925351520643442
      ],
      [
        0.531637851555193,
        0.49999999999999994,
        0.29902014143727884
      ],
      [
        0.564453125,
        0.4834526686462989,
        0.3014778238585804
      ],
      [
        0.5334742918685823,
        0.29344782828041444,
        0.2743205950118477
      ],
      [
        0.49697431285408683,
        0.3102270404997143,
        0.2718629125905461
      ],
      [
        0.5011227365718453,
        0.4669648383208673,
        0.3107497091168407
      ],
      [
        0.532900168098792,
        0.45128818800497683,
        0.3132073915381423
      ],
      [
        0.5001341945765904,
        0.265625,
        0.2860501626914096
      ],
      [
        0.46484375000000006,
        0.28146984298394895,
        0.28359248027010797
      ]
    ],
    "keypoints_3d": [
      [
        0.006904428909414076,
        -0.016087906048152315,
        0.2925351520643442
      ],
      [
        0.010623956802918867,
        0.007836291157329138,
        0.29902014143727884
      ],
      [
        0.018339766221478218,
        0.0043453724108783775,
        0.3014778238585804
      ],
      [
        0.010089257322488734,
        -0.03300960709163564,
        0.2743205950118477
      ],
      [
        0.0023734479039293904,
        -0.02951868834518488,
        0.2718629125905461
      ],
      [
        0.0037196004963394314,
        0.0008337949953310087,
        0.3107497091168407
      ],
      [
        0.011435409914898782,
        -0.0026571237511197497,
        0.3132073915381423
      ],
      [
        0.0031849010159093055,
        -0.04001210325363376,
        0.2860501626914096
      ],
      [
        -0.004530908402650052,
        -0.036521184507183,
        0.28359248027010797
      ]
    ],
    "model_matrix": [
      0.8541492979210752,
      -0.20703854559917093,
      0.47703670455963276,
      -0.06451967324099074,
      -0.42289937457644755,
      -0.810386742184629,
      0.40549900995468896,
      -0.006089697636674454,
      0.30263029564764965,
      -0.5480952186687672,
      -0.7797477383286552,
      0.2856295377346896,
      0.0,
      0.0,
      0.0,
      1.0
    ],
    "view_matrix": [
      0.99895987409609,
      -0.0446052113212008,
      0.00946282563059692,
      0.06838249880645761,
      0.044950551538313406,
      0.9981834069218917,
      -0.04011650610667154,
      0.004349383077981325,
      -0.007656230294700705,
      0.040500139120701856,
      0.9991501993538701,
      0.006900998619991842,
      0.0,
      0.0,
      0.0,
      1.0
    ],
    "camera_intrinsics": {
      "fx": 638.0893152958068,
      "fy": 638.0893152958068,
      "cx": 256.0,
      "cy": 256.0,
      "image_width": 512,
      "image_height": 512,
      "model": "SIMPLE_RADIAL",
      "dist": [
        0.33006436884125384,
        0.0,
        0.0,
        0.0
      ]
    },
    "visibility": [
      1.0,
      1.0,
      1.0,
      1.0,
      1.0,
      1.0,
      1.0,
      1.0,
      1.0
    ],
    "keypoints_2d_visibility": [
      1.0,
      1.0,
      1.0,
      1.0,
      1.0,
      1.0,
      1.0,
      1.0,
      1.0
    ],
    "pose_6dof": {
      "translation": [
        -0.06451967324099074,
        -0.006089697636674454,
        0.2856295377346896
      ],
      "rotation": [
        0.8541492979210752,
        -0.20703854559917093,
        0.47703670455963276,
        -0.42289937457644755,
        -0.810386742184629,
        0.40549900995468896,
        0.30263029564764965,
        -0.5480952186687672,
        -0.7797477383286552
      ]
    },
    "pose_9dof": {
      "translation": [
        -0.06451967324099074,
        -0.006089697636674454,
        0.2856295377346896
      ],
      "rotation": [
        0.8541492979210752,
        -0.20703854559917093,
        0.47703670455963276,
        -0.42289937457644755,
        -0.810386742184629,
        0.40549900995468896,
        0.30263029564764965,
        -0.5480952186687672,
        -0.7797477383286552
      ],
      "scale": [
        0.008818187544037908,
        0.046914608272470494,
        0.015306464204917616
      ]
    }
  },
  {
    "frame_id": 1,
    "image": "frame_000001.png",
    "keypoints_2d": [
      [
        0.5171490695620244,
        0.3868726467644444,
        0.29227896201869613
      ],
      [
        0.5322060793634038,
        0.5,
        0.2987444290868583
      ],
      [
        0.564453125,
        0.4836305630239787,
        0.30119671394142306
      ],
      [
        0.5341780254989733,
        0.2951620588295104,
        0.27407241770842466
      ],
      [
        0.4983138692323322,
        0.31176056660353607,
        0.27162013285385994
      ],
      [
        0.5022701516295884,
        0.4672265922027932,
        0.31048550632896754
      ],
      [
        0.5334931493551603,
        0.451719739313206,
        0.31293779118353227
      ],
      [
        0.5014676732303909,
        0.267578125,
        0.28581349495053393
      ],
      [
        0.46679687500000006,
        0.2832510024624626,
        0.28336121009596915
      ]
    ],
    "keypoints_3d": [
      [
        0.0071700277899905615,
        -0.01597739759591647,
        0.29227896201869613
      ],
      [
        0.010872827681514624,
        0.007954677019507935,
        0.2987444290868583
      ],
      [
        0.018594465651299845,
        0.004472861743323827,
        0.30119671394142306
      ],
      [
        0.010353087844543932,
        -0.03290805203724366,
        0.27407241770842466
      ],
      [
        0.002631449874758718,
        -0.02942623676105955,
        0.27162013285385994
      ],
      [
        0.003986967735437219,
        0.000953256845410718,
        0.31048550632896754
      ],
      [
        0.011708605705222419,
        -0.002528558430773391,
        0.31293779118353227
      ],
      [
        0.0034672278984665267,
        -0.03990947221134088,
        0.28581349495053393
      ],
      [
        -0.004254410071318687,
        -0.03642765693515677,
        0.28336121009596915
      ]
    ],
    "model_matrix": [
      0.8541492979210752,
      -0.20703854559917093,
      0.47703670455963276,
      -0.06451967324099074,
      -0.42289937457644755,
      -0.810386742184629,
      0.40549900995468896,
      -0.006089697636674454,
      0.30263029564764965,
      -0.5480952186687672,
      -0.7797477383286552,
      0.2856295377346896,
      0.0,
      0.0,
      0.0,
      1.0
    ],
    "view_matrix": [
      0.998907692132604,
      -0.04553246793374728,
      0.010498426652458403,
      0.06834328597024703,
      0.04591325042799679,
      0.9981663007445142,
      -0.03944628617687694,
      0.004330465767833247,
      -0.00868308893486795,
      0.03988521558014066,
      0.9991665394440883,
      0.006570144079568191,
      0.0,
      0.0,
      0.0,
      1.0
    ],
    "camera_intrinsics": {
      "fx": 637.7860936078513,
      "fy": 637.7860936078513,
      "cx": 256.0,
      "cy": 256.0,
      "image_width": 512,
      "image_height": 512,
      "model": "SIMPLE_RADIAL",
      "dist": [
        0.33020333735776763,
        0.0,
        0.0,
        0.0
      ]
    },
    "visibility": [
      1.0,
      1.0,
      1.0,
      1.0,
      1.0,
      1.0,
      1.0,
      1.0,
      1.0
    ],
    "keypoints_2d_visibility": [
      1.0,
      1.0,
      1.0,
      1.0,
      1.0,
      1.0,
      1.0,
      1.0,
      1.0
    ],
    "pose_6dof": {
      "translation": [
        -0.06451967324099074,
        -0.006089697636674454,
        0.2856295377346896
      ],
      "rotation": [
        0.8541492979210752,
        -0.20703854559917093,
        0.47703670455963276,
        -0.42289937457644755,
        -0.810386742184629,
        0.40549900995468896,
        0.30263029564764965,
        -0.5480952186687672,
        -0.7797477383286552
      ]
    },
    "pose_9dof": {
      "translation": [
        -0.06451967324099074,
        -0.006089697636674454,
        0.2856295377346896
      ],
      "rotation": [
        0.8541492979210752,
        -0.20703854559917093,
        0.47703670455963276,
        -0.42289937457644755,
        -0.810386742184629,
        0.40549900995468896,
        0.30263029564764965,
        -0.5480952186687672,
        -0.7797477383286552
      ],
      "scale": [
        0.008818187544037908,
        0.046914608272470494,
        0.015306464204917616
      ]
    }
  },
  {
    "frame_id": 2,
    "image": "frame_000002.png",
    "keypoints_2d": [
      [
        0.516197298790763,
        0.386837086998925,
        0.29252618630511334
      ],
      [
        0.5316141328381504,
        0.5,
        0.2989441070446876
      ],
      [
        0.564453125,
        0.4836074772313625,
        0.30141136033813754
      ],
      [
        0.5334527135794754,
        0.2951085720694299,
        0.2743589782218198
      ],
      [
        0.49694382828190276,
        0.3117072844845951,
        0.27189172492836994
      ],
      [
        0.5011091808704221,
        0.4672544858154438,
        0.31069339438840693
      ],
      [
        0.5329078208587464,
        0.4517272226174266,
        0.3131606476818568
      ],
      [
        0.5001413618378615,
        0.267578125,
        0.28610826556553914
      ],
      [
        0.46484375,
        0.28325026916337803,
        0.2836410122720892
      ]
    ],
    "keypoints_3d": [
      [
        0.006811511214559099,
        -0.015497655976027896,
        0.29252618630511334
      ],
      [
        0.010522170719564315,
        0.008445996340668883,
        0.2989441070446876
      ],
      [
        0.01823935332543941,
        0.004964877931972497,
        0.30141136033813754
      ],
      [
        0.010002292634310128,
        -0.03246906284859114,
        0.2743589782218198
      ],
      [
        0.002285110028435053,
        -0.028987944439894758,
        0.27189172492836994
      ],
      [
        0.003620729794808056,
        0.0014737508965353575,
        0.31069339438840693
      ],
      [
        0.011337912400683145,
        -0.0020073675121610284,
        0.3131606476818568
      ],
      [
        0.0031008517095538757,
        -0.039441308292724665,
        0.28610826556553914
      ],
      [
        -0.004616330896321227,
        -0.035960189884028285,
        0.2836410122720892
      ]
    ],
    "model_matrix": [
      0.8541492979210752,
      -0.20703854559917093,
      0.47703670455963276,
      -0.06451967324099074,
      -0.42289937457644755,
      -0.810386742184629,
      0.40549900995468896,
      -0.006089697636674454,
      0.30263029564764965,
      -0.5480952186687672,
      -0.7797477383286552,
      0.2856295377346896,
      0.0,
      0.0,
      0.0,
      1.0
    ],
    "view_matrix": [
      0.9989426759615954,
      -0.04498060015452545,
      0.009501355294152912,
      0.06827518027910297,
      0.04530551272205773,
      0.9982759534658497,
      -0.03731663501496513,
      0.004163372824523362,
      -0.007806449876767786,
      0.03770764301288747,
      0.9992583214558356,
      0.006834452419460099,
      0.0,
      0.0,
      0.0,
      1.0
    ],
    "camera_intrinsics": {
      "fx": 637.9111003372722,
      "fy": 637.9111003372722,
      "cx": 256.0,
      "cy": 256.0,
      "image_width": 512,
      "image_height": 512,
      "model": "SIMPLE_RADIAL",
      "dist": [
        0.3308954448951881,
        0.0,
        0.0,
        0.0
      ]
    },
    "visibility": [
      1.0,
      1.0,
      1.0,
      1.0,
      1.0,
      1.0,
      1.0,
      1.0,
      1.0
    ],
    "keypoints_2d_visibility": [
      1.0,
      1.0,
      1.0,
      1.0,
      1.0,
      1.0,
      1.0,
      1.0,
      1.0
    ],
    "pose_6dof": {
      "translation": [
        -0.06451967324099074,
        -0.006089697636674454,
        0.2856295377346896
      ],
      "rotation": [
        0.8541492979210752,
        -0.20703854559917093,
        0.47703670455963276,
        -0.42289937457644755,
        -0.810386742184629,
        0.40549900995468896,
        0.30263029564764965,
        -0.5480952186687672,
        -0.7797477383286552
      ]
    },
    "pose_9dof": {
      "translation": [
        -0.06451967324099074,
        -0.006089697636674454,
        0.2856295377346896
      ],
      "rotation": [
        0.8541492979210752,
        -0.20703854559917093,
        0.47703670455963276,
        -0.42289937457644755,
        -0.810386742184629,
        0.40549900995468896,
        0.30263029564764965,
        -0.5480952186687672,
        -0.7797477383286552
      ],
      "scale": [
        0.008818187544037908,
        0.046914608272470494,
        0.015306464204917616
      ]
    }
  },
  {
    "frame_id": 3,
    "image": "frame_000003.png",
    "keypoints_2d": [
      [
        0.5171405549111802,
        0.3868401039572525,
        0.2921147758167925
      ],
      [
        0.5322189143237537,
        0.5,
        0.2985198439067271
      ],
      [
        0.564453125,
        0.48363326639172,
        0.30098599008285754
      ],
      [
        0.534157518808395,
        0.2950603995665476,
        0.2739545827777941
      ],
      [
        0.49831823390246277,
        0.3116349273609163,
        0.2714884366016637
      ],
      [
        0.5022667095339305,
        0.46728463465530234,
        0.3102749688557909
      ],
      [
        0.533476476012361,
        0.4517830061888983,
        0.31274111503192137
      ],
      [
        0.5014433578581244,
        0.267578125,
        0.285709707726858
      ],
      [
        0.466796875,
        0.28322590066502007,
        0.28324356155072755
      ]
    ],
    "keypoints_3d": [
      [
        0.007055820555840975,
        -0.015552493973806064,
        0.2921147758167925
      ],
      [
        0.010759384130137023,
        0.008395698159606658,
        0.2985198439067271
      ],
      [
        0.018478821828285315,
        0.004918797783669851,
        0.30098599008285754
      ],
      [
        0.010246726336047368,
        -0.03253138368817082,
        0.2739545827777941
      ],
      [
        0.0025272886378990694,
        -0.029054483312234012,
        0.2714884366016637
      ],
      [
        0.0038649147756345675,
        0.0014263957405586908,
        0.3102749688557909
      ],
      [
        0.01158435247378288,
        -0.0020505046353781154,
        0.31274111503192137
      ],
      [
        0.0033522569815449266,
        -0.03950068610721879,
        0.285709707726858
      ],
      [
        -0.004367180716603372,
        -0.03602378573128198,
        0.28324356155072755
      ]
    ],
    "model_matrix": [
      0.8541492979210752,
      -0.20703854559917093,
      0.47703670455963276,
      -0.06451967324099074,
      -0.42289937457644755,
      -0.810386742184629,
      0.40549900995468896,
      -0.006089697636674454,
      0.30263029564764965,
      -0.5480952186687672,
      -0.7797477383286552,
      0.2856295377346896,
      0.0,
      0.0,
      0.0,
      1.0
    ],
    "view_matrix": [
      0.9989219234566071,
      -0.04535920707829563,
      0.009875888364129462,
      0.0684088673662114,
      0.045694031018889275,
      0.9982762360531967,
      -0.03683221498507936,
      0.003995238951970711,
      -0.008188184597164201,
      0.03724377618731236,
      0.999272662874509,
      0.006391491390216994,
      0.0,
      0.0,
      0.0,
      1.0
    ],
    "camera_intrinsics": {
      "fx": 637.1360240485689,
      "fy": 637.1360240485689,
      "cx": 256.0,
      "cy": 256.0,
      "image_width": 512,
      "image_height": 512,
      "model": "SIMPLE_RADIAL",
      "dist": [
        0.33220282531583395,
        0.0,
        0.0,
        0.0
      ]
    },
    "visibility": [
      1.0,
      1.0,
      1.0,
      1.0,
      1.0,
      1.0,
      1.0,
      1.0,
      1.0
    ],
    "keypoints_2d_visibility": [
      1.0,
      1.0,
      1.0,
      1.0,
      1.0,
      1.0,
      1.0,
      1.0,
      1.0
    ],
    "pose_6dof": {
      "translation": [
        -0.06451967324099074,
        -0.006089697636674454,
        0.2856295377346896
      ],
      "rotation": [
        0.8541492979210752,
        -0.20703854559917093,
        0.47703670455963276,
        -0.42289937457644755,
        -0.810386742184629,
        0.40549900995468896,
        0.30263029564764965,
        -0.5480952186687672,
        -0.7797477383286552
      ]
    },
    "pose_9dof": {
      "translation": [
        -0.06451967324099074,
        -0.006089697636674454,
        0.2856295377346896
      ],
      "rotation": [
        0.8541492979210752,
        -0.20703854559917093,
        0.47703670455963276,
        -0.42289937457644755,
        -0.810386742184629,
        0.40549900995468896,
        0.30263029564764965,
        -0.5480952186687672,
        -0.7797477383286552
      ],
      "scale": [
        0.008818187544037908,
        0.046914608272470494,
        0.015306464204917616
      ]
    }
  },
  {
    "frame_id": 4,
    "image": "frame_000004.png",
    "keypoints_2d": [
      [
        0.517130127148255,
        0.3848841602686112,
        0.2937591966744968
      ],
      [
        0.5325561926323461,
        0.498046875,
        0.30013519584377263
      ],
      [
        0.564453125,
        0.4815681323274554,
        0.3025896004780404
      ],
      [
        0.5335031836494686,
        0.29276281817530825,
        0.2756084053957027
      ],
      [
        0.49805258509463846,
        0.3094755391902392,
        0.2731540007614349
      ],
      [
        0.5028145096900989,
        0.4656640803325681,
        0.3119099879532909
      ],
      [
        0.5337002669355492,
        0.45004699269865844,
        0.31436439258755866
      ],
      [
        0.5010710320291041,
        0.265625,
        0.28738319750522096
      ],
      [
        0.466796875,
        0.28141330391487285,
        0.2849287928709532
      ]
    ],
    "keypoints_3d": [
      [
        0.0071591887569177615,
        -0.01633733432588266,
        0.2937591966744968
      ],
      [
        0.0109797080301174,
        0.00760023977678918,
        0.30013519584377263
      ],
      [
        0.018688646614457217,
        0.004091878997737657,
        0.3025896004780404
      ],
      [
        0.01024073994059662,
        -0.03334644967914019,
        0.2756084053957027
      ],
      [
        0.002531801356256802,
        -0.029838088900088672,
        0.2731540007614349
      ],
      [
        0.004077637573238882,
        0.0006717810273748756,
        0.3119099879532909
      ],
      [
        0.011786576157578721,
        -0.0028365797516766472,
        0.31436439258755866
      ],
      [
        0.0033386694837181097,
        -0.040274908428554496,
        0.28738319750522096
      ],
      [
        -0.0043702691006217015,
        -0.03676654764950297,
        0.2849287928709532
      ]
    ],
    "model_matrix": [
      0.8541492979210752,
      -0.20703854559917093,
      0.47703670455963276,
      -0.06451967324099074,
      -0.42289937457644755,
      -0.810386742184629,
      0.40549900995468896,
      -0.006089697636674454,
      0.30263029564764965,
      -0.5480952186687672,
      -0.7797477383286552,
      0.2856295377346896,
      0.0,
      0.0,
      0.0,
      1.0
    ],
    "view_matrix": [
      0.9990942444769356,
      -0.040926478155480235,
      0.011649636854860444,
      0.06804371268059253,
      0.041321477126278545,
      0.9984982304115493,
      -0.03596970104278142,
      0.002683275271405381,
      -0.01016002860052877,
      0.03641850149022651,
      0.9992849776555449,
      0.007900146378554898,
      0.0,
      0.0,
      0.0,
      1.0
    ],
    "camera_intrinsics": {
      "fx": 638.8665463198241,
      "fy": 638.8665463198241,
      "cx": 256.0,
      "cy": 256.0,
      "image_width": 512,
      "image_height": 512,
      "model": "SIMPLE_RADIAL",
      "dist": [
        0.33470226834547523,
        0.0,
        0.0,
        0.0
      ]
    },
    "visibility": [
      1.0,
      1.0,
      1.0,
      1.0,
      1.0,
      1.0,
      1.0,
      1.0,
      1.0
    ],
    "keypoints_2d_visibility": [
      1.0,
      1.0,
      1.0,
      1.0,
      1.0,
      1.0,
      1.0,
      1.0,
      1.0
    ],
    "pose_6dof": {
      "translation": [
        -0.06451967324099074,
        -0.006089697636674454,
        0.2856295377346896
      ],
      "rotation": [
        0.8541492979210752,
        -0.20703854559917093,
        0.47703670455963276,
        -0.42289937457644755,
        -0.810386742184629,
        0.40549900995468896,
        0.30263029564764965,
        -0.5480952186687672,
        -0.7797477383286552
      ]
    },
    "pose_9dof": {
      "translation": [
        -0.06451967324099074,
        -0.006089697636674454,
        0.2856295377346896
      ],
      "rotation": [
        0.8541492979210752,
        -0.20703854559917093,
        0.47703670455963276,
        -0.42289937457644755,
        -0.810386742184629,
        0.40549900995468896,
        0.30263029564764965,
        -0.5480952186687672,
        -0.7797477383286552
      ],
      "scale": [
        0.008818187544037908,
        0.046914608272470494,
        0.015306464204917616
      ]
    }
  },
  {
    "frame_id": 5,
    "image": "frame_000005.png",
    "keypoints_2d": [
      [
        0.5142264817743658,
        0.3858142304303443,
        0.29471821523951613
      ],
      [
        0.5301467207392824,
        0.498046875,
        0.3010678651444057
      ],
      [
        0.5625,
        0.48163365510988077,
        0.3035251894652168
      ],
      [
        0.5305268209671627,
        0.2943900263757313,
        0.27658549579077074
      ],
      [
        0.494582231492578,
        0.31103242930746633,
        0.27412817146995966
      ],
      [
        0.49996331348974005,
        0.4660307034646741,
        0.3128509346882615
      ],
      [
        0.5312948896844693,
        0.4504725036169919,
        0.31530825900907256
      ],
      [
        0.4976477755996238,
        0.267578125,
        0.28836856533462657
      ],
      [
        0.46289062500000006,
        0.2833040199801105,
        0.2859112410138155
      ]
    ],
    "keypoints_3d": [
      [
        0.006765229464371664,
        -0.01625618185243634,
        0.29471821523951613
      ],
      [
        0.010637472723500116,
        0.007680084879697799,
        0.3010678651444057
      ],
      [
        0.018339204785474898,
        0.004157967336269502,
        0.3035251894652168
      ],
      [
        0.009808434431829355,
        -0.03329145630762297,
        0.27658549579077074
      ],
      [
        0.0021067023698545656,
        -0.029769338764194672,
        0.27412817146995966
      ],
      [
        0.0037220244969139726,
        0.0007790926027502916,
        0.3128509346882615
      ],
      [
        0.011423756558888769,
        -0.002743024940678006,
        0.31530825900907256
      ],
      [
        0.0028929862052432254,
        -0.04019244858457048,
        0.28836856533462657
      ],
      [
        -0.00480874585673155,
        -0.03667033104114218,
        0.2859112410138155
      ]
    ],
    "model_matrix": [
      0.8541492979210752,
      -0.20703854559917093,
      0.47703670455963276,
      -0.06451967324099074,
      -0.42289937457644755,
      -0.810386742184629,
      0.40549900995468896,
      -0.006089697636674454,
      0.30263029564764965,
      -0.5480952186687672,
      -0.7797477383286552,
      0.2856295377346896,
      0.0,
      0.0,
      0.0,
      1.0
    ],
    "view_matrix": [
      0.9991788174002281,
      -0.038795107818802736,
      0.011688903627336511,
      0.06765697365625378,
      0.039181917494891326,
      0.9986219807787118,
      -0.03491298966037671,
      0.0023253096751981884,
      -0.010318342895311196,
      0.035342313378293626,
      0.9993219964981084,
      0.008831823221914798,
      0.0,
      0.0,
      0.0,
      1.0
    ],
    "camera_intrinsics": {
      "fx": 639.488805336539,
      "fy": 639.488805336539,
      "cx": 256.0,
      "cy": 256.0,
      "image_width": 512,
      "image_height": 512,
      "model": "SIMPLE_RADIAL",
      "dist": [
        0.3364629736806491,
        0.0,
        0.0,
        0.0
      ]
    },
    "visibility": [
      1.0,
      1.0,
      1.0,
      1.0,
      1.0,
      1.0,
      1.0,
      1.0,
      1.0
    ],
    "keypoints_2d_visibility": [
      1.0,
      1.0,
      1.0,
      1.0,
      1.0,
      1.0,
      1.0,
      1.0,
      1.0
    ],
    "pose_6dof": {
      "translation": [
        -0.06451967324099074,
        -0.006089697636674454,
        0.2856295377346896
      ],
      "rotation": [
        0.8541492979210752,
        -0.20703854559917093,
        0.47703670455963276,
        -0.42289937457644755,
        -0.810386742184629,
        0.40549900995468896,
        0.30263029564764965,
        -0.5480952186687672,
        -0.7797477383286552
      ]
    },
    "pose_9dof": {
      "translation": [
        -0.06451967324099074,
        -0.006089697636674454,
        0.2856295377346896
      ],
      "rotation": [
        0.8541492979210752,
        -0.20703854559917093,
        0.47703670455963276,
        -0.42289937457644755,
        -0.810386742184629,
        0.40549900995468896,
        0.30263029564764965,
        -0.5480952186687672,
        -0.7797477383286552
      ],
      "scale": [
        0.008818187544037908,
        0.046914608272470494,
        0.015306464204917616
      ]
    }
  },
  {
    "frame_id": 6,
    "image": "frame_000006.png",
    "keypoints_2d": [
      [
        0.5151623279495062,
        0.38580457215249697,
        0.2961264400426276
      ],
      [
        0.5308391227570417,
        0.498046875,
        0.3024705065440156
      ],
      [
        0.5625,
        0.4816114665394547,
        0.3049172579789878
      ],
      [
        0.5309731795080637,
        0.29436452610321096,
        0.2779897209196183
      ],
      [
        0.49581511973985204,
        0.31104187803925365,
        0.2755429694846462
      ],
      [
        0.5013227431825718,
        0.46607420831635005,
        0.31426315916563685
      ],
      [
        0.5319851878407584,
        0.45048969367572045,
        0.316709910600609
      ],
      [
        0.49884291112220336,
        0.267578125,
        0.2897823735412396
      ],
      [
        0.46484375,
        0.2833429912274906,
        0.2873356221062674
      ]
    ],
    "keypoints_3d": [
      [
        0.006924069894875734,
        -0.016391997085108585,
        0.2961264400426276
      ],
      [
        0.01082284569208905,
        0.007541443000959944,
        0.3024705065440156
      ],
      [
        0.018525334360685645,
        0.004013623945590442,
        0.3049172579789878
      ],
      [
        0.00992963630290035,
        -0.033429695781365266,
        0.2779897209196183
      ],
      [
        0.002227147634303761,
        -0.029901876725995768,
        0.2755429694846462
      ],
      [
        0.003918503486851105,
        0.0006457016111481059,
        0.31426315916563685
      ],
      [
        0.011620992155447707,
        -0.0028821174442213954,
        0.316709910600609
      ],
      [
        0.0030252940976624176,
        -0.040325437171177106,
        0.2897823735412396
      ],
      [
        -0.004677194570934171,
        -0.036797618115807604,
        0.2873356221062674
      ]
    ],
    "model_matrix": [
      0.8541492979210752,
      -0.20703854559917093,
      0.47703670455963276,
      -0.06451967324099074,
      -0.42289937457644755,
      -0.810386742184629,
      0.40549900995468896,
      -0.006089697636674454,
      0.30263029564764965,
      -0.5480952186687672,
      -0.7797477383286552,
      0.2856295377346896,
      0.0,
      0.0,
      0.0,
      1.0
    ],
    "view_matrix": [
      0.9991925090693791,
      -0.03800407497327007,
      0.01303917578165544,
      0.06743583700837343,
      0.03843907160197869,
      0.9986508682679708,
      -0.034912477454429984,
      0.0021415958831740903,
      -0.011694767805168144,
      0.03538549975702187,
      0.9993053081080521,
      0.010156271228727325,
      0.0,
      0.0,
      0.0,
      1.0
    ],
    "camera_intrinsics": {
      "fx": 640.4324749288053,
      "fy": 640.4324749288053,
      "cx": 256.0,
      "cy": 256.0,
      "image_width": 512,
      "image_height": 512,
      "model": "SIMPLE_RADIAL",
      "dist": [
        0.3401084879469456,
        0.0,
        0.0,
        0.0
      ]
    },
    "visibility": [
      1.0,
      1.0,
      1.0,
      1.0,
      1.0,
      1.0,
      1.0,
      1.0,
      1.0
    ],
    "keypoints_2d_visibility": [
      1.0,
      1.0,
      1.0,
      1.0,
      1.0,
      1.0,
      1.0,
      1.0,
      1.0
    ],
    "pose_6dof": {
      "translation": [
        -0.06451967324099074,
        -0.006089697636674454,
        0.2856295377346896
      ],
      "rotation": [
        0.8541492979210752,
        -0.20703854559917093,
        0.47703670455963276,
        -0.42289937457644755,
        -0.810386742184629,
        0.40549900995468896,
        0.30263029564764965,
        -0.5480952186687672,
        -0.7797477383286552
      ]
    },
    "pose_9dof": {
      "translation": [
        -0.06451967324099074,
        -0.006089697636674454,
        0.2856295377346896
      ],
      "rotation": [
        0.8541492979210752,
        -0.20703854559917093,
        0.47703670455963276,
        -0.42289937457644755,
        -0.810386742184629,
        0.40549900995468896,
        0.30263029564764965,
        -0.5480952186687672,
        -0.7797477383286552
      ],
      "scale": [
        0.008818187544037908,
        0.046914608272470494,
        0.015306464204917616
      ]
    }
  },
  {
    "frame_id": 7,
    "image": "frame_000007.png",
    "keypoints_2d": [
      [
        0.5151381902738981,
        0.38769236606676627,
        0.29743689815064683
      ],
      [
        0.5309872135626083,
        0.5,
        0.3037059019258098
      ],
      [
        0.5625,
        0.48349352127472683,
        0.3061500073368491
      ],
      [
        0.5305577662066578,
        0.2962220489495273,
        0.2793441263182214
      ],
      [
        0.4955981799201895,
        0.3129605634237739,
        0.27690002090718213
      ],
      [
        0.5016271743455357,
        0.468083303260697,
        0.31552966998307225
      ],
      [
        0.5321462840898364,
        0.45242837481141573,
        0.3179737753941116
      ],
      [
        0.49865189940175264,
        0.26953125,
        0.29116789437548385
      ],
      [
        0.46484375000000006,
        0.2853585825917183,
        0.28872378896444456
      ]
    ],
    "keypoints_3d": [
      [
        0.0068862701678530855,
        -0.01573797813041559,
        0.29743689815064683
      ],
      [
        0.010838837238576017,
        0.008206415619747106,
        0.3037059019258098
      ],
      [
        0.01853898381193818,
        0.00467165635633287,
        0.3061500073368491
      ],
      [
        0.009830925044507437,
        -0.03283294235739163,
        0.2793441263182214
      ],
      [
        0.0021307784711452754,
        -0.02929818309397739,
        0.27690002090718213
      ],
      [
        0.0039416152911987,
        0.001356986096560443,
        0.31552966998307225
      ],
      [
        0.011641761864560875,
        -0.0021777731668537934,
        0.3179737753941116
      ],
      [
        0.002933703097130147,
        -0.03968237188057829,
        0.29116789437548385
      ],
      [
        -0.004766443476232007,
        -0.03614761261716405,
        0.28872378896444456
      ]
    ],
    "model_matrix": [
      0.8541492979210752,
      -0.20703854559917093,
      0.47703670455963276,
      -0.06451967324099074,
      -0.42289937457644755,
      -0.810386742184629,
      0.40549900995468896,
      -0.006089697636674454,
      0.30263029564764965,
      -0.5480952186687672,
      -0.7797477383286552,
      0.2856295377346896,
      0.0,
      0.0,
      0.0,
      1.0
    ],
    "view_matrix": [
      0.9992395989696211,
      -0.03613950348595309,
      0.014634211246920669,
      0.06695684094029292,
      0.03659391563063351,
      0.9988153217971644,
      -0.03207550906914606,
      0.0018672454813287247,
      -0.013457681444022627,
      0.03258664191069064,
      0.9993783075388096,
      0.011315091733141207,
      0.0,
      0.0,
      0.0,
      1.0
    ],
    "camera_intrinsics": {
      "fx": 641.4457586205643,
      "fy": 641.4457586205643,
      "cx": 256.0,
      "cy": 256.0,
      "image_width": 512,
      "image_height": 512,
      "model": "SIMPLE_RADIAL",
      "dist": [
        0.34058449065339497,
        0.0,
        0.0,
        0.0
      ]
    },
    "visibility": [
      1.0,
      1.0,
      1.0,
      1.0,
      1.0,
      1.0,
      1.0,
      1.0,
      1.0
    ],
    "keypoints_2d_visibility": [
      1.0,
      1.0,
      1.0,
      1.0,
      1.0,
      1.0,
      1.0,
      1.0,
      1.0
    ],
    "pose_6dof": {
      "translation": [
        -0.06451967324099074,
        -0.006089697636674454,
        0.2856295377346896
      ],
      "rotation": [
        0.8541492979210752,
        -0.20703854559917093,
        0.47703670455963276,
        -0.42289937457644755,
        -0.810386742184629,
        0.40549900995468896,
        0.30263029564764965,
        -0.5480952186687672,
        -0.7797477383286552
      ]
    },
    "pose_9dof": {
      "translation": [
        -0.06451967324099074,
        -0.006089697636674454,
        0.2856295377346896
      ],
      "rotation": [
        0.8541492979210752,
        -0.20703854559917093,
        0.47703670455963276,
        -0.42289937457644755,
        -0.810386742184629,
        0.40549900995468896,
        0.30263029564764965,
        -0.5480952186687672,
        -0.7797477383286552
      ],
      "scale": [
        0.008818187544037908,
        0.046914608272470494,
        0.015306464204917616
      ]
    }
  },
  {
    "frame_id": 8,
    "image": "frame_000008.png",
    "keypoints_2d": [
      [
        0.5122314180794446,
        0.39055729031140834,
        0.29851280018986354
      ],
      [
        0.5287630184079871,
        0.501953125,
        0.30473251677680313
      ],
      [
        0.560546875,
        0.4854183098450753,
        0.3071818766978827
      ],
      [
        0.5272023340098031,
        0.29976407108202857,
        0.2804538424238985
      ],
      [
        0.49195894239936794,
        0.31652471168963103,
        0.2780044825028189
      ],
      [
        0.4990979224882181,
        0.4704249256990043,
        0.3165717579558286
      ],
      [
        0.5298841241224169,
        0.4547393132387203,
        0.3190211178769081
      ],
      [
        0.49502689441962594,
        0.2734375,
        0.2922930836029239
      ],
      [
        0.4609375,
        0.28929112590460976,
        0.28984372368184436
      ]
    ],
    "keypoints_3d": [
      [
        0.00616180837400819,
        -0.0152510450649373,
        0.29851280018986354
      ],
      [
        0.010221083497430727,
        0.008688349202564803,
        0.30473251677680313
      ],
      [
        0.017906246568307027,
        0.005124736413151003,
        0.3071818766978827
      ],
      [
        0.00902679167565576,
        -0.03239523072459384,
        0.2804538424238985
      ],
      [
        0.001341628604779474,
        -0.028831617935180038,
        0.2780044825028189
      ],
      [
        0.0032968250723606346,
        0.001893140594719239,
        0.3165717579558286
      ],
      [
        0.010981988143236934,
        -0.0016704721946945624,
        0.3190211178769081
      ],
      [
        0.002102533250585667,
        -0.0391904393324394,
        0.2922930836029239
      ],
      [
        -0.005582629820290633,
        -0.035626826543025604,
        0.28984372368184436
      ]
    ],
    "model_matrix": [
      0.8541492979210752,
      -0.20703854559917093,
      0.47703670455963276,
      -0.06451967324099074,
      -0.42289937457644755,
      -0.810386742184629,
      0.40549900995468896,
      -0.006089697636674454,
      0.30263029564764965,
      -0.5480952186687672,
      -0.7797477383286552,
      0.2856295377346896,
      0.0,
      0.0,
      0.0,
      1.0
    ],
    "view_matrix": [
      0.9993872614373023,
      -0.03174404209064322,
      0.014745082861636649,
      0.06623700510342467,
      0.03217708819004298,
      0.9990281163106834,
      -0.030124040504846888,
      0.0015131050738997974,
      -0.013774493546379702,
      0.030580036175173676,
      0.9994374041004598,
      0.012341453813243886,
      0.0,
      0.0,
      0.0,
      1.0
    ],
    "camera_intrinsics": {
      "fx": 642.0018211979182,
      "fy": 642.0018211979182,
      "cx": 256.0,
      "cy": 256.0,
      "image_width": 512,
      "image_height": 512,
      "model": "SIMPLE_RADIAL",
      "dist": [
        0.3442180887141512,
        0.0,
        0.0,
        0.0
      ]
    },
    "visibility": [
      1.0,
      1.0,
      1.0,
      1.0,
      1.0,
      1.0,
      1.0,
      1.0,
      1.0
    ],
    "keypoints_2d_visibility": [
      1.0,
      1.0,
      1.0,
      1.0,
      1.0,
      1.0,
      1.0,
      1.0,
      1.0
    ],
    "pose_6dof": {
      "translation": [
        -0.06451967324099074,
        -0.006089697636674454,
        0.2856295377346896
      ],
      "rotation": [
        0.8541492979210752,
        -0.20703854559917093,
        0.47703670455963276,
        -0.42289937457644755,
        -0.810386742184629,
        0.40549900995468896,
        0.30263029564764965,
        -0.5480952186687672,
        -0.7797477383286552
      ]
    },
    "pose_9dof": {
      "translation": [
        -0.06451967324099074,
        -0.006089697636674454,
        0.2856295377346896
      ],
      "rotation": [
        0.8541492979210752,
        -0.20703854559917093,
        0.47703670455963276,
        -0.42289937457644755,
        -0.810386742184629,
        0.40549900995468896,
        0.30263029564764965,
        -0.5480952186687672,
        -0.7797477383286552
      ],
      "scale": [
        0.008818187544037908,
        0.046914608272470494,
        0.015306464204917616
      ]
    }
  },
  {
    "frame_id": 9,
    "image": "frame_000009.png",
    "keypoints_2d": [
      [
        0.5063831550938173,
        0.3886054784436839,
        0.29971608577128517
      ],
      [
        0.5231788446904547,
        0.5,
        0.30590388000676844
      ],
      [
        0.5546875,
        0.48340652441898047,
        0.3083505675897111
      ],
      [
        0.5205424595779952,
        0.2975695701584552,
        0.2816748370809483
      ],
      [
        0.4856091521345195,
        0.31438562051476726,
        0.2792281494980057
      ],
      [
        0.49394490378549427,
        0.4687203863531315,
        0.31775733446162197
      ],
      [
        0.52447056583847,
        0.4529744854367608,
        0.3202040220445646
      ],
      [
        0.4888759913908258,
        0.271484375,
        0.29352829153580184
      ],
      [
        0.45507812499999994,
        0.2873955298962868,
        0.2910816039528592
      ]
    ],
    "keypoints_3d": [
      [
        0.004845086986334193,
        -0.015785920604502728,
        0.29971608577128517
      ],
      [
        0.008974600408993227,
        0.008149732890561914,
        0.30590388000676844
      ],
      [
        0.016652306453292305,
        0.004568255355991445,
        0.3083505675897111
      ],
      [
        0.0076475236380943445,
        -0.03295906479392515,
