[
  {
    "frame_id": 0,
    "image": "frame_000000.png",
    "keypoints_2d": [
      [
        0.603875170506847,
        0.42912965070999026,
        0.35103860099938666
      ],
      [
        0.6648291406956837,
        0.640625,
        0.3862752179326703
      ],
      [
        0.6992187500000001,
        0.6186607970013044,
        0.38853522652829
      ],
      [
        0.5406316448953811,
        0.17663861061689062,
        0.31157229068271713
      ],
      [
        0.49682282664212424,
        0.20120230085414786,
        0.30931228208709743
      ],
      [
        0.655956564383071,
        0.6315524740453273,
        0.39050491131605614
      ],
      [
        0.6899890799887283,
        0.6098848245081465,
        0.39276491991167584
      ],
      [
        0.5315537553594144,
        0.17187500000000003,
        0.31580198406610294
      ],
      [
        0.48828125000000006,
        0.19607120502521305,
        0.31354197547048324
      ]
    ],
    "keypoints_3d": [
      [
        0.03738395713841469,
        0.007133572771326674,
        0.35103860099938666
      ],
      [
        0.059003974165692086,
        0.07021543688635903,
        0.3862752179326703
      ],
      [
        0.06964191827113825,
        0.06407031755793205,
        0.38853522652829
      ],
      [
        0.01775029046865556,
        -0.054065245619875024,
        0.31157229068271713
      ],
      [
        0.007112346363209454,
        -0.04792012629144804,
        0.30931228208709743
      ],
      [
        0.05701762380817382,
        0.06833239116252834,
        0.39050491131605614
      ],
      [
        0.06765556791362004,
        0.06218727183410136,
        0.39276491991167584
      ],
      [
        0.015763940111137353,
        -0.055948291343705714,
        0.31580198406610294
      ],
      [
        0.005125996005691191,
        -0.04980317201527873,
        0.31354197547048324
      ]
    ],
    "model_matrix": [
      0.8493041861960262,
      -0.41694921025720894,
      -0.3237835007775961,
      -0.24935204246930312,
      -0.22958838899326336,
      -0.8440300606577272,
      0.4846673378159411,
      0.13228228091196603,
      -0.4753646715411061,
      -0.33729306659343505,
      -0.8125649612668595,
      0.39740778381467895,
      0.0,
      0.0,
      0.0,
      1.0
    ],
    "view_matrix": [
      0.7396358190334222,
      0.28708947139236374,
      -0.608702300487202,
      0.42573984143577764,
      -0.21097922746691813,
      0.9577689059091296,
      0.19536245404655272,
      -0.24980894387960048,
      0.6390826400241375,
      -0.01607352759297566,
      0.7689701040550906,
      0.20692670061610335,
      0.0,
      0.0,
      0.0,
      1.0
    ],
    "camera_intrinsics": {
      "fx": 627.4505603760667,
      "fy": 627.4505603760667,
      "cx": 256.0,
      "cy": 256.0,
      "image_width": 512,
      "image_height": 512,
      "model": "SIMPLE_RADIAL",
      "dist": [
        0.18491343651367786,
        0.0,
        0.0,
        0.0
      ]
    },
    "visibility": [
      1.0,
      1.0,
      1.0,
      1.0,
      1.0,
      1.0,
      1.0,
      1.0,
      1.0
    ],
    "keypoints_2d_visibility": [
      1.0,
      1.0,
      1.0,
      1.0,
      1.0,
      1.0,
      1.0,
      1.0,
      1.0
    ],
    "pose_6dof": {
      "translation": [
        -0.24935204246930312,
        0.13228228091196603,
        0.39740778381467895
      ],
      "rotation": [
        0.8493041861960262,
        -0.41694921025720894,
        -0.3237835007775961,
        -0.22958838899326336,
        -0.8440300606577272,
        0.4846673378159411,
        -0.4753646715411061,
        -0.33729306659343505,
        -0.8125649612668595
      ]
    },
    "pose_9dof": {
      "translation": [
        -0.24935204246930312,
        0.13228228091196603,
        0.39740778381467895
      ],
      "rotation": [
        0.8493041861960262,
        -0.41694921025720894,
        -0.3237835007775961,
        -0.22958838899326336,
        -0.8440300606577272,
        0.4846673378159411,
        -0.4753646715411061,
        -0.33729306659343505,
        -0.8125649612668595
      ],
      "scale": [
        0.012491436474780567,
        0.1502399607870649,
        0.005038030871114983
      ]
    }
  },
  {
    "frame_id": 1,
    "image": "frame_000001.png",
    "keypoints_2d": [
      [
        0.5978835991066583,
        0.4319521189335624,
        0.35111137760930466
      ],
      [
        0.6575914743712324,
        0.6425781249999999,
        0.3863814520179797
      ],
      [
        0.69140625,
        0.6206982192992991,
        0.38869072063919885
      ],
      [
        0.5358790393949139,
        0.18056661661709802,
        0.3116181871168631
      ],
      [
        0.49276433614220105,
        0.20494041413550804,
        0.30930891849564396
      ],
      [
        0.648889775904633,
        0.6335197226723794,
        0.39060456810174626
      ],
      [
        0.6823559134098178,
        0.6119363504289012,
        0.39291383672296537
      ],
      [
        0.5269654419769272,
        0.17578124999999997,
        0.31584130320062964
      ],
      [
        0.48437500000000006,
        0.19978985793363746,
        0.3135320345794105
      ]
    ],
    "keypoints_3d": [
      [
        0.03575846349194656,
        0.007874178413676547,
        0.35111137760930466
      ],
      [
        0.05715387779137415,
        0.07101389640126748,
        0.3863814520179797
      ],
      [
        0.06779009462659147,
        0.06488412029827889,
        0.38869072063919885
      ],
      [
        0.01636447492224652,
        -0.05338369456177225,
        0.3116181871168631
      ],
      [
        0.005728258087029203,
        -0.04725391845878357,
        0.30930891849564396
      ],
      [
        0.05515245206164654,
        0.06913205138912532,
        0.39060456810174626
      ],
      [
        0.06578866889686386,
        0.06300227528613667,
        0.39291383672296537
      ],
      [
        0.014363049192518962,
        -0.055265539573914474,
        0.31584130320062964
      ],
      [
        0.0037268323573015905,
        -0.049135763470925825,
        0.3135320345794105
      ]
    ],
    "model_matrix": [
      0.8493041861960262,
      -0.41694921025720894,
      -0.3237835007775961,
      -0.24935204246930312,
      -0.22958838899326336,
      -0.8440300606577272,
      0.4846673378159411,
      0.13228228091196603,
      -0.4753646715411061,
      -0.33729306659343505,
      -0.8125649612668595,
      0.39740778381467895,
      0.0,
      0.0,
      0.0,
      1.0
    ],
    "view_matrix": [
      0.7372562425068142,
      0.2859535175371772,
      -0.6121142202994869,
      0.4250271855803161,
      -0.20949183261407883,
      0.9581143661184198,
      0.1952691309590262,
      -0.2487060642357934,
      0.642313323038475,
      -0.01573045598874523,
      0.7662807238875697,
      0.20882845295210323,
      0.0,
      0.0,
      0.0,
      1.0
    ],
    "camera_intrinsics": {
      "fx": 626.6039324618862,
      "fy": 626.6039324618862,
      "cx": 256.0,
      "cy": 256.0,
      "image_width": 512,
      "image_height": 512,
      "model": "SIMPLE_RADIAL",
      "dist": [
        0.18544757293997738,
        0.0,
        0.0,
        0.0
      ]
    },
    "visibility": [
      1.0,
      1.0,
      1.0,
      1.0,
      1.0,
      1.0,
      1.0,
      1.0,
      1.0
    ],
    "keypoints_2d_visibility": [
      1.0,
      1.0,
      1.0,
      1.0,
      1.0,
      1.0,
      1.0,
      1.0,
      1.0
    ],
    "pose_6dof": {
      "translation": [
        -0.24935204246930312,
        0.13228228091196603,
        0.39740778381467895
      ],
      "rotation": [
        0.8493041861960262,
        -0.41694921025720894,
        -0.3237835007775961,
        -0.22958838899326336,
        -0.8440300606577272,
        0.4846673378159411,
        -0.4753646715411061,
        -0.33729306659343505,
        -0.8125649612668595
      ]
    },
    "pose_9dof": {
      "translation": [
        -0.24935204246930312,
        0.13228228091196603,
        0.39740778381467895
      ],
      "rotation": [
        0.8493041861960262,
        -0.41694921025720894,
        -0.3237835007775961,
        -0.22958838899326336,
        -0.8440300606577272,
        0.4846673378159411,
        -0.4753646715411061,
        -0.33729306659343505,
        -0.8125649612668595
      ],
      "scale": [
        0.012491436474780567,
        0.1502399607870649,
        0.005038030871114983
      ]
    }
  },
  {
    "frame_id": 2,
    "image": "frame_000002.png",
    "keypoints_2d": [
      [
        0.6008988763280466,
        0.4309283046477265,
        0.35096839021988324
      ],
      [
        0.6611175964639088,
        0.640625,
        0.3862946447841089
      ],
      [
        0.6953125,
        0.618865794968459,
        0.38857615340818286
      ],
      [
        0.5383919656604328,
        0.1805697694449066,
        0.3114183168123562
      ],
      [
        0.4947988420171327,
        0.20486585604851942,
        0.3091368081882822
      ],
      [
        0.6523304617608313,
        0.6315837718559001,
        0.3905184636274103
      ],
      [
        0.6861713840036144,
        0.6101190892428304,
        0.3927999722514842
      ],
      [
        0.5293894198531851,
        0.17578125000000006,
        0.3156421356556576
      ],
      [
        0.486328125,
        0.19971342038974207,
        0.31336062703158357
      ]
    ],
    "keypoints_3d": [
      [
        0.03630836133461551,
        0.007698476820723499,
        0.35096839021988324
      ],
      [
        0.05773010886746088,
        0.07079784575966536,
        0.3862946447841089
      ],
      [
        0.06837380496591877,
        0.06467065741871914,
        0.38857615340818286
      ],
      [
        0.016879570003887012,
        -0.05351165020313084,
        0.3114183168123562
      ],
      [
        0.0062358739054291235,
        -0.04738446186218462,
        0.3091368081882822
      ],
      [
        0.0557371526653439,
        0.06890860384457781,
        0.3905184636274103
      ],
      [
        0.06638084876380179,
        0.06278141550363159,
        0.3927999722514842
      ],
      [
        0.014886613801770088,
        -0.05540089211821839,
        0.3156421356556576
      ],
      [
        0.004242917703312199,
        -0.049273703777272165,
        0.31336062703158357
      ]
    ],
    "model_matrix": [
      0.8493041861960262,
      -0.41694921025720894,
      -0.3237835007775961,
      -0.24935204246930312,
      -0.22958838899326336,
      -0.8440300606577272,
      0.4846673378159411,
      0.13228228091196603,
      -0.4753646715411061,
      -0.33729306659343505,
      -0.8125649612668595,
      0.39740778381467895,
      0.0,
      0.0,
      0.0,
      1.0
    ],
    "view_matrix": [
      0.7384995054882535,
      0.2853867401845573,
      -0.6108787841466073,
      0.4254710962441468,
      -0.210028573034937,
      0.9582980294640852,
      0.19378566828885846,
      -0.24845035894312462,
      0.6407077952565533,
      -0.014808620870403494,
      0.7676419906736495,
      0.20762220346230292,
      0.0,
      0.0,
      0.0,
      1.0
    ],
    "camera_intrinsics": {
      "fx": 625.5766859901605,
      "fy": 625.5766859901605,
      "cx": 256.0,
      "cy": 256.0,
      "image_width": 512,
      "image_height": 512,
      "model": "SIMPLE_RADIAL",
      "dist": [
        0.1867281703220788,
        0.0,
        0.0,
        0.0
      ]
    },
    "visibility": [
      1.0,
      1.0,
      1.0,
      1.0,
      1.0,
      1.0,
      1.0,
      1.0,
      1.0
    ],
    "keypoints_2d_visibility": [
      1.0,
      1.0,
      1.0,
      1.0,
      1.0,
      1.0,
      1.0,
      1.0,
      1.0
    ],
    "pose_6dof": {
      "translation": [
        -0.24935204246930312,
        0.13228228091196603,
        0.39740778381467895
      ],
      "rotation": [
        0.8493041861960262,
        -0.41694921025720894,
        -0.3237835007775961,
        -0.22958838899326336,
        -0.8440300606577272,
        0.4846673378159411,
        -0.4753646715411061,
        -0.33729306659343505,
        -0.8125649612668595
      ]
    },
    "pose_9dof": {
      "translation": [
        -0.24935204246930312,
        0.13228228091196603,
        0.39740778381467895
      ],
      "rotation": [
        0.8493041861960262,
        -0.41694921025720894,
        -0.3237835007775961,
        -0.22958838899326336,
        -0.8440300606577272,
        0.4846673378159411,
        -0.4753646715411061,
        -0.33729306659343505,
        -0.8125649612668595
      ],
      "scale": [
        0.012491436474780567,
        0.1502399607870649,
        0.005038030871114983
      ]
    }
  },
  {
    "frame_id": 3,
    "image": "frame_000003.png",
    "keypoints_2d": [
      [
        0.6074802262623399,
        0.43179405430524725,
        0.35135976027848587
      ],
      [
        0.6675826931093178,
        0.642578125,
        0.3864809707823386
      ],
      [
        0.701171875,
        0.6206362640596468,
        0.38867699855334903
      ],
      [
        0.5451232173746036,
        0.18055905119973026,
        0.31199759845886416
      ],
      [
        0.5024279518937852,
        0.2051737731530197,
        0.3098015706878538
      ],
      [
        0.6589285067940677,
        0.6334913133503725,
        0.3907219220981076
      ],
      [
        0.6921656703328396,
        0.6118449599250315,
        0.39291794986911793
      ],
      [
        0.5363096165494012,
        0.17578125000000003,
        0.3162385497746331
      ],
      [
        0.49414062499999994,
        0.20002868189713083,
        0.31404252200362276
      ]
    ],
    "keypoints_3d": [
      [
        0.03872617639437598,
        0.007860474530087758,
        0.35135976027848587
      ],
      [
        0.06063612234950777,
        0.07090665387806577,
        0.3864809707823386
      ],
      [
        0.07127914601304525,
        0.06474714947188087,
        0.38867699855334903
      ],
      [
        0.01878007860037989,
        -0.05330437885049685,
        0.31199759845886416
      ],
      [
        0.008137054936842414,
        -0.047144874444311924,
        0.3098015706878538
      ],
      [
        0.05867227418837201,
        0.06902532791067229,
        0.3907219220981076
      ],
      [
        0.06931529785190949,
        0.06286582350448738,
        0.39291794986911793
      ],
      [
        0.01681623043924413,
        -0.05518570481789031,
        0.3162385497746331
      ],
      [
        0.006173206775706708,
        -0.04902620041170541,
        0.31404252200362276
      ]
    ],
    "model_matrix": [
      0.8493041861960262,
      -0.41694921025720894,
      -0.3237835007775961,
      -0.24935204246930312,
      -0.22958838899326336,
      -0.8440300606577272,
      0.4846673378159411,
      0.13228228091196603,
      -0.4753646715411061,
      -0.33729306659343505,
      -0.8125649612668595,
      0.39740778381467895,
      0.0,
      0.0,
      0.0,
      1.0
    ],
    "view_matrix": [
      0.743113130640482,
      0.28824388316977845,
      -0.6039025905598594,
      0.42588898513505485,
      -0.21207997233670095,
      0.9573957574960207,
      0.19599859403139874,
      -0.2495599611607262,
      0.6346691739822932,
      -0.01757348411180866,
      0.7725841133836535,
      0.20490953535493003,
      0.0,
      0.0,
      0.0,
      1.0
    ],
    "camera_intrinsics": {
      "fx": 626.473824681202,
      "fy": 626.473824681202,
      "cx": 256.0,
      "cy": 256.0,
      "image_width": 512,
      "image_height": 512,
      "model": "SIMPLE_RADIAL",
      "dist": [
        0.18551542274304036,
        0.0,
        0.0,
        0.0
      ]
    },
    "visibility": [
      1.0,
      1.0,
      1.0,
      1.0,
      1.0,
      1.0,
      1.0,
      1.0,
      1.0
    ],
    "keypoints_2d_visibility": [
      1.0,
      1.0,
      1.0,
      1.0,
      1.0,
      1.0,
      1.0,
      1.0,
      1.0
    ],
    "pose_6dof": {
      "translation": [
        -0.24935204246930312,
        0.13228228091196603,
        0.39740778381467895
      ],
      "rotation": [
        0.8493041861960262,
        -0.41694921025720894,
        -0.3237835007775961,
        -0.22958838899326336,
        -0.8440300606577272,
        0.4846673378159411,
        -0.4753646715411061,
        -0.33729306659343505,
        -0.8125649612668595
      ]
    },
    "pose_9dof": {
      "translation": [
        -0.24935204246930312,
        0.13228228091196603,
        0.39740778381467895
      ],
      "rotation": [
        0.8493041861960262,
        -0.41694921025720894,
        -0.3237835007775961,
        -0.22958838899326336,
        -0.8440300606577272,
        0.4846673378159411,
        -0.4753646715411061,
        -0.33729306659343505,
        -0.8125649612668595
      ],
      "scale": [
        0.012491436474780567,
        0.1502399607870649,
        0.005038030871114983
      ]
    }
  },
  {
    "frame_id": 4,
    "image": "frame_000004.png",
    "keypoints_2d": [
      [
        0.6144293429942947,
        0.4271952236309425,
        0.34997063901651526
      ],
      [
        0.6750933935325114,
        0.638671875,
        0.3851344524334924
      ],
      [
        0.708984375,
        0.6166870882863906,
        0.38727860528238667
      ],
      [
        0.5514785831848978,
        0.17466554266005632,
        0.31056230826462927
      ],
      [
        0.5083755141393023,
        0.19945461911673368,
        0.3084181554157349
      ],
      [
        0.6663453914254513,
        0.6295775762182203,
        0.38937896976840125
      ],
      [
        0.6998779437755209,
        0.6078884041968083,
        0.3915231226172956
      ],
      [
        0.542566303932753,
        0.169921875,
        0.3148068255995382
      ],
      [
        0.5000000000000001,
        0.19434018151079582,
        0.31266267275064386
      ]
    ],
    "keypoints_3d": [
      [
        0.04013313532232837,
        0.006604488537344799,
        0.34997063901651526
      ],
      [
        0.062219127989090794,
        0.06956543709508084,
        0.3851344524334924
      ],
      [
        0.07286583312088979,
        0.06339403015657957,
        0.38727860528238667
      ],
      [
        0.019996522617040657,
        -0.054468141875118586,
        0.31056230826462927
      ],
      [
        0.009349817485241663,
        -0.04829673493661732,
        0.3084181554157349
      ],
      [
        0.06026974802761603,
        0.06767711894980821,
        0.38937896976840125
      ],
      [
        0.07091645315941503,
        0.061505712011306946,
        0.3915231226172956
      ],
      [
        0.018047142655565895,
        -0.056356460020391214,
        0.3148068255995382
      ],
      [
        0.007400437523766901,
        -0.050185053081889974,
        0.31266267275064386
      ]
    ],
    "model_matrix": [
      0.8493041861960262,
      -0.41694921025720894,
      -0.3237835007775961,
      -0.24935204246930312,
      -0.22958838899326336,
      -0.8440300606577272,
      0.4846673378159411,
      0.13228228091196603,
      -0.4753646715411061,
      -0.33729306659343505,
      -0.8125649612668595,
      0.39740778381467895,
      0.0,
      0.0,
      0.0,
      1.0
    ],
    "view_matrix": [
      0.7453207840606971,
      0.2888643342694125,
      -0.6008779620141154,
      0.42656234133852156,
      -0.21386411445326958,
      0.9572234008007751,
      0.1948986955023494,
      -0.25080091866066295,
      0.6314737281916536,
      -0.01675581530358393,
      0.7752162106517417,
      0.2015694441213854,
      0.0,
      0.0,
      0.0,
      1.0
    ],
    "camera_intrinsics": {
      "fx": 626.1949299680556,
      "fy": 626.1949299680556,
      "cx": 256.0,
      "cy": 256.0,
      "image_width": 512,
      "image_height": 512,
      "model": "SIMPLE_RADIAL",
      "dist": [
        0.18404532312367478,
        0.0,
        0.0,
        0.0
      ]
    },
    "visibility": [
      1.0,
      1.0,
      1.0,
      1.0,
      1.0,
      1.0,
      1.0,
      1.0,
      1.0
    ],
    "keypoints_2d_visibility": [
      1.0,
      1.0,
      1.0,
      1.0,
      1.0,
      1.0,
      1.0,
      1.0,
      1.0
    ],
    "pose_6dof": {
      "translation": [
        -0.24935204246930312,
        0.13228228091196603,
        0.39740778381467895
      ],
      "rotation": [
        0.8493041861960262,
        -0.41694921025720894,
        -0.3237835007775961,
        -0.22958838899326336,
        -0.8440300606577272,
        0.4846673378159411,
        -0.4753646715411061,
        -0.33729306659343505,
        -0.8125649612668595
      ]
    },
    "pose_9dof": {
      "translation": [
        -0.24935204246930312,
        0.13228228091196603,
        0.39740778381467895
      ],
      "rotation": [
        0.8493041861960262,
        -0.41694921025720894,
        -0.3237835007775961,
        -0.22958838899326336,
        -0.8440300606577272,
        0.4846673378159411,
        -0.4753646715411061,
        -0.33729306659343505,
        -0.8125649612668595
      ],
      "scale": [
        0.012491436474780567,
        0.1502399607870649,
        0.005038030871114983
      ]
    }
  },
  {
    "frame_id": 5,
    "image": "frame_000005.png",
    "keypoints_2d": [
      [
        0.6144481944999126,
        0.4263744210293372,
        0.34940901794251633
      ],
      [
        0.6750950494881226,
        0.638671875,
        0.3845898530136663
      ],
      [
        0.708984375,
        0.6165867138704051,
        0.38673543028024737
      ],
      [
        0.5515298147276579,
        0.1727167574068387,
        0.309984487012974
      ],
      [
        0.5084054699111173,
        0.19763262076559504,
        0.3078389097463929
      ],
      [
        0.6663232906779877,
        0.6295479339180126,
        0.38883354887205857
      ],
      [
        0.6998538312588239,
        0.6077600163204857,
        0.3909791261386397
      ],
      [
        0.5425863350371473,
        0.16796875000000003,
        0.31422818287136633
      ],
      [
        0.5,
        0.19251133054013203,
        0.3120826056047852
      ]
    ],
    "keypoints_3d": [
      [
        0.04039772112937978,
        0.006407392086606178,
        0.34940901794251633
      ],
      [
        0.06250418903627125,
        0.06935164368886343,
        0.3845898530136663
      ],
      [
        0.07314753515980904,
        0.0631749401431862,
        0.38673543028024737
      ],
      [
        0.020242526942190697,
        -0.05464865100212016,
        0.309984487012974
      ],
      [
        0.009599180818652908,
        -0.0484719474564429,
        0.3078389097463929
      ],
      [
        0.06055291531656887,
        0.06746343517533254,
        0.38883354887205857
      ],
      [
        0.07119626144010666,
        0.06128673162965531,
        0.3909791261386397
      ],
      [
        0.018291253222488313,
        -0.05653685951565107,
        0.31422818287136633
      ],
      [
        0.007647907098950524,
        -0.05036015596997381,
        0.3120826056047852
      ]
    ],
    "model_matrix": [
      0.8493041861960262,
      -0.41694921025720894,
      -0.3237835007775961,
      -0.24935204246930312,
      -0.22958838899326336,
      -0.8440300606577272,
      0.4846673378159411,
      0.13228228091196603,
      -0.4753646715411061,
      -0.33729306659343505,
      -0.8125649612668595,
      0.39740778381467895,
      0.0,
      0.0,
      0.0,
      1.0
    ],
    "view_matrix": [
      0.7450697632875691,
      0.2893088000153652,
      -0.6009754288390458,
      0.4267442737353205,
      -0.21432426033523413,
      0.9570934611023384,
      0.19503132606558693,
      -0.2511482731254154,
      0.6316139321344648,
      -0.016508329679768938,
      0.7751072930793669,
      0.20105332991513342,
      0.0,
      0.0,
      0.0,
      1.0
    ],
    "camera_intrinsics": {
      "fx": 626.2535750319599,
      "fy": 626.2535750319599,
      "cx": 256.0,
      "cy": 256.0,
      "image_width": 512,
      "image_height": 512,
      "model": "SIMPLE_RADIAL",
      "dist": [
        0.18348528276998663,
        0.0,
        0.0,
        0.0
      ]
    },
    "visibility": [
      1.0,
      1.0,
      1.0,
      1.0,
      1.0,
      1.0,
      1.0,
      1.0,
      1.0
    ],
    "keypoints_2d_visibility": [
      1.0,
      1.0,
      1.0,
      1.0,
      1.0,
      1.0,
      1.0,
      1.0,
      1.0
    ],
    "pose_6dof": {
      "translation": [
        -0.24935204246930312,
        0.13228228091196603,
        0.39740778381467895
      ],
      "rotation": [
        0.8493041861960262,
        -0.41694921025720894,
        -0.3237835007775961,
        -0.22958838899326336,
        -0.8440300606577272,
        0.4846673378159411,
        -0.4753646715411061,
        -0.33729306659343505,
        -0.8125649612668595
      ]
    },
    "pose_9dof": {
      "translation": [
        -0.24935204246930312,
        0.13228228091196603,
        0.39740778381467895
      ],
      "rotation": [
        0.8493041861960262,
        -0.41694921025720894,
        -0.3237835007775961,
        -0.22958838899326336,
        -0.8440300606577272,
        0.4846673378159411,
        -0.4753646715411061,
        -0.33729306659343505,
        -0.8125649612668595
      ],
      "scale": [
        0.012491436474780567,
        0.1502399607870649,
        0.005038030871114983
      ]
    }
  },
  {
    "frame_id": 6,
    "image": "frame_000006.png",
    "keypoints_2d": [
      [
        0.6124186467142969,
        0.43174417558793793,
        0.35038382069015217
      ],
      [
        0.6732145146083819,
        0.642578125,
        0.38535786554601215
      ],
      [
        0.70703125,
        0.620613192595248,
        0.38754027697924054
      ],
      [
        0.5493690541782814,
        0.18050999170083282,
        0.31116158551282824
      ],
      [
        0.5064023290827816,
        0.20516150171091957,
        0.30897917407959985
      ],
      [
        0.6644719856590283,
        0.6335033000337353,
        0.3896060558674761
      ],
      [
        0.6979323263594188,
        0.6118349134850173,
        0.3917884673007045
      ],
      [
        0.5404806679288136,
        0.17578125,
        0.3154097758342922
      ],
      [
        0.49804687499999994,
        0.20006385174928534,
        0.31322736440106386
      ]
    ],
    "keypoints_3d": [
      [
        0.039580563668126234,
        0.007990190182884604,
        0.35038382069015217
      ],
      [
        0.061639753270048614,
        0.07106613036546833,
        0.38535786554601215
      ],
      [
        0.07228048114978824,
        0.06489782624448631,
        0.38754027697924054
      ],
      [
        0.019478088522653147,
        -0.0532133444381688,
        0.31116158551282824
      ],
      [
        0.008837360642913572,
        -0.04704504031718673,
        0.30897917407959985
      ],
      [
        0.059683038813599154,
        0.06919372480393804,
        0.3896060558674761
      ],
      [
        0.07032376669333884,
        0.06302542068295597,
        0.3917884673007045
      ],
      [
        0.0175213740662038,
        -0.05508574999969912,
        0.3154097758342922
      ],
      [
        0.006880646186464168,
        -0.048917445878717075,
        0.31322736440106386
      ]
    ],
    "model_matrix": [
      0.8493041861960262,
      -0.41694921025720894,
      -0.3237835007775961,
      -0.24935204246930312,
      -0.22958838899326336,
      -0.8440300606577272,
      0.4846673378159411,
      0.13228228091196603,
      -0.4753646715411061,
      -0.33729306659343505,
      -0.8125649612668595,
      0.39740778381467895,
      0.0,
      0.0,
      0.0,
      1.0
    ],
    "view_matrix": [
      0.7442573009284376,
      0.28930384873069953,
      -0.6019836817757785,
      0.42612586965772864,
      -0.21193945675150955,
      0.9570343983358974,
      0.19790610671154626,
      -0.2501054666326494,
      0.6333740890552694,
      -0.01970897032955865,
      0.7735947387372515,
      0.2034915203005715,
      0.0,
      0.0,
      0.0,
      1.0
    ],
    "camera_intrinsics": {
      "fx": 626.2948588834872,
      "fy": 626.2948588834872,
      "cx": 256.0,
      "cy": 256.0,
      "image_width": 512,
      "image_height": 512,
      "model": "SIMPLE_RADIAL",
      "dist": [
        0.1832918080893217,
        0.0,
        0.0,
        0.0
      ]
    },
    "visibility": [
      1.0,
      1.0,
      1.0,
      1.0,
      1.0,
      1.0,
      1.0,
      1.0,
      1.0
    ],
    "keypoints_2d_visibility": [
      1.0,
      1.0,
      1.0,
      1.0,
      1.0,
      1.0,
      1.0,
      1.0,
      1.0
    ],
    "pose_6dof": {
      "translation": [
        -0.24935204246930312,
        0.13228228091196603,
        0.39740778381467895
      ],
      "rotation": [
        0.8493041861960262,
        -0.41694921025720894,
        -0.3237835007775961,
        -0.22958838899326336,
        -0.8440300606577272,
        0.4846673378159411,
        -0.4753646715411061,
        -0.33729306659343505,
        -0.8125649612668595
      ]
    },
    "pose_9dof": {
      "translation": [
        -0.24935204246930312,
        0.13228228091196603,
        0.39740778381467895
      ],
      "rotation": [
        0.8493041861960262,
        -0.41694921025720894,
        -0.3237835007775961,
        -0.22958838899326336,
        -0.8440300606577272,
        0.4846673378159411,
        -0.4753646715411061,
        -0.33729306659343505,
        -0.8125649612668595
      ],
      "scale": [
        0.012491436474780567,
        0.1502399607870649,
        0.005038030871114983
      ]
    }
  },
  {
    "frame_id": 7,
    "image": "frame_000007.png",
    "keypoints_2d": [
      [
        0.6067530067284699,
        0.4264924352193128,
        0.34960707357655435
      ],
      [
        0.6673497384736846,
        0.638671875,
        0.38495467018641255
      ],
      [
        0.701171875,
        0.6165456388516849,
        0.3871384053929029
      ],
      [
        0.5436743415087469,
        0.17276550444205527,
        0.31002632215239984
      ],
      [
        0.5005597927375863,
        0.19767631483128556,
        0.30784258694590944
      ],
      [
        0.6586270250028581,
        0.6295369343655366,
        0.3891878250007089
      ],
      [
        0.6920942751163744,
        0.6077087065806822,
        0.39137156020719926
      ],
      [
        0.5347683748905803,
        0.16796875,
        0.3142594769666962
      ],
      [
        0.49218749999999994,
        0.19250647708135,
        0.31207574176020586
      ]
    ],
    "keypoints_3d": [
      [
        0.03833469226895836,
        0.006516707284459078,
        0.34960707357655435
      ],
      [
        0.06027917444436193,
        0.06942420290580997,
        0.38495467018641255
      ],
      [
        0.07091445628690185,
        0.0632469813717258,
        0.3871384053929029
      ],
      [
        0.01835918353964472,
        -0.05449729977207307,
        0.31002632215239984
      ],
      [
        0.007723901697104796,
        -0.04832007823798884,
        0.30784258694590944
      ],
      [
        0.058310200998271944,
        0.06753071434099123,
        0.3891878250007089
      ],
      [
        0.06894548284081187,
        0.061353492806906995,
        0.39137156020719926
      ],
      [
        0.01639021009355468,
        -0.056390788336891845,
        0.3142594769666962
      ],
      [
        0.0057549282510148125,
        -0.05021356680280764,
        0.31207574176020586
      ]
    ],
    "model_matrix": [
      0.8493041861960262,
      -0.41694921025720894,
      -0.3237835007775961,
      -0.24935204246930312,
      -0.22958838899326336,
      -0.8440300606577272,
      0.4846673378159411,
      0.13228228091196603,
      -0.4753646715411061,
      -0.33729306659343505,
      -0.8125649612668595,
      0.39740778381467895,
      0.0,
      0.0,
      0.0,
      1.0
    ],
    "view_matrix": [
      0.7424133482865573,
      0.2891949913820969,
      -0.6043084289048533,
      0.42535847740395355,
      -0.21491891932041254,
      0.957165377611792,
      0.1940213854692871,
      -0.2507953923858352,
      0.6345331184454357,
      -0.014166751949002868,
      0.7727658278774536,
      0.20260005787177365,
      0.0,
      0.0,
      0.0,
      1.0
    ],
    "camera_intrinsics": {
      "fx": 626.0842027723829,
      "fy": 626.0842027723829,
      "cx": 256.0,
      "cy": 256.0,
      "image_width": 512,
      "image_height": 512,
      "model": "SIMPLE_RADIAL",
      "dist": [
        0.18363856190508432,
        0.0,
        0.0,
        0.0
      ]
    },
    "visibility": [
      1.0,
      1.0,
      1.0,
      1.0,
      1.0,
      1.0,
      1.0,
      1.0,
      1.0
    ],
    "keypoints_2d_visibility": [
      1.0,
      1.0,
      1.0,
      1.0,
      1.0,
      1.0,
      1.0,
      1.0,
      1.0
    ],
    "pose_6dof": {
      "translation": [
        -0.24935204246930312,
        0.13228228091196603,
        0.39740778381467895
      ],
      "rotation": [
        0.8493041861960262,
        -0.41694921025720894,
        -0.3237835007775961,
        -0.22958838899326336,
        -0.8440300606577272,
        0.4846673378159411,
        -0.4753646715411061,
        -0.33729306659343505,
        -0.8125649612668595
      ]
    },
    "pose_9dof": {
      "translation": [
        -0.24935204246930312,
        0.13228228091196603,
        0.39740778381467895
      ],
      "rotation": [
        0.8493041861960262,
        -0.41694921025720894,
        -0.3237835007775961,
        -0.22958838899326336,
        -0.8440300606577272,
        0.4846673378159411,
        -0.4753646715411061,
        -0.33729306659343505,
        -0.8125649612668595
      ],
      "scale": [
        0.012491436474780567,
        0.1502399607870649,
        0.005038030871114983
      ]
    }
  },
  {
    "frame_id": 8,
    "image": "frame_000008.png",
    "keypoints_2d": [
      [
        0.6044337366195521,
        0.4316183355426191,
        0.3520772779593509
      ],
      [
        0.6641020590400867,
        0.642578125,
        0.3869529315466034
      ],
      [
        0.697265625,
        0.6206713696860398,
        0.3891817193265883
      ],
      [
        0.5424431727091713,
        0.18046126879250454,
        0.31295429563218413
      ],
      [
        0.5003277125803978,
        0.20492504612127324,
        0.3107255078521992
      ],
      [
        0.6555827475530817,
        0.6335711781498334,
        0.3912002602865176
      ],
      [
        0.6884008401428077,
        0.6119595902807763,
        0.3934290480665026
      ],
      [
        0.5337862004957337,
        0.17578125,
        0.31720162437209837
      ],
      [
        0.4921875,
        0.19988033299077762,
        0.31497283659211345
      ]
    ],
    "keypoints_3d": [
      [
        0.03781699873069305,
        0.007760773573132984,
        0.3520772779593509
      ],
      [
        0.05971246963300908,
        0.07094813805542438,
        0.3869529315466034
      ],
      [
        0.07035302581524716,
        0.06479614208924367,
        0.3891817193265883
      ],
      [
        0.01788858901840812,
        -0.05356309314739968,
        0.31295429563218413
      ],
      [
        0.0072480328361700375,
        -0.04741109718121897,
        0.3107255078521992
      ],
      [
        0.05774540844297793,
        0.06908464029366568,
        0.3912002602865176
      ],
      [
        0.06838596462521601,
        0.06293264432748497,
        0.3934290480665026
      ],
      [
        0.015921527828377025,
        -0.05542659090915841,
        0.31720162437209837
      ],
      [
        0.005280971646138943,
        -0.0492745949429777,
        0.31497283659211345
      ]
    ],
    "model_matrix": [
      0.8493041861960262,
      -0.41694921025720894,
      -0.3237835007775961,
      -0.24935204246930312,
      -0.22958838899326336,
      -0.8440300606577272,
      0.4846673378159411,
      0.13228228091196603,
      -0.4753646715411061,
      -0.33729306659343505,
      -0.8125649612668595,
      0.39740778381467895,
      0.0,
      0.0,
      0.0,
      1.0
    ],
    "view_matrix": [
      0.7426427621765047,
      0.2884037829736744,
      -0.604404653980531,
      0.42504089213473284,
      -0.20956973094972436,
      0.9572713109902385,
      0.19927911336788462,
      -0.250320970152385,
      0.6360520856474821,
      -0.02132827047614956,
      0.7713513137487902,
      0.20695850075945527,
      0.0,
      0.0,
      0.0,
      1.0
    ],
    "camera_intrinsics": {
      "fx": 626.9196302412352,
      "fy": 626.9196302412352,
      "cx": 256.0,
      "cy": 256.0,
      "image_width": 512,
      "image_height": 512,
      "model": "SIMPLE_RADIAL",
      "dist": [
        0.18040199682565425,
        0.0,
        0.0,
        0.0
      ]
    },
    "visibility": [
      1.0,
      1.0,
      1.0,
      1.0,
      1.0,
      1.0,
      1.0,
      1.0,
      1.0
    ],
    "keypoints_2d_visibility": [
      1.0,
      1.0,
      1.0,
      1.0,
      1.0,
      1.0,
      1.0,
      1.0,
      1.0
    ],
    "pose_6dof": {
      "translation": [
        -0.24935204246930312,
        0.13228228091196603,
        0.39740778381467895
      ],
      "rotation": [
        0.8493041861960262,
        -0.41694921025720894,
        -0.3237835007775961,
        -0.22958838899326336,
        -0.8440300606577272,
        0.4846673378159411,
        -0.4753646715411061,
        -0.33729306659343505,
        -0.8125649612668595
      ]
    },
    "pose_9dof": {
      "translation": [
        -0.24935204246930312,
        0.13228228091196603,
        0.39740778381467895
      ],
      "rotation": [
        0.8493041861960262,
        -0.41694921025720894,
        -0.3237835007775961,
        -0.22958838899326336,
        -0.8440300606577272,
        0.4846673378159411,
        -0.4753646715411061,
        -0.33729306659343505,
        -0.8125649612668595
      ],
      "scale": [
        0.012491436474780567,
        0.1502399607870649,
        0.005038030871114983
      ]
    }
  },
  {
    "frame_id": 9,
    "image": "frame_000009.png",
    "keypoints_2d": [
      [
        0.6087648052623404,
        0.42272876165194245,
        0.3494101672000184
      ],
      [
        0.6687364942092535,
        0.634765625,
        0.3847742122264677
      ],
      [
        0.703125,
        0.6129895065525899,
        0.38695952441697523
      ],
      [
        0.5464529615434093,
        0.16881099836922106,
        0.3098137892839983
      ],
      [
        0.5025977982251622,
        0.19330778722088093,
        0.3076284770934907
      ],
      [
        0.6599640868181764,
        0.6256855075528448,
        0.3890065451160385
      ],
      [
        0.693992488185984,
        0.6042025341346209,
        0.39119185730654604
      ],
      [
        0.5374525294108045,
        0.16406249999999997,
        0.3140461221735691
      ],
      [
        0.494140625,
        0.18819164452732326,
        0.3118608099830615
      ]
    ],
    "keypoints_3d": [
      [
        0.03823898955159277,
        0.005160230728776888,
        0.3494101672000184
      ],
      [
        0.0597786969076442,
        0.06819824478198991,
        0.3847742122264677
      ],
      [
        0.07045206731934284,
        0.062087634347002846,
        0.38695952441697523
      ],
      [
        0.01865736250216271,
        -0.05597120657985255,
        0.3098137892839983
      ],
      [
        0.00798399209046402,
        -0.04986059614486549,
