[
  {
    "frame_id": 0,
    "image": "frame_000000.png",
    "keypoints_2d": [
      [
        0.43208336980268325,
        0.2153491066420556,
        0.13035535934161863
      ],
      [
        0.4386729894972069,
        0.37187612109063783,
        0.14493962627719353
      ],
      [
        0.5053383830549946,
        0.32820823676201283,
        0.15006386655603837
      ],
      [
        0.49986214529810036,
        0.06372203742925447,
        0.10912080478093175
      ],
      [
        0.40476959160635995,
        0.11471028366015945,
        0.10399656450208689
      ],
      [
        0.3839976202975719,
        0.3209004887507102,
        0.15158991390230547
      ],
      [
        0.44981861504876913,
        0.28064087180199176,
        0.1567141541811503
      ],
      [
        0.422881572614586,
        0.01004815768901679,
        0.11577109240604368
      ],
      [
        0.3292872556790205,
        0.055474184943732796,
        0.11064685212719882
      ]
    ],
    "keypoints_3d": [
      [
        -0.010711760372976793,
        -0.04489492707081563,
        0.13035535934161863
      ],
      [
        -0.010862660617858132,
        -0.022694179974296597,
        0.14493962627719353
      ],
      [
        0.0009775720247327743,
        -0.03145874323571468,
        0.15006386655603837
      ],
      [
        -1.7929008088717058e-05,
        -0.05674112679579732,
        0.10912080478093175
      ],
      [
        -0.011858161650679624,
        -0.04797656353437926,
        0.10399656450208689
      ],
      [
        -0.021405591737864865,
        -0.033048727345833945,
        0.15158991390230547
      ],
      [
        -0.009565359095273961,
        -0.041813290607252,
        0.1567141541811503
      ],
      [
        -0.010560860128095446,
        -0.06709567416733467,
        0.11577109240604368
      ],
      [
        -0.022401092770686356,
        -0.0583311109059166,
        0.11064685212719882
      ]
    ],
    "model_matrix": [
      -0.43754733487288155,
      -0.08194217783725508,
      -0.8954539682400914,
      0.021235612896674534,
      0.7497432879804381,
      -0.5830251131691194,
      -0.3129963570753136,
      0.007853646785550852,
      -0.496424548017038,
      -0.808311324246681,
      0.3165366822670898,
      0.15715371310424595,
      0.0,
      0.0,
      0.0,
      1.0
    ],
    "view_matrix": [
      -0.9130489946690586,
      0.37757860661079057,
      -0.15419445244130708,
      0.029944256364639054,
      -0.28325817946350673,
      -0.3150505272193813,
      0.9058189493854769,
      -0.17875828175764397,
      0.29343881321468096,
      0.8707339209704898,
      0.39460879586055364,
      0.05527133214275068,
      0.0,
      0.0,
      0.0,
      1.0
    ],
    "camera_intrinsics": {
      "fx": 417.628278593086,
      "fy": 417.628278593086,
      "cx": 256.0,
      "cy": 256.0,
      "image_width": 512,
      "image_height": 512,
      "model": "SIMPLE_RADIAL",
      "dist": [
        0.10583179455671733,
        0.0,
        0.0,
        0.0
      ]
    },
    "visibility": [
      1.0,
      1.0,
      1.0,
      1.0,
      1.0,
      1.0,
      1.0,
      1.0,
      1.0
    ],
    "keypoints_2d_visibility": [
      1.0,
      1.0,
      1.0,
      1.0,
      1.0,
      1.0,
      1.0,
      1.0,
      1.0
    ],
    "pose_6dof": {
      "translation": [
        0.021235612896674534,
        0.007853646785550852,
        0.15715371310424595
      ],
      "rotation": [
        -0.43754733487288155,
        -0.08194217783725508,
        -0.8954539682400914,
        0.7497432879804381,
        -0.5830251131691194,
        -0.3129963570753136,
        -0.496424548017038,
        -0.808311324246681,
        0.3165366822670898
      ]
    },
    "pose_9dof": {
      "translation": [
        0.021235612896674534,
        0.007853646785550852,
        0.15715371310424595
      ],
      "rotation": [
        -0.43754733487288155,
        -0.08194217783725508,
        -0.8954539682400914,
        0.7497432879804381,
        -0.5830251131691194,
        -0.3129963570753136,
        -0.496424548017038,
        -0.808311324246681,
        0.3165366822670898
      ],
      "scale": [
        0.015597003450323737,
        0.04813028410788457,
        0.016204825619775553
      ]
    }
  },
  {
    "frame_id": 1,
    "image": "frame_000001.png",
    "keypoints_2d": [
      [
        0.4344744559344267,
        0.21569335760947206,
        0.13024322819200373
      ],
      [
        0.44123780626827236,
        0.37218677979145876,
        0.14482398455014492
      ],
      [
        0.5077656806958997,
        0.32839156980930917,
        0.14992032095637925
      ],
      [
        0.5021710242451,
        0.06364934619226681,
        0.10898423144674929
      ],
      [
        0.4071963148887977,
        0.11498006952319184,
        0.10388789504051495
      ],
      [
        0.3865116557936756,
        0.3213717446490627,
        0.15150222493725818
      ],
      [
        0.45217662949757575,
        0.28098268159285156,
        0.15659856134349254
      ],
      [
        0.42504924889375356,
        0.010197230333864715,
        0.11566247183386255
      ],
      [
        0.33160962449038106,
        0.05595415919891783,
        0.11056613542762823
      ]
    ],
    "keypoints_3d": [
      [
        -0.010338554393814734,
        -0.04485761589306109,
        0.13024322819200373
      ],
      [
        -0.01041527217520084,
        -0.022654182758021973,
        0.14482398455014492
      ],
      [
        0.001422647977112862,
        -0.03143811799977703,
        0.14992032095637925
      ],
      [
        0.00028223357408870345,
        -0.05672566985745242,
        0.10898423144674929
      ],
      [
        -0.011555686578224988,
        -0.047941734615697396,
        0.10388789504051495
      ],
      [
        -0.02095934236171817,
        -0.032989561928669725,
        0.15150222493725818
      ],
      [
        -0.00912142220940448,
        -0.04177349717042475,
        0.15659856134349254
      ],
      [
        -0.010261836612428629,
        -0.06706104902810019,
        0.11566247183386255
      ],
      [
        -0.022099756764742334,
        -0.05827711378634513,
        0.11056613542762823
      ]
    ],
    "model_matrix": [
      -0.43754733487288155,
      -0.08194217783725508,
      -0.8954539682400914,
      0.021235612896674534,
      0.7497432879804381,
      -0.5830251131691194,
      -0.3129963570753136,
      0.007853646785550852,
      -0.496424548017038,
      -0.808311324246681,
      0.3165366822670898,
      0.15715371310424595,
      0.0,
      0.0,
      0.0,
      1.0
    ],
    "view_matrix": [
      -0.9128003486530015,
      0.3792008496631092,
      -0.1516648908407417,
      0.029901911671267826,
      -0.2816467269535161,
      -0.3155488924820864,
      0.9061479005381514,
      -0.1788029726719222,
      0.295754365471297,
      0.8698480396414676,
      0.3948338172403246,
      0.055081623275465494,
      0.0,
      0.0,
      0.0,
      1.0
    ],
    "camera_intrinsics": {
      "fx": 417.01135541365795,
      "fy": 417.01135541365795,
      "cx": 256.0,
      "cy": 256.0,
      "image_width": 512,
      "image_height": 512,
      "model": "SIMPLE_RADIAL",
      "dist": [
        0.10814760041422229,
        0.0,
        0.0,
        0.0
      ]
    },
    "visibility": [
      1.0,
      1.0,
      1.0,
      1.0,
      1.0,
      1.0,
      1.0,
      1.0,
      1.0
    ],
    "keypoints_2d_visibility": [
      1.0,
      1.0,
      1.0,
      1.0,
      1.0,
      1.0,
      1.0,
      1.0,
      1.0
    ],
    "pose_6dof": {
      "translation": [
        0.021235612896674534,
        0.007853646785550852,
        0.15715371310424595
      ],
      "rotation": [
        -0.43754733487288155,
        -0.08194217783725508,
        -0.8954539682400914,
        0.7497432879804381,
        -0.5830251131691194,
        -0.3129963570753136,
        -0.496424548017038,
        -0.808311324246681,
        0.3165366822670898
      ]
    },
    "pose_9dof": {
      "translation": [
        0.021235612896674534,
        0.007853646785550852,
        0.15715371310424595
      ],
      "rotation": [
        -0.43754733487288155,
        -0.08194217783725508,
        -0.8954539682400914,
        0.7497432879804381,
        -0.5830251131691194,
        -0.3129963570753136,
        -0.496424548017038,
        -0.808311324246681,
        0.3165366822670898
      ],
      "scale": [
        0.015597003450323737,
        0.04813028410788457,
        0.016204825619775553
      ]
    }
  },
  {
    "frame_id": 2,
    "image": "frame_000002.png",
    "keypoints_2d": [
      [
        0.4359405915761032,
        0.21667255900982257,
        0.13041688866831957
      ],
      [
        0.4430666031170075,
        0.3730224315520482,
        0.14498459971073496
      ],
      [
        0.5094576526981844,
        0.32900796405007027,
        0.1500584771858845
      ],
      [
        0.5032807985562874,
        0.06458318369574961,
        0.10914018443402018
      ],
      [
        0.408534514684802,
        0.11629817865446102,
        0.10406630695887062
      ],
      [
        0.38822984564747737,
        0.3223975583341122,
        0.15169359290261897
      ],
      [
        0.4537413639494379,
        0.28178881738114825,
        0.1567674703777685
      ],
      [
        0.42606547003949735,
        0.01148142478556452,
        0.11584917762590415
      ],
      [
        0.33288983186600696,
        0.05762744182398788,
        0.11077530015075461
      ]
    ],
    "keypoints_3d": [
      [
        -0.010111585651751721,
        -0.04472238750795485,
        0.13041688866831957
      ],
      [
        -0.010093011398255539,
        -0.02251026841595008,
        0.14498459971073496
      ],
      [
        0.001732535804664665,
        -0.03132382146498125,
        0.1500584771858845
      ],
      [
        0.00042671465048186447,
        -0.056632167868721245,
        0.10914018443402018
      ],
      [
        -0.011398832552438329,
        -0.0478186148196901,
        0.10406630695887062
      ],
      [
        -0.0206498859539853,
        -0.03281260714718845,
        0.15169359290261897
      ],
      [
        -0.0088243387510651,
        -0.04162616019621959,
        0.1567674703777685
      ],
      [
        -0.010130159905247897,
        -0.06693450659995961,
        0.11584917762590415
      ],
      [
        -0.021955707108168097,
        -0.05812095355092843,
        0.11077530015075461
      ]
    ],
    "model_matrix": [
      -0.43754733487288155,
      -0.08194217783725508,
      -0.8954539682400914,
      0.021235612896674534,
      0.7497432879804381,
      -0.5830251131691194,
      -0.3129963570753136,
      0.007853646785550852,
      -0.496424548017038,
      -0.808311324246681,
      0.3165366822670898,
      0.15715371310424595,
      0.0,
      0.0,
      0.0,
      1.0
    ],
    "view_matrix": [
      -0.9128791903237132,
      0.3803624201356962,
      -0.1482430882788014,
      0.02958368312220344,
      -0.27895468267279566,
      -0.31608254095463784,
      0.9067944156855945,
      -0.1788223226664498,
      0.298053466493581,
      0.869146855630379,
      0.3946490522717424,
      0.055241004284880796,
      0.0,
      0.0,
      0.0,
      1.0
    ],
    "camera_intrinsics": {
      "fx": 417.4210022723598,
      "fy": 417.4210022723598,
      "cx": 256.0,
      "cy": 256.0,
      "image_width": 512,
      "image_height": 512,
      "model": "SIMPLE_RADIAL",
      "dist": [
        0.10864166304283865,
        0.0,
        0.0,
        0.0
      ]
    },
    "visibility": [
      1.0,
      1.0,
      1.0,
      1.0,
      1.0,
      1.0,
      1.0,
      1.0,
      1.0
    ],
    "keypoints_2d_visibility": [
      1.0,
      1.0,
      1.0,
      1.0,
      1.0,
      1.0,
      1.0,
      1.0,
      1.0
    ],
    "pose_6dof": {
      "translation": [
        0.021235612896674534,
        0.007853646785550852,
        0.15715371310424595
      ],
      "rotation": [
        -0.43754733487288155,
        -0.08194217783725508,
        -0.8954539682400914,
        0.7497432879804381,
        -0.5830251131691194,
        -0.3129963570753136,
        -0.496424548017038,
        -0.808311324246681,
        0.3165366822670898
      ]
    },
    "pose_9dof": {
      "translation": [
        0.021235612896674534,
        0.007853646785550852,
        0.15715371310424595
      ],
      "rotation": [
        -0.43754733487288155,
        -0.08194217783725508,
        -0.8954539682400914,
        0.7497432879804381,
        -0.5830251131691194,
        -0.3129963570753136,
        -0.496424548017038,
        -0.808311324246681,
        0.3165366822670898
      ],
      "scale": [
        0.015597003450323737,
        0.04813028410788457,
        0.016204825619775553
      ]
    }
  },
  {
    "frame_id": 3,
    "image": "frame_000003.png",
    "keypoints_2d": [
      [
        0.43531318216372433,
        0.21785732754992798,
        0.13059707746685717
      ],
      [
        0.44268957305059337,
        0.3739755753785737,
        0.1451276135562832
      ],
      [
        0.5089726984025347,
        0.32991856306185086,
        0.15021488587842724
      ],
      [
        0.5022430775283764,
        0.06606720311649011,
        0.10933912974548576
      ],
      [
        0.4077441948800142,
        0.11773013333685156,
        0.1042518574233417
      ],
      [
        0.3878354820733471,
        0.3235329763157101,
        0.15185502518822858
      ],
      [
        0.45323891150173357,
        0.282886204681017,
        0.15694229751037264
      ],
      [
        0.42513560834770175,
        0.013357664380950762,
        0.11606654137743114
      ],
      [
        0.3322117333369353,
        0.05946673651063239,
        0.1109792690552871
      ]
    ],
    "keypoints_3d": [
      [
        -0.010223691443759952,
        -0.0445923871776823,
        0.13059707746685717
      ],
      [
        -0.010166535169424236,
        -0.02235599721236195,
        0.1451276135562832
      ],
      [
        0.0016449464964902669,
        -0.031180682918126368,
        0.15021488587842724
      ],
      [
        0.00029234423017541686,
        -0.05655522283464784,
        0.10933912974548576
      ],
      [
        -0.011519137435739082,
        -0.04773053712888342,
        0.1042518574233417
      ],
      [
        -0.020739727117695318,
        -0.032629551520716754,
        0.15185502518822858
      ],
      [
        -0.008928245451780815,
        -0.04145423722648117,
        0.15694229751037264
      ],
      [
        -0.010280847718095662,
        -0.06682877714300264,
        0.11606654137743114
      ],
      [
        -0.02209232938401017,
        -0.05800409143723821,
        0.1109792690552871
      ]
    ],
    "model_matrix": [
      -0.43754733487288155,
      -0.08194217783725508,
      -0.8954539682400914,
      0.021235612896674534,
      0.7497432879804381,
      -0.5830251131691194,
      -0.3129963570753136,
      0.007853646785550852,
      -0.496424548017038,
      -0.808311324246681,
      0.3165366822670898,
      0.15715371310424595,
      0.0,
      0.0,
      0.0,
      1.0
    ],
    "view_matrix": [
      -0.9133066347109743,
      0.3799378053419714,
      -0.14669101903265774,
      0.02924007570332139,
      -0.27693909666677996,
      -0.3152598794100545,
      0.9076981575236035,
      -0.17888361181908694,
      0.29862305291169533,
      0.8696312278812687,
      0.39314857212435006,
      0.05564109950476283,
      0.0,
      0.0,
      0.0,
      1.0
    ],
    "camera_intrinsics": {
      "fx": 417.59359805326227,
      "fy": 417.59359805326227,
      "cx": 256.0,
      "cy": 256.0,
      "image_width": 512,
      "image_height": 512,
      "model": "SIMPLE_RADIAL",
      "dist": [
        0.10685125346320655,
        0.0,
        0.0,
        0.0
      ]
    },
    "visibility": [
      1.0,
      1.0,
      1.0,
      1.0,
      1.0,
      1.0,
      1.0,
      1.0,
      1.0
    ],
    "keypoints_2d_visibility": [
      1.0,
      1.0,
      1.0,
      1.0,
      1.0,
      1.0,
      1.0,
      1.0,
      1.0
    ],
    "pose_6dof": {
      "translation": [
        0.021235612896674534,
        0.007853646785550852,
        0.15715371310424595
      ],
      "rotation": [
        -0.43754733487288155,
        -0.08194217783725508,
        -0.8954539682400914,
        0.7497432879804381,
        -0.5830251131691194,
        -0.3129963570753136,
        -0.496424548017038,
        -0.808311324246681,
        0.3165366822670898
      ]
    },
    "pose_9dof": {
      "translation": [
        0.021235612896674534,
        0.007853646785550852,
        0.15715371310424595
      ],
      "rotation": [
        -0.43754733487288155,
        -0.08194217783725508,
        -0.8954539682400914,
        0.7497432879804381,
        -0.5830251131691194,
        -0.3129963570753136,
        -0.496424548017038,
        -0.808311324246681,
        0.3165366822670898
      ],
      "scale": [
        0.015597003450323737,
        0.04813028410788457,
        0.016204825619775553
      ]
    }
  },
  {
    "frame_id": 4,
    "image": "frame_000004.png",
    "keypoints_2d": [
      [
        0.43221375287820873,
        0.21450641559725425,
        0.13082229669285228
      ],
      [
        0.4396379589307315,
        0.3707949282080949,
        0.1454021721177137
      ],
      [
        0.5058304515434734,
        0.3267993845475048,
        0.15052425597155594
      ],
      [
        0.49915627382363864,
        0.06264044613351838,
        0.10958658248974543
      ],
      [
        0.4048129440436051,
        0.11409856262949036,
        0.10446449863590315
      ],
      [
        0.3846648589233747,
        0.3203556586544134,
        0.15205801089595916
      ],
      [
        0.4500354733381578,
        0.2797541833198595,
        0.15718009474980144
      ],
      [
        0.42195043231975354,
        0.009740437951793024,
        0.11624242126799089
      ],
      [
        0.3290696206908681,
        0.05566972945686616,
        0.11112033741414865
      ]
    ],
    "keypoints_3d": [
      [
        -0.010716666927457884,
        -0.04513510902105544,
        0.13082229669285228
      ],
      [
        -0.010712891095095215,
        -0.02293096519801599,
        0.1454021721177137
      ],
      [
        0.0010696157139834794,
        -0.03177422856159587,
        0.15052425597155594
      ],
      [
        -0.00011007152694776645,
        -0.057057414203756054,
        0.10958658248974543
      ],
      [
        -0.011892578336026454,
        -0.04821415084017619,
        0.10446449863590315
      ],
      [
        -0.021323262327968006,
        -0.033212803838354815,
        0.15205801089595916
      ],
      [
        -0.009540755518889315,
        -0.042056067201934666,
        0.15718009474980144
      ],
      [
        -0.010720442759820554,
        -0.06733925284409487,
        0.11624242126799089
      ],
      [
        -0.022502949568899252,
        -0.05849598948051499,
        0.11112033741414865
      ]
    ],
    "model_matrix": [
      -0.43754733487288155,
      -0.08194217783725508,
      -0.8954539682400914,
      0.021235612896674534,
      0.7497432879804381,
      -0.5830251131691194,
      -0.3129963570753136,
      0.007853646785550852,
      -0.496424548017038,
      -0.808311324246681,
      0.3165366822670898,
      0.15715371310424595,
      0.0,
      0.0,
      0.0,
      1.0
    ],
    "view_matrix": [
      -0.9148426542763318,
      0.37573227215090654,
      -0.14794653622493256,
      0.029010056497374846,
      -0.2770312430696821,
      -0.3174195317565559,
      0.9069170475973626,
      -0.17928466140515786,
      0.2937968826926264,
      0.8706722118706715,
      0.39447850536667817,
      0.055751625945528745,
      0.0,
      0.0,
      0.0,
      1.0
    ],
    "camera_intrinsics": {
      "fx": 418.13122829487804,
      "fy": 418.13122829487804,
      "cx": 256.0,
      "cy": 256.0,
      "image_width": 512,
      "image_height": 512,
      "model": "SIMPLE_RADIAL",
      "dist": [
        0.10545477166128454,
        0.0,
        0.0,
        0.0
      ]
    },
    "visibility": [
      1.0,
      1.0,
      1.0,
      1.0,
      1.0,
      1.0,
      1.0,
      1.0,
      1.0
    ],
    "keypoints_2d_visibility": [
      1.0,
      1.0,
      1.0,
      1.0,
      1.0,
      1.0,
      1.0,
      1.0,
      1.0
    ],
    "pose_6dof": {
      "translation": [
        0.021235612896674534,
        0.007853646785550852,
        0.15715371310424595
      ],
      "rotation": [
        -0.43754733487288155,
        -0.08194217783725508,
        -0.8954539682400914,
        0.7497432879804381,
        -0.5830251131691194,
        -0.3129963570753136,
        -0.496424548017038,
        -0.808311324246681,
        0.3165366822670898
      ]
    },
    "pose_9dof": {
      "translation": [
        0.021235612896674534,
        0.007853646785550852,
        0.15715371310424595
      ],
      "rotation": [
        -0.43754733487288155,
        -0.08194217783725508,
        -0.8954539682400914,
        0.7497432879804381,
        -0.5830251131691194,
        -0.3129963570753136,
        -0.496424548017038,
        -0.808311324246681,
        0.3165366822670898
      ],
      "scale": [
        0.015597003450323737,
        0.04813028410788457,
        0.016204825619775553
      ]
    }
  },
  {
    "frame_id": 5,
    "image": "frame_000005.png",
    "keypoints_2d": [
      [
        0.42180579937769835,
        0.21196922894495124,
        0.13111384622724379
      ],
      [
        0.4297153255768115,
        0.3683687605237952,
        0.14578120206685738
      ],
      [
        0.4958493877522758,
        0.324395810299862,
        0.1509910640471751
      ],
      [
        0.48817415683949417,
        0.06038115946146694,
        0.10994300537979237
      ],
      [
        0.393805510884302,
        0.11167438182730599,
        0.10473314339947465
      ],
      [
        0.37454360892399774,
        0.3177133106432264,
        0.15228468707469522
      ],
      [
        0.4399968383288248,
        0.27711529400471446,
        0.15749454905501295
      ],
      [
        0.41076388648014706,
        0.006478227574560458,
        0.11644649038763019
      ],
      [
        0.3175618943552354,
        0.05223979120937505,
        0.1112366284073125
      ]
    ],
    "keypoints_3d": [
      [
        -0.012357475591504914,
        -0.045519145852102705,
        0.13111384622724379
      ],
      [
        -0.012480060489991084,
        -0.023373030387027927,
        0.14578120206685738
      ],
      [
        -0.0007622895850953534,
        -0.032250963693593704,
        0.1509910640471751
      ],
      [
        -0.0015432683660793652,
        -0.05737010380802522,
        0.10994300537979237
      ],
      [
        -0.013261039270975092,
        -0.048492170501459486,
        0.10473314339947465
      ],
      [
        -0.023171682816930474,
        -0.0336681878961802,
        0.15228468707469522
      ],
      [
        -0.011453911912034744,
        -0.04254612120274595,
        0.15749454905501295
      ],
      [
        -0.012234890693018752,
        -0.06766526131717747,
        0.11644649038763019
      ],
      [
        -0.023952661597914482,
        -0.058787328010611706,
        0.1112366284073125
      ]
    ],
    "model_matrix": [
      -0.43754733487288155,
      -0.08194217783725508,
      -0.8954539682400914,
      0.021235612896674534,
      0.7497432879804381,
      -0.5830251131691194,
      -0.3129963570753136,
      0.007853646785550852,
      -0.496424548017038,
      -0.808311324246681,
      0.3165366822670898,
      0.15715371310424595,
      0.0,
      0.0,
      0.0,
      1.0
    ],
    "view_matrix": [
      -0.9181952147216567,
      0.36622132502088567,
      -0.15099499581839565,
      0.027994213872873652,
      -0.27707390610277394,
      -0.3213305214220775,
      0.9055256741581471,
      -0.17941841722684712,
      0.2831035114921779,
      0.8732861141129878,
      0.396514520135437,
      0.05592975982550478,
      0.0,
      0.0,
      0.0,
      1.0
    ],
    "camera_intrinsics": {
      "fx": 418.8375280156056,
      "fy": 418.8375280156056,
      "cx": 256.0,
      "cy": 256.0,
      "image_width": 512,
      "image_height": 512,
      "model": "SIMPLE_RADIAL",
      "dist": [
        0.1096208037636627,
        0.0,
        0.0,
        0.0
      ]
    },
    "visibility": [
      1.0,
      1.0,
      1.0,
      1.0,
      1.0,
      1.0,
      1.0,
      1.0,
      1.0
    ],
    "keypoints_2d_visibility": [
      1.0,
      1.0,
      1.0,
      1.0,
      1.0,
      1.0,
      1.0,
      1.0,
      1.0
    ],
    "pose_6dof": {
      "translation": [
        0.021235612896674534,
        0.007853646785550852,
        0.15715371310424595
      ],
      "rotation": [
        -0.43754733487288155,
        -0.08194217783725508,
        -0.8954539682400914,
        0.7497432879804381,
        -0.5830251131691194,
        -0.3129963570753136,
        -0.496424548017038,
        -0.808311324246681,
        0.3165366822670898
      ]
    },
    "pose_9dof": {
      "translation": [
        0.021235612896674534,
        0.007853646785550852,
        0.15715371310424595
      ],
      "rotation": [
        -0.43754733487288155,
        -0.08194217783725508,
        -0.8954539682400914,
        0.7497432879804381,
        -0.5830251131691194,
        -0.3129963570753136,
        -0.496424548017038,
        -0.808311324246681,
        0.3165366822670898
      ],
      "scale": [
        0.015597003450323737,
        0.04813028410788457,
        0.016204825619775553
      ]
    }
  },
  {
    "frame_id": 6,
    "image": "frame_000006.png",
    "keypoints_2d": [
      [
        0.4181248066419031,
        0.21212246024570613,
        0.1305634695107513
      ],
      [
        0.4268352143207796,
        0.36861236160122346,
        0.1452153471504457
      ],
      [
        0.49272728381770614,
        0.3243657270080724,
        0.15047359688062012
      ],
      [
        0.4838330951689339,
        0.06003711033037418,
        0.10943992806773796
      ],
      [
        0.38969293023194224,
        0.11146343912765533,
        0.1041816783375635
      ],
      [
        0.3713156777366986,
        0.3182839295779841,
        0.15168701095376463
      ],
      [
        0.43657234179992854,
        0.2774364582046336,
        0.1569452606839391
      ],
      [
        0.4060427810566665,
        0.006721947421745811,
        0.1159115918710569
      ],
      [
        0.31299874137829536,
        0.052593294390390455,
        0.11065334214088243
      ]
    ],
    "keypoints_3d": [
      [
        -0.01293323908177704,
        -0.045473957314908636,
        0.1305634695107513
      ],
      [
        -0.012984529174387593,
        -0.023317318681455423,
        0.1452153471504457
      ],
      [
        -0.0013357181583387653,
        -0.03225725874372154,
        0.15047359688062012
      ],
      [
        -0.002109228877678098,
        -0.057400129566828675,
        0.10943992806773796
      ],
      [
        -0.013758039893726915,
        -0.04846018950456257,
        0.1041816783375635
      ],
      [
        -0.02375724928587598,
        -0.033547785062988555,
        0.15168701095376463
      ],
      [
        -0.012108438269827156,
        -0.04248772512525467,
        0.1569452606839391
      ],
      [
        -0.012881948989166479,
        -0.06763059594836184,
        0.1159115918710569
      ],
      [
        -0.02453076000521531,
        -0.05869065588609569,
        0.11065334214088243
      ]
    ],
    "model_matrix": [
      -0.43754733487288155,
      -0.08194217783725508,
      -0.8954539682400914,
      0.021235612896674534,
      0.7497432879804381,
      -0.5830251131691194,
      -0.3129963570753136,
      0.007853646785550852,
      -0.496424548017038,
      -0.808311324246681,
      0.3165366822670898,
      0.15715371310424595,
      0.0,
      0.0,
      0.0,
      1.0
    ],
    "view_matrix": [
      -0.9207547170511199,
      0.3612495751453279,
      -0.1473414248792043,
      0.026937677111523197,
      -0.2717192774701032,
      -0.3227741964761146,
      0.9066341336726326,
      -0.17964979792508148,
      0.2799631855784599,
      0.8748231607282241,
      0.3953543374926365,
      0.05561632544347159,
      0.0,
      0.0,
      0.0,
      1.0
    ],
    "camera_intrinsics": {
      "fx": 417.47328056032984,
      "fy": 417.47328056032984,
      "cx": 256.0,
      "cy": 256.0,
      "image_width": 512,
      "image_height": 512,
      "model": "SIMPLE_RADIAL",
      "dist": [
        0.10445991532503873,
        0.0,
        0.0,
        0.0
      ]
    },
    "visibility": [
      1.0,
      1.0,
      1.0,
      1.0,
      1.0,
      1.0,
      1.0,
      1.0,
      1.0
    ],
    "keypoints_2d_visibility": [
      1.0,
      1.0,
      1.0,
      1.0,
      1.0,
      1.0,
      1.0,
      1.0,
      1.0
    ],
    "pose_6dof": {
      "translation": [
        0.021235612896674534,
        0.007853646785550852,
        0.15715371310424595
      ],
      "rotation": [
        -0.43754733487288155,
        -0.08194217783725508,
        -0.8954539682400914,
        0.7497432879804381,
        -0.5830251131691194,
        -0.3129963570753136,
        -0.496424548017038,
        -0.808311324246681,
        0.3165366822670898
      ]
    },
    "pose_9dof": {
      "translation": [
        0.021235612896674534,
        0.007853646785550852,
        0.15715371310424595
      ],
      "rotation": [
        -0.43754733487288155,
        -0.08194217783725508,
        -0.8954539682400914,
        0.7497432879804381,
        -0.5830251131691194,
        -0.3129963570753136,
        -0.496424548017038,
        -0.808311324246681,
        0.3165366822670898
      ],
      "scale": [
        0.015597003450323737,
        0.04813028410788457,
        0.016204825619775553
      ]
    }
  },
  {
    "frame_id": 7,
    "image": "frame_000007.png",
    "keypoints_2d": [
      [
        0.4171873804175474,
        0.22829033947612476,
        0.130365983455696
      ],
      [
        0.4280477515225154,
        0.3832575962879237,
        0.1447665178725442
      ],
      [
        0.49314146779409596,
        0.33802404941576286,
        0.15009218664617646
      ],
      [
        0.4805192163725619,
        0.07725265448507457,
        0.10934777340418117
      ],
      [
        0.3875495757869495,
        0.12986349843576228,
        0.10402210463054887
      ],
      [
        0.37196594841591,
        0.33395781495535637,
        0.15138419350721083
      ],
      [
        0.4364303106816665,
        0.29220112803809134,
        0.1567098622808431
      ],
      [
        0.40236502342843217,
        0.025886853108685992,
        0.11596544903884781
      ],
      [
        0.3104942257632076,
        0.07287232032462398,
        0.11063978026521552
      ]
    ],
    "keypoints_3d": [
      [
        -0.013124948836323005,
        -0.04306318784131469,
        0.130365983455696
      ],
      [
        -0.012785770560009218,
        -0.02074489150889597,
        0.1447665178725442
      ],
      [
        -0.0012620836430517791,
        -0.029806260532554196,
        0.15009218664617646
      ],
      [
        -0.0025526494670984785,
        -0.05539437257164387,
        0.10934777340418117
      ],
      [
        -0.01407633638405591,
        -0.04633300354798564,
        0.10402210463054887
      ],
      [
        -0.023697248205547538,
        -0.030732003110985506,
        0.15138419350721083
      ],
      [
        -0.012173561288590106,
        -0.039793372134643734,
        0.1567098622808431
      ],
      [
        -0.013464127112636792,
        -0.06538148417373343,
        0.11596544903884781
      ],
      [
        -0.024987814029594237,
        -0.05632011515007518,
        0.11063978026521552
      ]
    ],
    "model_matrix": [
      -0.43754733487288155,
      -0.08194217783725508,
      -0.8954539682400914,
      0.021235612896674534,
      0.7497432879804381,
      -0.5830251131691194,
      -0.3129963570753136,
      0.007853646785550852,
      -0.496424548017038,
      -0.808311324246681,
      0.3165366822670898,
      0.15715371310424595,
      0.0,
      0.0,
      0.0,
      1.0
    ],
    "view_matrix": [
      -0.9240318134093073,
      0.3588181294650433,
      -0.13196498692727654,
      0.024418189903753513,
      -0.25410735419191277,
      -0.31851743104011687,
      0.9132229183880525,
      -0.17868191155164515,
      0.2856477907372901,
      0.8773803029991118,
      0.38549856492092527,
      0.05682691167677238,
      0.0,
      0.0,
      0.0,
      1.0
    ],
    "camera_intrinsics": {
      "fx": 415.8582269117795,
      "fy": 415.8582269117795,
      "cx": 256.0,
      "cy": 256.0,
      "image_width": 512,
      "image_height": 512,
      "model": "SIMPLE_RADIAL",
      "dist": [
        0.10663591508968621,
        0.0,
        0.0,
        0.0
      ]
    },
    "visibility": [
      1.0,
      1.0,
      1.0,
      1.0,
      1.0,
      1.0,
      1.0,
      1.0,
      1.0
    ],
    "keypoints_2d_visibility": [
      1.0,
      1.0,
      1.0,
      1.0,
      1.0,
      1.0,
      1.0,
      1.0,
      1.0
    ],
    "pose_6dof": {
      "translation": [
        0.021235612896674534,
        0.007853646785550852,
        0.15715371310424595
      ],
      "rotation": [
        -0.43754733487288155,
        -0.08194217783725508,
        -0.8954539682400914,
        0.7497432879804381,
        -0.5830251131691194,
        -0.3129963570753136,
        -0.496424548017038,
        -0.808311324246681,
        0.3165366822670898
      ]
    },
    "pose_9dof": {
      "translation": [
        0.021235612896674534,
        0.007853646785550852,
        0.15715371310424595
      ],
      "rotation": [
        -0.43754733487288155,
        -0.08194217783725508,
        -0.8954539682400914,
        0.7497432879804381,
        -0.5830251131691194,
        -0.3129963570753136,
        -0.496424548017038,
        -0.808311324246681,
        0.3165366822670898
      ],
      "scale": [
        0.015597003450323737,
        0.04813028410788457,
        0.016204825619775553
      ]
    }
  },
  {
    "frame_id": 8,
    "image": "frame_000008.png",
    "keypoints_2d": [
      [
        0.4151462495719356,
        0.23439991073971816,
        0.12993704052744237
      ],
      [
        0.4251968036149546,
        0.38915891475452136,
        0.1444113653318263
      ],
      [
        0.4909462748157136,
        0.34394524827957695,
        0.14972867716978552
      ],
      [
        0.4794296971422566,
        0.08491535849641901,
        0.1088981585780616
      ],
      [
        0.38538885811019186,
        0.13770533617278968,
        0.10358084674010239
      ],
      [
        0.36929964962982975,
        0.3387788017952495,
        0.15097592247682315
      ],
      [
        0.4344262500327491,
        0.29706514261450356,
        0.15629323431478237
      ],
      [
        0.40126482785665896,
        0.031614627759524505,
        0.11546271572305844
      ],
      [
        0.308279549456413,
        0.07869718009139054,
        0.11014540388509925
      ]
    ],
    "keypoints_3d": [
      [
        -0.013384825830424413,
        -0.04189574317410766,
        0.12993704052744237
      ],
      [
        -0.013243019605536477,
        -0.019623100829127854,
        0.1444113653318263
      ],
      [
        -0.0016600513886087971,
        -0.02861351565453793,
        0.14972867716978552
      ],
      [
        -0.0026798527410302232,
        -0.0540762925069979,
        0.1088981585780616
      ],
      [
        -0.014262820957957896,
        -0.045085877681587866,
        0.10358084674010239
      ],
      [
        -0.024089798919818606,
        -0.029715193841217402,
        0.15097592247682315
      ],
      [
        -0.012506830702890936,
        -0.03870560866662745,
        0.15629323431478237
      ],
      [
        -0.013526632055312356,
        -0.06416838551908745,
        0.11546271572305844
      ],
      [
        -0.02510960027224004,
        -0.05517797069367737,
        0.11014540388509925
      ]
    ],
    "model_matrix": [
      -0.43754733487288155,
      -0.08194217783725508,
      -0.8954539682400914,
      0.021235612896674534,
      0.7497432879804381,
      -0.5830251131691194,
      -0.3129963570753136,
      0.007853646785550852,
      -0.496424548017038,
      -0.808311324246681,
      0.3165366822670898,
      0.15715371310424595,
      0.0,
      0.0,
      0.0,
      1.0
    ],
    "view_matrix": [
      -0.9225806965920993,
      0.35963751334853894,
      -0.1396628700410998,
      0.025330813317431075,
      -0.2621123500741303,
      -0.31865264583497055,
      0.9109103178913882,
      -0.17697998020642738,
      0.28309357854648387,
      0.8769956386977378,
      0.38824821376394403,
      0.056023112501999504,
      0.0,
      0.0,
      0.0,
      1.0
    ],
    "camera_intrinsics": {
      "fx": 416.3817240635431,
      "fy": 416.3817240635431,
      "cx": 256.0,
      "cy": 256.0,
      "image_width": 512,
      "image_height": 512,
      "model": "SIMPLE_RADIAL",
      "dist": [
        0.1126535477054506,
        0.0,
        0.0,
        0.0
      ]
    },
    "visibility": [
      1.0,
      1.0,
      1.0,
      1.0,
      1.0,
      1.0,
      1.0,
      1.0,
      1.0
    ],
    "keypoints_2d_visibility": [
      1.0,
      1.0,
      1.0,
      1.0,
      1.0,
      1.0,
      1.0,
      1.0,
      1.0
    ],
    "pose_6dof": {
      "translation": [
        0.021235612896674534,
        0.007853646785550852,
        0.15715371310424595
      ],
      "rotation": [
        -0.43754733487288155,
        -0.08194217783725508,
        -0.8954539682400914,
        0.7497432879804381,
        -0.5830251131691194,
        -0.3129963570753136,
        -0.496424548017038,
        -0.808311324246681,
        0.3165366822670898
      ]
    },
    "pose_9dof": {
      "translation": [
        0.021235612896674534,
        0.007853646785550852,
        0.15715371310424595
      ],
      "rotation": [
        -0.43754733487288155,
        -0.08194217783725508,
        -0.8954539682400914,
        0.7497432879804381,
        -0.5830251131691194,
        -0.3129963570753136,
        -0.496424548017038,
        -0.808311324246681,
        0.3165366822670898
      ],
      "scale": [
        0.015597003450323737,
        0.04813028410788457,
        0.016204825619775553
      ]
    }
  },
  {
    "frame_id": 9,
    "image": "frame_000009.png",
    "keypoints_2d": [
      [
        0.41106209191614707,
        0.23780875796249812,
        0.1286089434117647
      ],
      [
        0.42169187115864715,
        0.39304588072747926,
        0.1431434479695574
      ],
      [
        0.48776095847980544,
        0.3472909884903111,
        0.1484676770651767
      ],
      [
        0.47529306042220826,
        0.08777666201121359,
        0.10756622915545905
      ],
      [
        0.3803467979995676,
        0.14140357027611394,
        0.10224200005983977
      ],
      [
        0.36538336993920983,
        0.3421938131087528,
        0.14965165766807034
      ],
      [
        0.4308651487226797,
        0.2999914670949998,
        0.15497588676368962
      ],
      [
        0.3963088667433384,
        0.033604181234022035,
        0.11407443885397198
      ],
      [
        0.30234381403366317,
        0.08139148983001815,
        0.1087502097583527
      ]
    ],
    "keypoints_3d": [
      [
