[
  {
    "frame_id": 0,
    "image": "frame_000000.png",
    "keypoints_2d": [
      [
        0.48740135761753134,
        0.2706878108952374,
        0.06792784814496279
      ],
      [
        0.45551637374708515,
        0.4448424345902131,
        0.08246224094150316
      ],
      [
        0.5758155423572301,
        0.4175338585129565,
        0.08256863382987373
      ],
      [
        0.5779585396504746,
        0.13210355878367286,
        0.04927081495204058
      ],
      [
        0.3784977178769937,
        0.17607668686320888,
        0.04916442206367001
      ],
      [
        0.43531822133118003,
        0.3510088439327502,
        0.08658488133788499
      ],
      [
        0.5497098423886662,
        0.32522158386725625,
        0.08669127422625557
      ],
      [
        0.5356507404675388,
        0.010709293124829433,
        0.05339345534842241
      ],
      [
        0.3533927287600803,
        0.05044927974140778,
        0.05328706246005184
      ]
    ],
    "keypoints_3d": [
      [
        -0.0010001955756710444,
        -0.018204900974821112,
        0.06792784814496279
      ],
      [
        -0.004267716260517848,
        -0.00529176370315583,
        0.08246224094150316
      ],
      [
        0.007288225973550812,
        -0.007927554900186911,
        0.08256863382987373
      ],
      [
        0.004528536830415986,
        -0.02137075157252467,
        0.04927081495204058
      ],
      [
        -0.007027405403652678,
        -0.018734960375493586,
        0.04916442206367001
      ],
      [
        -0.006528927981758071,
        -0.015039050377117561,
        0.08658488133788499
      ],
      [
        0.005027014252310592,
        -0.017674841574148645,
        0.08669127422625557
      ],
      [
        0.0022673251091757628,
        -0.031118038246486398,
        0.05339345534842241
      ],
      [
        -0.009288617124892897,
        -0.02848224704945532,
        0.05328706246005184
      ]
    ],
    "model_matrix": [
      0.8111575935451167,
      -0.13254637367247013,
      0.5696093549621295,
      0.004581046511905063,
      -0.44254066037005213,
      -0.775861016117177,
      0.44966370499392083,
      -0.006530927556171015,
      0.3823363994616958,
      -0.6168234289453505,
      -0.6880027144937491,
      0.07022322847783201,
      0.0,
      0.0,
      0.0,
      1.0
    ],
    "view_matrix": [
      0.9199871036998606,
      -0.2780369551113233,
      0.27625926340733997,
      -0.026430355873214566,
      0.38213402610989433,
      0.7930134942349086,
      -0.47445040209739864,
      0.018541077947587036,
      -0.087162578638913,
      0.5420563158508206,
      0.8358095688201056,
      0.013174028186779364,
      0.0,
      0.0,
      0.0,
      1.0
    ],
    "camera_intrinsics": {
      "fx": 440.28587812719445,
      "fy": 440.28587812719445,
      "cx": 256.0,
      "cy": 256.0,
      "image_width": 512,
      "image_height": 512,
      "model": "SIMPLE_RADIAL",
      "dist": [
        -0.06944144379277062,
        0.0,
        0.0,
        0.0
      ]
    },
    "visibility": [
      1.0,
      1.0,
      1.0,
      1.0,
      1.0,
      1.0,
      1.0,
      1.0,
      1.0
    ],
    "keypoints_2d_visibility": [
      1.0,
      1.0,
      1.0,
      1.0,
      1.0,
      1.0,
      1.0,
      1.0,
      1.0
    ],
    "pose_6dof": {
      "translation": [
        0.004581046511905063,
        -0.006530927556171015,
        0.07022322847783201
      ],
      "rotation": [
        0.8111575935451167,
        -0.13254637367247013,
        0.5696093549621295,
        -0.44254066037005213,
        -0.775861016117177,
        0.44966370499392083,
        0.3823363994616958,
        -0.6168234289453505,
        -0.6880027144937491
      ]
    },
    "pose_9dof": {
      "translation": [
        0.004581046511905063,
        -0.006530927556171015,
        0.07022322847783201
      ],
      "rotation": [
        0.8111575935451167,
        -0.13254637367247013,
        0.5696093549621295,
        -0.44254066037005213,
        -0.775861016117177,
        0.44966370499392083,
        0.3823363994616958,
        -0.6168234289453505,
        -0.6880027144937491
      ],
      "scale": [
        0.011853206975252484,
        0.03601499913867652,
        0.010822145803422972
      ]
    }
  },
  {
    "frame_id": 1,
    "image": "frame_000001.png",
    "keypoints_2d": [
      [
        0.4867799443459671,
        0.2721481180870545,
        0.06737660057712236
      ],
      [
        0.45503510218779,
        0.44603046524475776,
        0.08191872152887236
      ],
      [
        0.575088139522205,
        0.4186565624436889,
        0.08203635006504689
      ],
      [
        0.5776773827196149,
        0.13311405344121008,
        0.04872325374415478
      ],
      [
        0.3776070722809634,
        0.17737440043523472,
        0.04860562520798023
      ],
      [
        0.43476431873106036,
        0.35231037102860957,
        0.08602994741008996
      ],
      [
        0.5489110942220128,
        0.3264738373323392,
        0.08614757594626452
      ],
      [
        0.5350373357880863,
        0.01133576601493147,
        0.05283447962537238
      ],
      [
        0.3522970909730232,
        0.05129818272347275,
        0.05271685108919784
      ]
    ],
    "keypoints_3d": [
      [
        -0.0010495999376779648,
        -0.018090190186353848,
        0.06737660057712236
      ],
      [
        -0.004321442864619499,
        -0.005186851793790692,
        0.08191872152887236
      ],
      [
        0.007231748895739954,
        -0.007834197497323604,
        0.08203635006504689
      ],
      [
        0.004497965420315973,
        -0.021244797945600843,
        0.04872325374415478
      ],
      [
        -0.007055226340043477,
        -0.01859745224206793,
        0.04860562520798023
      ],
      [
        -0.006597165295671899,
        -0.014935582427106853,
        0.08602994741008996
      ],
      [
        0.004956026464687551,
        -0.017582928130639768,
        0.08614757594626452
      ],
      [
        0.0022222429892635696,
        -0.030993528578917004,
        0.05283447962537238
      ],
      [
        -0.009330948771095877,
        -0.028346182875384096,
        0.05271685108919784
      ]
    ],
    "model_matrix": [
      0.8111575935451167,
      -0.13254637367247013,
      0.5696093549621295,
      0.004581046511905063,
      -0.44254066037005213,
      -0.775861016117177,
      0.44966370499392083,
      -0.006530927556171015,
      0.3823363994616958,
      -0.6168234289453505,
      -0.6880027144937491,
      0.07022322847783201,
      0.0,
      0.0,
      0.0,
      1.0
    ],
    "view_matrix": [
      0.9204672900440354,
      -0.2778894196807156,
      0.27480436384545437,
      -0.026378828703642675,
      0.3812993463379087,
      0.7928026685634949,
      -0.4754731719044563,
      0.01873005775356657,
      -0.08573666917529127,
      0.5424402263366133,
      0.8357079779507973,
      0.01262588979176179,
      0.0,
      0.0,
      0.0,
      1.0
    ],
    "camera_intrinsics": {
      "fx": 436.61168760698297,
      "fy": 436.61168760698297,
      "cx": 256.0,
      "cy": 256.0,
      "image_width": 512,
      "image_height": 512,
      "model": "SIMPLE_RADIAL",
      "dist": [
        -0.06690540682114328,
        0.0,
        0.0,
        0.0
      ]
    },
    "visibility": [
      1.0,
      1.0,
      1.0,
      1.0,
      1.0,
      1.0,
      1.0,
      1.0,
      1.0
    ],
    "keypoints_2d_visibility": [
      1.0,
      1.0,
      1.0,
      1.0,
      1.0,
      1.0,
      1.0,
      1.0,
      1.0
    ],
    "pose_6dof": {
      "translation": [
        0.004581046511905063,
        -0.006530927556171015,
        0.07022322847783201
      ],
      "rotation": [
        0.8111575935451167,
        -0.13254637367247013,
        0.5696093549621295,
        -0.44254066037005213,
        -0.775861016117177,
        0.44966370499392083,
        0.3823363994616958,
        -0.6168234289453505,
        -0.6880027144937491
      ]
    },
    "pose_9dof": {
      "translation": [
        0.004581046511905063,
        -0.006530927556171015,
        0.07022322847783201
      ],
      "rotation": [
        0.8111575935451167,
        -0.13254637367247013,
        0.5696093549621295,
        -0.44254066037005213,
        -0.775861016117177,
        0.44966370499392083,
        0.3823363994616958,
        -0.6168234289453505,
        -0.6880027144937491
      ],
      "scale": [
        0.011853206975252484,
        0.03601499913867652,
        0.010822145803422972
      ]
    }
  },
  {
    "frame_id": 2,
    "image": "frame_000002.png",
    "keypoints_2d": [
      [
        0.48617498364348405,
        0.27277863326993534,
        0.06782176008492166
      ],
      [
        0.4545909679354478,
        0.44663349323923746,
        0.08233822919089519
      ],
      [
        0.5746499651889432,
        0.4192246304519114,
        0.08245843720033744
      ],
      [
        0.576459791830621,
        0.1342017460726896,
        0.0491735488501317
      ],
      [
        0.377111590890897,
        0.1783803966126627,
        0.04905334084068945
      ],
      [
        0.4343189420623351,
        0.35295326410233907,
        0.08646997131971162
      ],
      [
        0.5484791913660614,
        0.32708124034020875,
        0.08659017932915387
      ],
      [
        0.534049092008754,
        0.012682384671947877,
        0.05330529097894814
      ],
      [
        0.35184569376264674,
        0.052604359420924285,
        0.0531850829695059
      ]
    ],
    "keypoints_3d": [
      [
        -0.0010989845557948345,
        -0.01806238534142793,
        0.06782176008492166
      ],
      [
        -0.004363699347961842,
        -0.005128393629353113,
        0.08233822919089519
      ],
      [
        0.0071887938225728455,
        -0.007778670440818175,
        0.08245843720033744
      ],
      [
        0.00444311530052658,
        -0.021256712580787315,
        0.0491735488501317
      ],
      [
        -0.007109377870008107,
        -0.018606435769322246,
        0.04905334084068945
      ],
      [
        -0.006641084412116253,
        -0.014868058102068548,
        0.08646997131971162
      ],
      [
        0.004911408758418435,
        -0.01751833491353361,
        0.08659017932915387
      ],
      [
        0.002165730236372173,
        -0.030996377053502746,
        0.05330529097894814
      ],
      [
        -0.009386762934162518,
        -0.028346100242037684,
        0.0531850829695059
      ]
    ],
    "model_matrix": [
      0.8111575935451167,
      -0.13254637367247013,
      0.5696093549621295,
      0.004581046511905063,
      -0.44254066037005213,
      -0.775861016117177,
      0.44966370499392083,
      -0.006530927556171015,
      0.3823363994616958,
      -0.6168234289453505,
      -0.6880027144937491,
      0.07022322847783201,
      0.0,
      0.0,
      0.0,
      1.0
    ],
    "view_matrix": [
      0.9205507709903191,
      -0.2775380031597407,
      0.27487985526631964,
      -0.02643160192731234,
      0.3808697810406541,
      0.7939882772566346,
      -0.4738362855133467,
      0.018652626134548832,
      -0.08674380622945511,
      0.5408837882402702,
      0.8366123592797811,
      0.013001989480100881,
      0.0,
      0.0,
      0.0,
      1.0
    ],
    "camera_intrinsics": {
      "fx": 438.8841025922368,
      "fy": 438.8841025922368,
      "cx": 256.0,
      "cy": 256.0,
      "image_width": 512,
      "image_height": 512,
      "model": "SIMPLE_RADIAL",
      "dist": [
        -0.06572376610554388,
        0.0,
        0.0,
        0.0
      ]
    },
    "visibility": [
      1.0,
      1.0,
      1.0,
      1.0,
      1.0,
      1.0,
      1.0,
      1.0,
      1.0
    ],
    "keypoints_2d_visibility": [
      1.0,
      1.0,
      1.0,
      1.0,
      1.0,
      1.0,
      1.0,
      1.0,
      1.0
    ],
    "pose_6dof": {
      "translation": [
        0.004581046511905063,
        -0.006530927556171015,
        0.07022322847783201
      ],
      "rotation": [
        0.8111575935451167,
        -0.13254637367247013,
        0.5696093549621295,
        -0.44254066037005213,
        -0.775861016117177,
        0.44966370499392083,
        0.3823363994616958,
        -0.6168234289453505,
        -0.6880027144937491
      ]
    },
    "pose_9dof": {
      "translation": [
        0.004581046511905063,
        -0.006530927556171015,
        0.07022322847783201
      ],
      "rotation": [
        0.8111575935451167,
        -0.13254637367247013,
        0.5696093549621295,
        -0.44254066037005213,
        -0.775861016117177,
        0.44966370499392083,
        0.3823363994616958,
        -0.6168234289453505,
        -0.6880027144937491
      ],
      "scale": [
        0.011853206975252484,
        0.03601499913867652,
        0.010822145803422972
      ]
    }
  },
  {
    "frame_id": 3,
    "image": "frame_000003.png",
    "keypoints_2d": [
      [
        0.4784494653258365,
        0.2727495212603019,
        0.06759839247156264
      ],
      [
        0.44792563294513904,
        0.4468436451932378,
        0.08211584457810783
      ],
      [
        0.5681121647547979,
        0.4192570697618011,
        0.08226552274258028
      ],
      [
        0.566965632122663,
        0.13376304399771233,
        0.048962915505283686
      ],
      [
        0.3669771493172649,
        0.17826076801273627,
        0.04881323734081124
      ],
      [
        0.427715822245544,
        0.3530151712780716,
        0.08623386943784159
      ],
      [
        0.5420028778461694,
        0.32699435893034756,
        0.08638354760231404
      ],
      [
        0.524881212221209,
        0.011892283200638898,
        0.05308094036501745
      ],
      [
        0.3421251982092383,
        0.052063322298677994,
        0.05293126220054501
      ]
    ],
    "keypoints_3d": [
      [
        -0.0017096381107412628,
        -0.018028141065259514,
        0.06759839247156264
      ],
      [
        -0.0049972144333057245,
        -0.005101045264408584,
        0.08211584457810783
      ],
      [
        0.006551469865651843,
        -0.007766378828573752,
        0.08226552274258028
      ],
      [
        0.0038791846223044865,
        -0.021215371569125726,
        0.048962915505283686
      ],
      [
        -0.007669499676653077,
        -0.01855003800496056,
        0.04881323734081124
      ],
      [
        -0.007298460843787012,
        -0.014840910561393302,
        0.08623386943784159
      ],
      [
        0.004250223455170548,
        -0.017506244125558467,
        0.08638354760231404
      ],
      [
        0.0015779382118231954,
        -0.03095523686611044,
        0.05308094036501745
      ],
      [
        -0.009970746087134365,
        -0.028289903301945283,
        0.05293126220054501
      ]
    ],
    "model_matrix": [
      0.8111575935451167,
      -0.13254637367247013,
      0.5696093549621295,
      0.004581046511905063,
      -0.44254066037005213,
      -0.775861016117177,
      0.44966370499392083,
      -0.006530927556171015,
      0.3823363994616958,
      -0.6168234289453505,
      -0.6880027144937491,
      0.07022322847783201,
      0.0,
      0.0,
      0.0,
      1.0
    ],
    "view_matrix": [
      0.921275916621794,
      -0.2779854426003136,
      0.27198304938907686,
      -0.026845076541723068,
      0.3797430526041016,
      0.7939329638724735,
      -0.4748322470889992,
      0.01876161039566872,
      -0.08393985615660628,
      0.5407351871100841,
      0.836994359580416,
      0.01273798104343498,
      0.0,
      0.0,
      0.0,
      1.0
    ],
    "camera_intrinsics": {
      "fx": 438.3371756054566,
      "fy": 438.3371756054566,
      "cx": 256.0,
      "cy": 256.0,
      "image_width": 512,
      "image_height": 512,
      "model": "SIMPLE_RADIAL",
      "dist": [
        -0.06555855414050289,
        0.0,
        0.0,
        0.0
      ]
    },
    "visibility": [
      1.0,
      1.0,
      1.0,
      1.0,
      1.0,
      1.0,
      1.0,
      1.0,
      1.0
    ],
    "keypoints_2d_visibility": [
      1.0,
      1.0,
      1.0,
      1.0,
      1.0,
      1.0,
      1.0,
      1.0,
      1.0
    ],
    "pose_6dof": {
      "translation": [
        0.004581046511905063,
        -0.006530927556171015,
        0.07022322847783201
      ],
      "rotation": [
        0.8111575935451167,
        -0.13254637367247013,
        0.5696093549621295,
        -0.44254066037005213,
        -0.775861016117177,
        0.44966370499392083,
        0.3823363994616958,
        -0.6168234289453505,
        -0.6880027144937491
      ]
    },
    "pose_9dof": {
      "translation": [
        0.004581046511905063,
        -0.006530927556171015,
        0.07022322847783201
      ],
      "rotation": [
        0.8111575935451167,
        -0.13254637367247013,
        0.5696093549621295,
        -0.44254066037005213,
        -0.775861016117177,
        0.44966370499392083,
        0.3823363994616958,
        -0.6168234289453505,
        -0.6880027144937491
      ],
      "scale": [
        0.011853206975252484,
        0.03601499913867652,
        0.010822145803422972
      ]
    }
  },
  {
    "frame_id": 4,
    "image": "frame_000004.png",
    "keypoints_2d": [
      [
        0.47762065042763774,
        0.27423886064614905,
        0.06753481633168011
      ],
      [
        0.4475293231566659,
        0.44824773715806043,
        0.08204192494599746
      ],
      [
        0.5676052746864246,
        0.4204039970058929,
        0.08219585304986995
      ],
      [
        0.5657862430008463,
        0.13515737227617086,
        0.04890282518951889
      ],
      [
        0.3658242833068612,
        0.18011711482133574,
        0.048748897085646406
      ],
      [
        0.42712870216737986,
        0.35447716514153715,
        0.08616680747384134
      ],
      [
        0.5413055308299506,
        0.32821586132792757,
        0.08632073557771383
      ],
      [
        0.5234369147990501,
        0.013212922519681203,
        0.05302770771736277
      ],
      [
        0.34069202442695856,
        0.05380422627457809,
        0.05287377961349028
      ]
    ],
    "keypoints_3d": [
      [
        -0.00177574312806196,
        -0.017913558680281282,
        0.06753481633168011
      ],
      [
        -0.0050372212088520794,
        -0.004968252968641153,
        0.08204192494599746
      ],
      [
        0.006505447603916213,
        -0.007659278500990983,
        0.08219585304986995
      ],
      [
        0.003809541461158014,
        -0.021127260863549904,
        0.04890282518951889
      ],
      [
        -0.007733127351610275,
        -0.018436235331200073,
        0.048748897085646406
      ],
      [
        -0.007361027717281931,
        -0.014699856497012661,
        0.08616680747384134
      ],
      [
        0.004181641095486358,
        -0.01739088202936249,
        0.08632073557771383
      ],
      [
        0.0014857349527281627,
        -0.030858864391921415,
        0.05302770771736277
      ],
      [
        -0.010056933860040126,
        -0.02816783885957159,
        0.05287377961349028
      ]
    ],
    "model_matrix": [
      0.8111575935451167,
      -0.13254637367247013,
      0.5696093549621295,
      0.004581046511905063,
      -0.44254066037005213,
      -0.775861016117177,
      0.44966370499392083,
      -0.006530927556171015,
      0.3823363994616958,
      -0.6168234289453505,
      -0.6880027144937491,
      0.07022322847783201,
      0.0,
      0.0,
      0.0,
      1.0
    ],
    "view_matrix": [
      0.9221386084698153,
      -0.2763146159569763,
      0.270759339225633,
      -0.02681828866436027,
      0.3776198992179766,
      0.7949579849602921,
      -0.4748105031088478,
      0.018891086451042604,
      -0.0840452169011294,
      0.5400852110143552,
      0.8374033474733795,
      0.01264192216897695,
      0.0,
      0.0,
      0.0,
      1.0
    ],
    "camera_intrinsics": {
      "fx": 437.76143114823503,
      "fy": 437.76143114823503,
      "cx": 256.0,
      "cy": 256.0,
      "image_width": 512,
      "image_height": 512,
      "model": "SIMPLE_RADIAL",
      "dist": [
        -0.06378087371828847,
        0.0,
        0.0,
        0.0
      ]
    },
    "visibility": [
      1.0,
      1.0,
      1.0,
      1.0,
      1.0,
      1.0,
      1.0,
      1.0,
      1.0
    ],
    "keypoints_2d_visibility": [
      1.0,
      1.0,
      1.0,
      1.0,
      1.0,
      1.0,
      1.0,
      1.0,
      1.0
    ],
    "pose_6dof": {
      "translation": [
        0.004581046511905063,
        -0.006530927556171015,
        0.07022322847783201
      ],
      "rotation": [
        0.8111575935451167,
        -0.13254637367247013,
        0.5696093549621295,
        -0.44254066037005213,
        -0.775861016117177,
        0.44966370499392083,
        0.3823363994616958,
        -0.6168234289453505,
        -0.6880027144937491
      ]
    },
    "pose_9dof": {
      "translation": [
        0.004581046511905063,
        -0.006530927556171015,
        0.07022322847783201
      ],
      "rotation": [
        0.8111575935451167,
        -0.13254637367247013,
        0.5696093549621295,
        -0.44254066037005213,
        -0.775861016117177,
        0.44966370499392083,
        0.3823363994616958,
        -0.6168234289453505,
        -0.6880027144937491
      ],
      "scale": [
        0.011853206975252484,
        0.03601499913867652,
        0.010822145803422972
      ]
    }
  },
  {
    "frame_id": 5,
    "image": "frame_000005.png",
    "keypoints_2d": [
      [
        0.47510778428066114,
        0.2775031893617722,
        0.06774484998287515
      ],
      [
        0.44528408141219045,
        0.4514256945144702,
        0.08219830263326372
      ],
      [
        0.5654035103229,
        0.4234830546435527,
        0.08238026094547427
      ],
      [
        0.5626596214806211,
        0.1389136389214637,
        0.049133732108351
      ],
      [
        0.36305538464181564,
        0.18382122777881726,
        0.04895177379614046
      ],
      [
        0.42485453937355105,
        0.35764103406211967,
        0.0863559678573993
      ],
      [
        0.5390500206403801,
        0.3313171072229232,
        0.08653792616960984
      ],
      [
        0.5204181576005112,
        0.017325747068762387,
        0.053291397332486584
      ],
      [
        0.33803339174267155,
        0.05781407062703703,
        0.05310943902027605
      ]
    ],
    "keypoints_3d": [
      [
        -0.0019759901706581963,
        -0.01766220877165107,
        0.06774484998287515
      ],
      [
        -0.00524915278899149,
        -0.004659959253055495,
        0.08219830263326372
      ],
      [
        0.006291006919070523,
        -0.007359981601706294,
        0.08238026094547427
      ],
      [
        0.00363552416573492,
        -0.020950305166211294,
        0.049133732108351
      ],
      [
        -0.00790463554232709,
        -0.0182502828175605,
        0.04895177379614046
      ],
      [
        -0.007587504507051316,
        -0.014374112377090843,
        0.0863559678573993
      ],
      [
        0.0039526552010106936,
        -0.01707413472574164,
        0.08653792616960984
      ],
      [
        0.0012971724476750941,
        -0.030664458290246648,
        0.053291397332486584
      ],
      [
        -0.010242987260386915,
        -0.02796443594159585,
        0.05310943902027605
      ]
    ],
    "model_matrix": [
      0.8111575935451167,
      -0.13254637367247013,
      0.5696093549621295,
      0.004581046511905063,
      -0.44254066037005213,
      -0.775861016117177,
      0.44966370499392083,
      -0.006530927556171015,
      0.3823363994616958,
      -0.6168234289453505,
      -0.6880027144937491,
      0.07022322847783201,
      0.0,
      0.0,
      0.0,
      1.0
    ],
    "view_matrix": [
      0.9225836986942005,
      -0.2764874097866855,
      0.26906138915343825,
      -0.026902467654096714,
      0.3765359893131053,
      0.797204374140827,
      -0.47189599977403207,
      0.018957406972782618,
      -0.08402361367930776,
      0.5366748532213724,
      0.8395952204866871,
      0.01267566365571353,
      0.0,
      0.0,
      0.0,
      1.0
    ],
    "camera_intrinsics": {
      "fx": 438.896503302776,
      "fy": 438.896503302776,
      "cx": 256.0,
      "cy": 256.0,
      "image_width": 512,
      "image_height": 512,
      "model": "SIMPLE_RADIAL",
      "dist": [
        -0.06466356637156785,
        0.0,
        0.0,
        0.0
      ]
    },
    "visibility": [
      1.0,
      1.0,
      1.0,
      1.0,
      1.0,
      1.0,
      1.0,
      1.0,
      1.0
    ],
    "keypoints_2d_visibility": [
      1.0,
      1.0,
      1.0,
      1.0,
      1.0,
      1.0,
      1.0,
      1.0,
      1.0
    ],
    "pose_6dof": {
      "translation": [
        0.004581046511905063,
        -0.006530927556171015,
        0.07022322847783201
      ],
      "rotation": [
        0.8111575935451167,
        -0.13254637367247013,
        0.5696093549621295,
        -0.44254066037005213,
        -0.775861016117177,
        0.44966370499392083,
        0.3823363994616958,
        -0.6168234289453505,
        -0.6880027144937491
      ]
    },
    "pose_9dof": {
      "translation": [
        0.004581046511905063,
        -0.006530927556171015,
        0.07022322847783201
      ],
      "rotation": [
        0.8111575935451167,
        -0.13254637367247013,
        0.5696093549621295,
        -0.44254066037005213,
        -0.775861016117177,
        0.44966370499392083,
        0.3823363994616958,
        -0.6168234289453505,
        -0.6880027144937491
      ],
      "scale": [
        0.011853206975252484,
        0.03601499913867652,
        0.010822145803422972
      ]
    }
  },
  {
    "frame_id": 6,
    "image": "frame_000006.png",
    "keypoints_2d": [
      [
        0.4726639705350066,
        0.2783226426069056,
        0.0675074366800658
      ],
      [
        0.44281226155790937,
        0.4521361162971961,
        0.08196670112170899
      ],
      [
        0.5630527444573302,
        0.4243371724967637,
        0.08216622081108434
      ],
      [
        0.5601331428706561,
        0.14001966469021698,
        0.04890314688261512
      ],
      [
        0.359954922209842,
        0.18469037747929318,
        0.04870362719323978
      ],
      [
        0.4225463531823117,
        0.35818347015797136,
        0.08611172647751648
      ],
      [
        0.5368541029844687,
        0.33201356348939426,
        0.08631124616689183
      ],
      [
        0.5181009608812966,
        0.01813860937773515,
        0.053048172238422606
      ],
      [
        0.33528829332415755,
        0.05835519701320879,
        0.05284865254904727
      ]
    ],
    "keypoints_3d": [
      [
        -0.002167059095492172,
        -0.017573434877166855,
        0.0675074366800658
      ],
      [
        -0.00548204232373091,
        -0.00458825341559204,
        0.08196670112170899
      ],
      [
        0.006061277127308105,
        -0.007273487770911916,
        0.08216622081108434
      ],
      [
        0.0034808569662337224,
        -0.020837760975930434,
        0.04890314688261512
      ],
      [
        -0.008062462484805289,
        -0.01815252662061056,
        0.04870362719323978
      ],
      [
        -0.007814975157218063,
        -0.014309108778403284,
        0.08611172647751648
      ],
      [
        0.0037283442938209482,
        -0.016994343133723156,
        0.08631124616689183
      ],
      [
        0.0011479241327465653,
        -0.030558616338741674,
        0.053048172238422606
      ],
      [
        -0.010395395318292443,
        -0.0278733819834218,
        0.05284865254904727
      ]
    ],
    "model_matrix": [
      0.8111575935451167,
      -0.13254637367247013,
      0.5696093549621295,
      0.004581046511905063,
      -0.44254066037005213,
      -0.775861016117177,
      0.44966370499392083,
      -0.006530927556171015,
      0.3823363994616958,
      -0.6168234289453505,
      -0.6880027144937491,
      0.07022322847783201,
      0.0,
      0.0,
      0.0,
      1.0
    ],
    "view_matrix": [
      0.9222384618040395,
      -0.278447587887829,
      0.26822222198909823,
      -0.02704582778634245,
      0.3778048749755376,
      0.7963695475765338,
      -0.4722912450357994,
      0.01906267124953744,
      -0.0820956516146729,
      0.5369008143895825,
      0.8396414827137625,
      0.01242764532209118,
      0.0,
      0.0,
      0.0,
      1.0
    ],
    "camera_intrinsics": {
      "fx": 438.014946301607,
      "fy": 438.014946301607,
      "cx": 256.0,
      "cy": 256.0,
      "image_width": 512,
      "image_height": 512,
      "model": "SIMPLE_RADIAL",
      "dist": [
        -0.06687443737171886,
        0.0,
        0.0,
        0.0
      ]
    },
    "visibility": [
      1.0,
      1.0,
      1.0,
      1.0,
      1.0,
      1.0,
      1.0,
      1.0,
      1.0
    ],
    "keypoints_2d_visibility": [
      1.0,
      1.0,
      1.0,
      1.0,
      1.0,
      1.0,
      1.0,
      1.0,
      1.0
    ],
    "pose_6dof": {
      "translation": [
        0.004581046511905063,
        -0.006530927556171015,
        0.07022322847783201
      ],
      "rotation": [
        0.8111575935451167,
        -0.13254637367247013,
        0.5696093549621295,
        -0.44254066037005213,
        -0.775861016117177,
        0.44966370499392083,
        0.3823363994616958,
        -0.6168234289453505,
        -0.6880027144937491
      ]
    },
    "pose_9dof": {
      "translation": [
        0.004581046511905063,
        -0.006530927556171015,
        0.07022322847783201
      ],
      "rotation": [
        0.8111575935451167,
        -0.13254637367247013,
        0.5696093549621295,
        -0.44254066037005213,
        -0.775861016117177,
        0.44966370499392083,
        0.3823363994616958,
        -0.6168234289453505,
        -0.6880027144937491
      ],
      "scale": [
        0.011853206975252484,
        0.03601499913867652,
        0.010822145803422972
      ]
    }
  },
  {
    "frame_id": 7,
    "image": "frame_000007.png",
    "keypoints_2d": [
      [
        0.471309992694912,
        0.27793193305341224,
        0.06703813599610241
      ],
      [
        0.44042583514695854,
        0.45187409325819444,
        0.08148880510836184
      ],
      [
        0.5605740090665638,
        0.4240253379211119,
        0.08179361342794517
      ],
      [
        0.5615868680497209,
        0.13907586181485304,
        0.04848267995584821
      ],
      [
        0.3604326948611523,
        0.18347644690554793,
        0.048177871636264885
      ],
      [
        0.41975255436866005,
        0.3578176365014877,
        0.08559359203635661
      ],
      [
        0.5340391787724348,
        0.3316997042225524,
        0.08589840035593993
      ],
      [
        0.5185064083021803,
        0.01623689845288273,
        0.052587466883842963
      ],
      [
        0.3346136462787126,
        0.05599968789193349,
        0.05228265856425965
      ]
    ],
    "keypoints_3d": [
      [
        -0.0022705590327192215,
        -0.017574713380942696,
        0.06703813599610241
      ],
      [
        -0.0057093238958266165,
        -0.004612173583081077,
        0.08148880510836184
      ],
      [
        0.005828633100582584,
        -0.0073105352777949086,
        0.08179361342794517
      ],
      [
        0.00355119802410956,
        -0.020811467232621266,
        0.04848267995584821
      ],
      [
        -0.00798675897229964,
        -0.018113105537907435,
        0.048177871636264885
      ],
      [
        -0.008092316089548,
        -0.014337959529264126,
        0.08559359203635661
      ],
      [
        0.003445640906861197,
        -0.017036321223977958,
        0.08589840035593993
      ],
      [
        0.001168205830388177,
        -0.030537253178804315,
        0.052587466883842963
      ],
      [
        -0.010369751166021023,
        -0.02783889148409049,
        0.05228265856425965
      ]
    ],
    "model_matrix": [
      0.8111575935451167,
      -0.13254637367247013,
      0.5696093549621295,
      0.004581046511905063,
      -0.44254066037005213,
      -0.775861016117177,
      0.44966370499392083,
      -0.006530927556171015,
      0.3823363994616958,
      -0.6168234289453505,
      -0.6880027144937491,
      0.07022322847783201,
      0.0,
      0.0,
      0.0,
      1.0
    ],
    "view_matrix": [
      0.9233912189320624,
      -0.2826945199090125,
      0.25967761785062016,
      -0.026582315274287262,
      0.376932923204638,
      0.7956999826810426,
      -0.4741129706787136,
      0.01918894177359991,
      -0.07259633739773819,
      0.5356727974937697,
      0.8412992486753048,
      0.011790394070604338,
      0.0,
      0.0,
      0.0,
      1.0
    ],
    "camera_intrinsics": {
      "fx": 435.5696728240206,
      "fy": 435.5696728240206,
      "cx": 256.0,
      "cy": 256.0,
      "image_width": 512,
      "image_height": 512,
      "model": "SIMPLE_RADIAL",
      "dist": [
        -0.061419978924190176,
        0.0,
        0.0,
        0.0
      ]
    },
    "visibility": [
      1.0,
      1.0,
      1.0,
      1.0,
      1.0,
      1.0,
      1.0,
      1.0,
      1.0
    ],
    "keypoints_2d_visibility": [
      1.0,
      1.0,
      1.0,
      1.0,
      1.0,
      1.0,
      1.0,
      1.0,
      1.0
    ],
    "pose_6dof": {
      "translation": [
        0.004581046511905063,
        -0.006530927556171015,
        0.07022322847783201
      ],
      "rotation": [
        0.8111575935451167,
        -0.13254637367247013,
        0.5696093549621295,
        -0.44254066037005213,
        -0.775861016117177,
        0.44966370499392083,
        0.3823363994616958,
        -0.6168234289453505,
        -0.6880027144937491
      ]
    },
    "pose_9dof": {
      "translation": [
        0.004581046511905063,
        -0.006530927556171015,
        0.07022322847783201
      ],
      "rotation": [
        0.8111575935451167,
        -0.13254637367247013,
        0.5696093549621295,
        -0.44254066037005213,
        -0.775861016117177,
        0.44966370499392083,
        0.3823363994616958,
        -0.6168234289453505,
        -0.6880027144937491
      ],
      "scale": [
        0.011853206975252484,
        0.03601499913867652,
        0.010822145803422972
      ]
    }
  },
  {
    "frame_id": 8,
    "image": "frame_000008.png",
    "keypoints_2d": [
      [
        0.4695969079318497,
        0.2788785830858726,
        0.06740603452118858
      ],
      [
        0.43982600354070267,
        0.4524626026625613,
        0.08186874728577508
      ],
      [
        0.5600571423278496,
        0.4248352417382966,
        0.08208910463718942
      ],
      [
        0.5566809340944324,
        0.14094511879572985,
        0.048810471097973776
      ],
      [
        0.35626652509255785,
        0.18531932339825768,
        0.04859011374655943
      ],
      [
        0.4197488662003612,
        0.3584488903574605,
        0.0860015979444034
      ],
      [
        0.5340628042081472,
        0.33245601248002643,
        0.08622195529581773
      ],
      [
        0.5149927025358307,
        0.01871501703964812,
        0.05294332175660209
      ],
      [
        0.3319330449451702,
        0.05863496820200148,
        0.052722964405187756
      ]
    ],
    "keypoints_3d": [
      [
        -0.00241002935295331,
        -0.01752812194677858,
        0.06740603452118858
      ],
      [
        -0.005770109925093483,
        -0.004558381100304782,
        0.08186874728577508
      ],
      [
        0.00577617551633753,
        -0.007229195721511213,
        0.08208910463718942
      ],
      [
        0.0032789171468435505,
        -0.02077085047111457,
        0.048810471097973776
      ],
      [
        -0.008267368294587463,
        -0.018100035849908144,
        0.04859011374655943
      ],
      [
        -0.00809897585275017,
        -0.014285393422442588,
        0.0860015979444034
      ],
      [
        0.0034473095886808428,
        -0.016956208043649015,
        0.08622195529581773
      ],
      [
        0.0009500512191868635,
        -0.03049786279325238,
        0.05294332175660209
      ],
      [
        -0.01059623422224415,
        -0.027827048172045947,
        0.052722964405187756
      ]
    ],
    "model_matrix": [
      0.8111575935451167,
      -0.13254637367247013,
      0.5696093549621295,
      0.004581046511905063,
      -0.44254066037005213,
      -0.775861016117177,
      0.44966370499392083,
      -0.006530927556171015,
      0.3823363994616958,
      -0.6168234289453505,
      -0.6880027144937491,
      0.07022322847783201,
      0.0,
      0.0,
      0.0,
      1.0
    ],
    "view_matrix": [
      0.9219213177764641,
      -0.28051883583440096,
      0.26715214124431097,
      -0.0272257278379213,
      0.3790324897431555,
      0.7955997460128776,
      -0.4726049257713567,
      0.01911936057529383,
      -0.0799715921337859,
      0.5369638971908235,
      0.8398061190329768,
      0.012305363443282976,
      0.0,
      0.0,
      0.0,
      1.0
    ],
    "camera_intrinsics": {
      "fx": 437.3652452462021,
      "fy": 437.3652452462021,
      "cx": 256.0,
      "cy": 256.0,
      "image_width": 512,
      "image_height": 512,
      "model": "SIMPLE_RADIAL",
      "dist": [
        -0.06602492050732772,
        0.0,
        0.0,
        0.0
      ]
    },
    "visibility": [
      1.0,
      1.0,
      1.0,
      1.0,
      1.0,
      1.0,
      1.0,
      1.0,
      1.0
    ],
    "keypoints_2d_visibility": [
      1.0,
      1.0,
      1.0,
      1.0,
      1.0,
      1.0,
      1.0,
      1.0,
      1.0
    ],
    "pose_6dof": {
      "translation": [
        0.004581046511905063,
        -0.006530927556171015,
        0.07022322847783201
      ],
      "rotation": [
        0.8111575935451167,
        -0.13254637367247013,
        0.5696093549621295,
        -0.44254066037005213,
        -0.775861016117177,
        0.44966370499392083,
        0.3823363994616958,
        -0.6168234289453505,
        -0.6880027144937491
      ]
    },
    "pose_9dof": {
      "translation": [
        0.004581046511905063,
        -0.006530927556171015,
        0.07022322847783201
      ],
      "rotation": [
        0.8111575935451167,
        -0.13254637367247013,
        0.5696093549621295,
        -0.44254066037005213,
        -0.775861016117177,
        0.44966370499392083,
        0.3823363994616958,
        -0.6168234289453505,
        -0.6880027144937491
      ],
      "scale": [
        0.011853206975252484,
        0.03601499913867652,
        0.010822145803422972
      ]
    }
  },
  {
    "frame_id": 9,
    "image": "frame_000009.png",
    "keypoints_2d": [
      [
        0.4675934993939248,
        0.2799223022784518,
        0.06762842008675884
      ],
      [
        0.43788672001767925,
        0.45366741854467996,
        0.08205898119397283
      ],
      [
        0.5582801201386414,
        0.42601219787634576,
        0.08230125163176759
      ],
      [
        0.5543522617844715,
        0.14220917842684094,
        0.049047779465859684
      ],
      [
        0.35409035704229846,
        0.186440086529997,
        0.04880550902806492
      ],
      [
        0.41781804524806426,
        0.3595543226160436,
        0.08620906070765799
      ],
      [
        0.5322814124864241,
        0.33355640066179554,
        0.08645133114545277
      ],
      [
        0.5128063872050964,
        0.020152182134733077,
        0.053197858979544856
      ],
      [
        0.329875139840122,
        0.05990716238291571,
        0.0529555885417501
      ]
