[
  {
    "frame_id": 0,
    "image": "frame_000000.png",
    "keypoints_2d": [
      [
        0.5161890919608217,
        0.29522807853181443,
        0.1405661655620084
      ],
      [
        0.514845050165107,
        0.3867667407611424,
        0.14813948647543634
      ],
      [
        0.5595815154764683,
        0.36285654970933967,
        0.14999122340202511
      ],
      [
        0.5608391756481422,
        0.24032376018601687,
        0.12848163963310572
      ],
      [
        0.5086814008908114,
        0.26625008676958534,
        0.12662990270651694
      ],
      [
        0.4784942792306663,
        0.3416698797957605,
        0.15265069149091112
      ],
      [
        0.52234919343639,
        0.31902711458816335,
        0.1545024284174999
      ],
      [
        0.5176588284405261,
        0.19402576454733167,
        0.1329928446485805
      ],
      [
        0.4667218825014341,
        0.21835740294978118,
        0.13114110772199172
      ]
    ],
    "keypoints_3d": [
      [
        0.0022272426594939776,
        -0.028171855473066,
        0.1405661655620084
      ],
      [
        0.0021485129051240746,
        -0.016388164139434835,
        0.14813948647543634
      ],
      [
        0.008735966847894834,
        -0.020108260516103732,
        0.14999122340202511
      ],
      [
        0.007664233962389492,
        -0.03271279459666131,
        0.12848163963310572
      ],
      [
        0.0010767800196187366,
        -0.028992698219992424,
        0.12662990270651694
      ],
      [
        -0.0032097486434015353,
        -0.023630916349470676,
        0.15265069149091112
      ],
      [
        0.003377705299369222,
        -0.02735101272613956,
        0.1545024284174999
      ],
      [
        0.0023059724138638805,
        -0.03995554680669715,
        0.1329928446485805
      ],
      [
        -0.004281481528906877,
        -0.03623545043002825,
        0.13114110772199172
      ]
    ],
    "model_matrix": [
      -0.6383877915106111,
      0.05709919941419037,
      -0.76759410437839,
      -0.01675764021330594,
      0.5928946059962807,
      -0.5994728188848077,
      -0.5376879444425154,
      -0.039506863051344446,
      -0.4908533526734021,
      -0.7983558234550313,
      0.34884232157913353,
      0.1177245933458287,
      0.0,
      0.0,
      0.0,
      1.0
    ],
    "view_matrix": [
      -0.9505951248120668,
      0.24126160276184727,
      -0.19535032049196518,
      0.018826537709124784,
      -0.2757005590638806,
      -0.3668901247597207,
      0.8884710676694311,
      -0.1518815193031568,
      0.142681850336308,
      0.8984344580360771,
      0.4152799227003723,
      0.1295628437445647,
      0.0,
      0.0,
      0.0,
      1.0
    ],
    "camera_intrinsics": {
      "fx": 524.4820994649674,
      "fy": 524.4820994649674,
      "cx": 256.0,
      "cy": 256.0,
      "image_width": 512,
      "image_height": 512,
      "model": "SIMPLE_RADIAL",
      "dist": [
        -0.06400502925609138,
        0.0,
        0.0,
        0.0
      ]
    },
    "visibility": [
      1.0,
      1.0,
      1.0,
      1.0,
      1.0,
      1.0,
      1.0,
      1.0,
      1.0
    ],
    "keypoints_2d_visibility": [
      1.0,
      1.0,
      1.0,
      1.0,
      1.0,
      1.0,
      1.0,
      1.0,
      1.0
    ],
    "pose_6dof": {
      "translation": [
        -0.01675764021330594,
        -0.039506863051344446,
        0.1177245933458287
      ],
      "rotation": [
        -0.6383877915106111,
        0.05709919941419037,
        -0.76759410437839,
        0.5928946059962807,
        -0.5994728188848077,
        -0.5376879444425154,
        -0.4908533526734021,
        -0.7983558234550313,
        0.34884232157913353
      ]
    },
    "pose_9dof": {
      "translation": [
        -0.01675764021330594,
        -0.039506863051344446,
        0.1177245933458287
      ],
      "rotation": [
        -0.6383877915106111,
        0.05709919941419037,
        -0.76759410437839,
        0.5928946059962807,
        -0.5994728188848077,
        -0.5376879444425154,
        -0.4908533526734021,
        -0.7983558234550313,
        0.34884232157913353
      ],
      "scale": [
        0.0077886196559546735,
        0.024953658743318022,
        0.010075683455231821
      ]
    }
  },
  {
    "frame_id": 1,
    "image": "frame_000001.png",
    "keypoints_2d": [
      [
        0.5153362906048388,
        0.29380380589425953,
        0.14176296304597483
      ],
      [
        0.5139307766509296,
        0.385433891379197,
        0.14934559655143692
      ],
      [
        0.5587860167125078,
        0.36151694101864074,
        0.15119812193852433
      ],
      [
        0.5600072295344714,
        0.23906198008109225,
        0.12967792617797944
      ],
      [
        0.5077851121430125,
        0.2649656096297607,
        0.127825400790892
      ],
      [
        0.47756429642878717,
        0.3401866192864373,
        0.15384799991397027
      ],
      [
        0.5215428650418186,
        0.31752999780826163,
        0.15570052530105769
      ],
      [
        0.51687274338575,
        0.19261853392383227,
        0.13418032954051276
      ],
      [
        0.4658627993467042,
        0.21693886775290883,
        0.13232780415342535
      ]
    ],
    "keypoints_3d": [
      [
        0.0021069003679910075,
        -0.028327243427606577,
        0.14176296304597483
      ],
      [
        0.002012371732176648,
        -0.01654965866089242,
        0.14934559655143692
      ],
      [
        0.008602400781939,
        -0.020264798356598168,
        0.15119812193852433
      ],
      [
        0.007555179732908543,
        -0.03285326876329432,
        0.12967792617797944
      ],
      [
        0.0009651506831461903,
        -0.029138129067588572,
        0.127825400790892
      ],
      [
        -0.0033413789969265265,
        -0.02380121809191882,
        0.15384799991397027
      ],
      [
        0.003248650052835823,
        -0.027516357787624582,
        0.15570052530105769
      ],
      [
        0.0022014290038053635,
        -0.04010482819432071,
        0.13418032954051276
      ],
      [
        -0.004388600045956988,
        -0.03638968849861497,
        0.13232780415342535
      ]
    ],
    "model_matrix": [
      -0.6383877915106111,
      0.05709919941419037,
      -0.76759410437839,
      -0.01675764021330594,
      0.5928946059962807,
      -0.5994728188848077,
      -0.5376879444425154,
      -0.039506863051344446,
      -0.4908533526734021,
      -0.7983558234550313,
      0.34884232157913353,
      0.1177245933458287,
      0.0,
      0.0,
      0.0,
      1.0
    ],
    "view_matrix": [
      -0.9504064561167741,
      0.24110948887895203,
      -0.19645300339797875,
      0.018833160414097133,
      -0.27674103132380495,
      -0.3673687076978165,
      0.8879496799854562,
      -0.1520118702750037,
      0.14192240750985216,
      0.898279715332016,
      0.4158744801855966,
      0.1306708073218965,
      0.0,
      0.0,
      0.0,
      1.0
    ],
    "camera_intrinsics": {
      "fx": 529.7832792256845,
      "fy": 529.7832792256845,
      "cx": 256.0,
      "cy": 256.0,
      "image_width": 512,
      "image_height": 512,
      "model": "SIMPLE_RADIAL",
      "dist": [
        -0.06810635637308032,
        0.0,
        0.0,
        0.0
      ]
    },
    "visibility": [
      1.0,
      1.0,
      1.0,
      1.0,
      1.0,
      1.0,
      1.0,
      1.0,
      1.0
    ],
    "keypoints_2d_visibility": [
      1.0,
      1.0,
      1.0,
      1.0,
      1.0,
      1.0,
      1.0,
      1.0,
      1.0
    ],
    "pose_6dof": {
      "translation": [
        -0.01675764021330594,
        -0.039506863051344446,
        0.1177245933458287
      ],
      "rotation": [
        -0.6383877915106111,
        0.05709919941419037,
        -0.76759410437839,
        0.5928946059962807,
        -0.5994728188848077,
        -0.5376879444425154,
        -0.4908533526734021,
        -0.7983558234550313,
        0.34884232157913353
      ]
    },
    "pose_9dof": {
      "translation": [
        -0.01675764021330594,
        -0.039506863051344446,
        0.1177245933458287
      ],
      "rotation": [
        -0.6383877915106111,
        0.05709919941419037,
        -0.76759410437839,
        0.5928946059962807,
        -0.5994728188848077,
        -0.5376879444425154,
        -0.4908533526734021,
        -0.7983558234550313,
        0.34884232157913353
      ],
      "scale": [
        0.0077886196559546735,
        0.024953658743318022,
        0.010075683455231821
      ]
    }
  },
  {
    "frame_id": 2,
    "image": "frame_000002.png",
    "keypoints_2d": [
      [
        0.5154268376600669,
        0.2912662557471724,
        0.13924175970934705
      ],
      [
        0.5138576594693691,
        0.38353966325910727,
        0.1468785969603171
      ],
      [
        0.5589166991476562,
        0.3594104625830017,
        0.148743233297386
      ],
      [
        0.5609232312101471,
        0.23604288573408905,
        0.1271602527692479
      ],
      [
        0.508327280354437,
        0.2621828154426509,
        0.12529561643217899
      ],
      [
        0.477056111250122,
        0.3379519798268146,
        0.1513232666494462
      ],
      [
        0.5212414889819986,
        0.31511295135366646,
        0.1531879029865151
      ],
      [
        0.5171447625562098,
        0.18921518322655206,
        0.131604922458377
      ],
      [
        0.46576635270351685,
        0.2137265300425683,
        0.12974028612130808
      ]
    ],
    "keypoints_3d": [
      [
        0.002102626811934058,
        -0.028449717102905947,
        0.13924175970934705
      ],
      [
        0.001988018114712567,
        -0.016707385514716178,
        0.1468785969603171
      ],
      [
        0.008565332664279402,
        -0.020438961695321667,
        0.148743233297386
      ],
      [
        0.007599572712305961,
        -0.03292604878219452,
        0.1271602527692479
      ],
      [
        0.0010222581627391293,
        -0.02919447260158904,
        0.12529561643217899
      ],
      [
        -0.0033943190884378437,
        -0.023973385423617377,
        0.1513232666494462
      ],
      [
        0.0031829954611289884,
        -0.02770496160422284,
        0.1531879029865151
      ],
      [
        0.0022172355091555455,
        -0.0401920486910957,
        0.131604922458377
      ],
      [
        -0.004360079040411288,
        -0.03646047251049023,
        0.12974028612130808
      ]
    ],
    "model_matrix": [
      -0.6383877915106111,
      0.05709919941419037,
      -0.76759410437839,
      -0.01675764021330594,
      0.5928946059962807,
      -0.5994728188848077,
      -0.5376879444425154,
      -0.039506863051344446,
      -0.4908533526734021,
      -0.7983558234550313,
      0.34884232157913353,
      0.1177245933458287,
      0.0,
      0.0,
      0.0,
      1.0
    ],
    "view_matrix": [
      -0.9513557210910809,
      0.2366591297987448,
      -0.1972682139376966,
      0.018733130019702122,
      -0.2762619586132957,
      -0.3718260967237884,
      0.8862418879844806,
      -0.15210136416116588,
      0.13638776400547686,
      0.8976289935591718,
      0.4191187990910621,
      0.12764921232091908,
      0.0,
      0.0,
      0.0,
      1.0
    ],
    "camera_intrinsics": {
      "fx": 524.7187911037507,
      "fy": 524.7187911037507,
      "cx": 256.0,
      "cy": 256.0,
      "image_width": 512,
      "image_height": 512,
      "model": "SIMPLE_RADIAL",
      "dist": [
        -0.07516937871482565,
        0.0,
        0.0,
        0.0
      ]
    },
    "visibility": [
      1.0,
      1.0,
      1.0,
      1.0,
      1.0,
      1.0,
      1.0,
      1.0,
      1.0
    ],
    "keypoints_2d_visibility": [
      1.0,
      1.0,
      1.0,
      1.0,
      1.0,
      1.0,
      1.0,
      1.0,
      1.0
    ],
    "pose_6dof": {
      "translation": [
        -0.01675764021330594,
        -0.039506863051344446,
        0.1177245933458287
      ],
      "rotation": [
        -0.6383877915106111,
        0.05709919941419037,
        -0.76759410437839,
        0.5928946059962807,
        -0.5994728188848077,
        -0.5376879444425154,
        -0.4908533526734021,
        -0.7983558234550313,
        0.34884232157913353
      ]
    },
    "pose_9dof": {
      "translation": [
        -0.01675764021330594,
        -0.039506863051344446,
        0.1177245933458287
      ],
      "rotation": [
        -0.6383877915106111,
        0.05709919941419037,
        -0.76759410437839,
        0.5928946059962807,
        -0.5994728188848077,
        -0.5376879444425154,
        -0.4908533526734021,
        -0.7983558234550313,
        0.34884232157913353
      ],
      "scale": [
        0.0077886196559546735,
        0.024953658743318022,
        0.010075683455231821
      ]
    }
  },
  {
    "frame_id": 3,
    "image": "frame_000003.png",
    "keypoints_2d": [
      [
        0.5127574351116133,
        0.28755957396419707,
        0.14168673105613788
      ],
      [
        0.5112832304563272,
        0.37979775777740377,
        0.14929385663651135
      ],
      [
        0.5562645416342039,
        0.35577997107699977,
        0.1511743086795819
      ],
      [
        0.5578773933530287,
        0.23223827123004337,
        0.12962191095517142
      ],
      [
        0.5054923918386198,
        0.2582336989896713,
        0.12774145891210084
      ],
      [
        0.47460480817733774,
        0.3344332578838555,
        0.15375155115710437
      ],
      [
        0.5187275795034377,
        0.31168047953591826,
        0.15563200320017492
      ],
      [
        0.5143751423657178,
        0.18563322795685971,
        0.13407960547576445
      ],
      [
        0.46317690474347323,
        0.21004036986459423,
        0.13219915343269387
      ]
    ],
    "keypoints_3d": [
      [
        0.0017443932485148549,
        -0.029048130885741152,
        0.14168673105613788
      ],
      [
        0.0016226710524219479,
        -0.017286600645602807,
        0.14929385663651135
      ],
      [
        0.00819805127217001,
        -0.021013646556854948,
        0.1511743086795819
      ],
      [
        0.007253005421169792,
        -0.03355502309000734,
        0.12962191095517142
      ],
      [
        0.0006776252014217311,
        -0.02982797717875521,
        0.12774145891210084
      ],
      [
        -0.0037642189241400767,
        -0.024541238681474953,
        0.15375155115710437
      ],
      [
        0.002811161295607982,
        -0.028268284592727094,
        0.15563200320017492
      ],
      [
        0.0018661154446077584,
        -0.04080966112587947,
        0.13407960547576445
      ],
      [
        -0.0047092647751403,
        -0.03708261521462734,
        0.13219915343269387
      ]
    ],
    "model_matrix": [
      -0.6383877915106111,
      0.05709919941419037,
      -0.76759410437839,
      -0.01675764021330594,
      0.5928946059962807,
      -0.5994728188848077,
      -0.5376879444425154,
      -0.039506863051344446,
      -0.4908533526734021,
      -0.7983558234550313,
      0.34884232157913353,
      0.1177245933458287,
      0.0,
      0.0,
      0.0,
      1.0
    ],
    "view_matrix": [
      -0.9514966203125355,
      0.23577130004846103,
      -0.1976513992039567,
      0.01838257027911266,
      -0.27589192436592425,
      -0.36957069335199744,
      0.8872999203679618,
      -0.1527290295631742,
      0.13615369111225162,
      0.8987933003136944,
      0.41669266337161115,
      0.1304218751068564,
      0.0,
      0.0,
      0.0,
      1.0
    ],
    "camera_intrinsics": {
      "fx": 531.973980438051,
      "fy": 531.973980438051,
      "cx": 256.0,
      "cy": 256.0,
      "image_width": 512,
      "image_height": 512,
      "model": "SIMPLE_RADIAL",
      "dist": [
        -0.06390268294613731,
        0.0,
        0.0,
        0.0
      ]
    },
    "visibility": [
      1.0,
      1.0,
      1.0,
      1.0,
      1.0,
      1.0,
      1.0,
      1.0,
      1.0
    ],
    "keypoints_2d_visibility": [
      1.0,
      1.0,
      1.0,
      1.0,
      1.0,
      1.0,
      1.0,
      1.0,
      1.0
    ],
    "pose_6dof": {
      "translation": [
        -0.01675764021330594,
        -0.039506863051344446,
        0.1177245933458287
      ],
      "rotation": [
        -0.6383877915106111,
        0.05709919941419037,
        -0.76759410437839,
        0.5928946059962807,
        -0.5994728188848077,
        -0.5376879444425154,
        -0.4908533526734021,
        -0.7983558234550313,
        0.34884232157913353
      ]
    },
    "pose_9dof": {
      "translation": [
        -0.01675764021330594,
        -0.039506863051344446,
        0.1177245933458287
      ],
      "rotation": [
        -0.6383877915106111,
        0.05709919941419037,
        -0.76759410437839,
        0.5928946059962807,
        -0.5994728188848077,
        -0.5376879444425154,
        -0.4908533526734021,
        -0.7983558234550313,
        0.34884232157913353
      ],
      "scale": [
        0.0077886196559546735,
        0.024953658743318022,
        0.010075683455231821
      ]
    }
  },
  {
    "frame_id": 4,
    "image": "frame_000004.png",
    "keypoints_2d": [
      [
        0.5112504850464699,
        0.28817809100117464,
        0.13964860858522934
      ],
      [
        0.5100516415800791,
        0.3805717990122885,
        0.14728214888029179
      ],
      [
        0.5550698076734244,
        0.3563986537210424,
        0.14914807327772384
      ],
      [
        0.5562578021688428,
        0.2325593430170691,
        0.12756855936203515
      ],
      [
        0.5036893475281542,
        0.2587890460099658,
        0.1257026349646031
      ],
      [
        0.47329825527776104,
        0.33517346570400175,
        0.15172865780842354
      ],
      [
        0.5174460054835778,
        0.3122804591421915,
        0.1535945822058556
      ],
      [
        0.5125675716129938,
        0.18587675640710333,
        0.13201506829016693
      ],
      [
        0.46120871266629165,
        0.2104921374239166,
        0.13014914389273488
      ]
    ],
    "keypoints_3d": [
      [
        0.0015347460189191024,
        -0.028895894729250304,
        0.13964860858522934
      ],
      [
        0.001443527244532155,
        -0.017151214606865528,
        0.14728214888029179
      ],
      [
        0.008013240092973616,
        -0.020895516327776226,
        0.14914807327772384
      ],
      [
        0.0070230962845954925,
        -0.033386684370809716,
        0.12756855936203515
      ],
      [
        0.0004533834361540347,
        -0.02964238264989906,
        0.1257026349646031
      ],
      [
        -0.003953604246757288,
        -0.024405105087690893,
        0.15172865780842354
      ],
      [
        0.0026161086016841684,
        -0.02814940680860155,
        0.1535945822058556
      ],
      [
        0.001625964793306043,
        -0.04064057485163505,
        0.13201506829016693
      ],
      [
        -0.004943748055135415,
        -0.03689627313072438,
        0.13014914389273488
      ]
    ],
    "model_matrix": [
      -0.6383877915106111,
      0.05709919941419037,
      -0.76759410437839,
      -0.01675764021330594,
      0.5928946059962807,
      -0.5994728188848077,
      -0.5376879444425154,
      -0.039506863051344446,
      -0.4908533526734021,
      -0.7983558234550313,
      0.34884232157913353,
      0.1177245933458287,
      0.0,
      0.0,
      0.0,
      1.0
    ],
    "view_matrix": [
      -0.9519155200695204,
      0.23587675237231553,
      -0.19549680391521304,
      0.017916420514428693,
      -0.2743057277419686,
      -0.3720505483338451,
      0.8867551844857936,
      -0.15258405497529745,
      0.1364302399716533,
      0.8977419156833294,
      0.4188630354262629,
      0.12809134386608598,
      0.0,
      0.0,
      0.0,
      1.0
    ],
    "camera_intrinsics": {
      "fx": 525.5335442197744,
      "fy": 525.5335442197744,
      "cx": 256.0,
      "cy": 256.0,
      "image_width": 512,
      "image_height": 512,
      "model": "SIMPLE_RADIAL",
      "dist": [
        -0.06207952927961552,
        0.0,
        0.0,
        0.0
      ]
    },
    "visibility": [
      1.0,
      1.0,
      1.0,
      1.0,
      1.0,
      1.0,
      1.0,
      1.0,
      1.0
    ],
    "keypoints_2d_visibility": [
      1.0,
      1.0,
      1.0,
      1.0,
      1.0,
      1.0,
      1.0,
      1.0,
      1.0
    ],
    "pose_6dof": {
      "translation": [
        -0.01675764021330594,
        -0.039506863051344446,
        0.1177245933458287
      ],
      "rotation": [
        -0.6383877915106111,
        0.05709919941419037,
        -0.76759410437839,
        0.5928946059962807,
        -0.5994728188848077,
        -0.5376879444425154,
        -0.4908533526734021,
        -0.7983558234550313,
        0.34884232157913353
      ]
    },
    "pose_9dof": {
      "translation": [
        -0.01675764021330594,
        -0.039506863051344446,
        0.1177245933458287
      ],
      "rotation": [
        -0.6383877915106111,
        0.05709919941419037,
        -0.76759410437839,
        0.5928946059962807,
        -0.5994728188848077,
        -0.5376879444425154,
        -0.4908533526734021,
        -0.7983558234550313,
        0.34884232157913353
      ],
      "scale": [
        0.0077886196559546735,
        0.024953658743318022,
        0.010075683455231821
      ]
    }
  },
  {
    "frame_id": 5,
    "image": "frame_000005.png",
    "keypoints_2d": [
      [
        0.5097609497291969,
        0.2889347517144798,
        0.13854346379462404
      ],
      [
        0.50879175508135,
        0.3815989643162646,
        0.14618507782164894
      ],
      [
        0.553888633991323,
        0.35720261361707784,
        0.1480591983014599
      ],
      [
        0.5548786797528015,
        0.23307504041860183,
        0.1264693277663849
      ],
      [
        0.5021719522659036,
        0.2595283886064599,
        0.12459520728657397
      ],
      [
        0.471745808769328,
        0.3361150591595593,
        0.15061759982286319
      ],
      [
        0.5159706066575805,
        0.31302097327006767,
        0.1524917203026741
      ],
      [
        0.5108226746097142,
        0.18637656440700967,
        0.13090184976759914
      ],
      [
        0.45933485979138333,
        0.21118453437408052,
        0.1290277292877882
      ]
    ],
    "keypoints_3d": [
      [
        0.0013262368198555634,
        -0.028677793804312166,
        0.13854346379462404
      ],
      [
        0.0012577305522926165,
        -0.016938210701341133,
        0.14618507782164894
      ],
      [
        0.007813070623613702,
        -0.020703550675580995,
        0.1480591983014599
      ],
      [
        0.006820984621679335,
        -0.0331766553541059,
        0.1264693277663849
      ],
      [
        0.0002656445503582544,
        -0.02941131537986602,
        0.12459520728657397
      ],
      [
        -0.004168510981968212,
        -0.024178932254518448,
        0.15061759982286319
      ],
      [
        0.0023868290893528724,
        -0.02794427222875831,
        0.1524917203026741
      ],
      [
        0.0013947430874185034,
        -0.040417376907283184,
        0.13090184976759914
      ],
      [
        -0.005160596983902581,
        -0.03665203693304332,
        0.1290277292877882
      ]
    ],
    "model_matrix": [
      -0.6383877915106111,
      0.05709919941419037,
      -0.76759410437839,
      -0.01675764021330594,
      0.5928946059962807,
      -0.5994728188848077,
      -0.5376879444425154,
      -0.039506863051344446,
      -0.4908533526734021,
      -0.7983558234550313,
      0.34884232157913353,
      0.1177245933458287,
      0.0,
      0.0,
      0.0,
      1.0
    ],
    "view_matrix": [
      -0.952959596909193,
      0.23327585401346795,
      -0.19352101331109509,
      0.01735506257065112,
      -0.27153676567444873,
      -0.3733832329548876,
      0.8870472063172364,
      -0.1524065811204364,
      0.13466919300911165,
      0.8978682182160372,
      0.4191621060781049,
      0.1269264699300766,
      0.0,
      0.0,
      0.0,
      1.0
    ],
    "camera_intrinsics": {
      "fx": 523.7072489087457,
      "fy": 523.7072489087457,
      "cx": 256.0,
      "cy": 256.0,
      "image_width": 512,
      "image_height": 512,
      "model": "SIMPLE_RADIAL",
      "dist": [
        -0.07290099370844155,
        0.0,
        0.0,
        0.0
      ]
    },
    "visibility": [
      1.0,
      1.0,
      1.0,
      1.0,
      1.0,
      1.0,
      1.0,
      1.0,
      1.0
    ],
    "keypoints_2d_visibility": [
      1.0,
      1.0,
      1.0,
      1.0,
      1.0,
      1.0,
      1.0,
      1.0,
      1.0
    ],
    "pose_6dof": {
      "translation": [
        -0.01675764021330594,
        -0.039506863051344446,
        0.1177245933458287
      ],
      "rotation": [
        -0.6383877915106111,
        0.05709919941419037,
        -0.76759410437839,
        0.5928946059962807,
        -0.5994728188848077,
        -0.5376879444425154,
        -0.4908533526734021,
        -0.7983558234550313,
        0.34884232157913353
      ]
    },
    "pose_9dof": {
      "translation": [
        -0.01675764021330594,
        -0.039506863051344446,
        0.1177245933458287
      ],
      "rotation": [
        -0.6383877915106111,
        0.05709919941419037,
        -0.76759410437839,
        0.5928946059962807,
        -0.5994728188848077,
        -0.5376879444425154,
        -0.4908533526734021,
        -0.7983558234550313,
        0.34884232157913353
      ],
      "scale": [
        0.0077886196559546735,
        0.024953658743318022,
        0.010075683455231821
      ]
    }
  },
  {
    "frame_id": 6,
    "image": "frame_000006.png",
    "keypoints_2d": [
      [
        0.5110008099761503,
        0.2907034936862045,
        0.14202184098153445
      ],
      [
        0.5100310115872067,
        0.38287074529673926,
        0.1496196469270784
      ],
      [
        0.5549022042675108,
        0.35852027277033227,
        0.1515158428662595
      ],
      [
        0.5559359905915929,
        0.2354330567874358,
        0.12997130776225305
      ],
      [
        0.5037157749593794,
        0.26176220333749245,
        0.12807511182307196
      ],
      [
        0.47296567506699405,
        0.3375971491115981,
        0.15407237420081585
      ],
      [
        0.5169912179481538,
        0.314525725710833,
        0.15596857013999693
      ],
      [
        0.5120583859689499,
        0.18901163900462808,
        0.13442403503599049
      ],
      [
        0.4610100686091678,
        0.21373488500780513,
        0.1325278390968094
      ]
    ],
    "keypoints_3d": [
      [
        0.0015025257194434642,
        -0.028586384494224903,
        0.14202184098153445
      ],
      [
        0.0014403338441291956,
        -0.016818366544596175,
        0.1496196469270784
      ],
      [
        0.007988325157150398,
        -0.02058544059084952,
        0.1515158428662595
      ],
      [
        0.0070060788202366275,
        -0.03313746369327511,
        0.12997130776225305
      ],
      [
        0.0004580875072154253,
        -0.029370389647021752,
        0.12807511182307196
      ],
      [
        -0.004001027381349696,
        -0.024035305295174697,
        0.15407237420081585
      ],
      [
        0.002546963931671505,
        -0.02780237934142804,
        0.15596857013999693
      ],
      [
        0.0015647175947577328,
        -0.04035440244385362,
        0.13442403503599049
      ],
      [
        -0.004983273718263469,
        -0.036587328397600274,
        0.1325278390968094
      ]
    ],
    "model_matrix": [
      -0.6383877915106111,
      0.05709919941419037,
      -0.76759410437839,
      -0.01675764021330594,
      0.5928946059962807,
      -0.5994728188848077,
      -0.5376879444425154,
      -0.039506863051344446,
      -0.4908533526734021,
      -0.7983558234550313,
      0.34884232157913353,
      0.1177245933458287,
      0.0,
      0.0,
      0.0,
      1.0
    ],
    "view_matrix": [
      -0.9534866076786971,
      0.23167319945247092,
      -0.19284920957272852,
      0.017380116337207804,
      -0.269763374514213,
      -0.37035017660368474,
      0.8888579574152015,
      -0.1523787973540929,
      0.13450282803002686,
      0.8995378120707741,
      0.4156208776118565,
      0.13088490932942765,
      0.0,
      0.0,
      0.0,
      1.0
    ],
    "camera_intrinsics": {
      "fx": 534.0178130255122,
      "fy": 534.0178130255122,
      "cx": 256.0,
      "cy": 256.0,
      "image_width": 512,
      "image_height": 512,
      "model": "SIMPLE_RADIAL",
      "dist": [
        -0.07514669658636107,
        0.0,
        0.0,
        0.0
      ]
    },
    "visibility": [
      1.0,
      1.0,
      1.0,
      1.0,
      1.0,
      1.0,
      1.0,
      1.0,
      1.0
    ],
    "keypoints_2d_visibility": [
      1.0,
      1.0,
      1.0,
      1.0,
      1.0,
      1.0,
      1.0,
      1.0,
      1.0
    ],
    "pose_6dof": {
      "translation": [
        -0.01675764021330594,
        -0.039506863051344446,
        0.1177245933458287
      ],
      "rotation": [
        -0.6383877915106111,
        0.05709919941419037,
        -0.76759410437839,
        0.5928946059962807,
        -0.5994728188848077,
        -0.5376879444425154,
        -0.4908533526734021,
        -0.7983558234550313,
        0.34884232157913353
      ]
    },
    "pose_9dof": {
      "translation": [
        -0.01675764021330594,
        -0.039506863051344446,
        0.1177245933458287
      ],
      "rotation": [
        -0.6383877915106111,
        0.05709919941419037,
        -0.76759410437839,
        0.5928946059962807,
        -0.5994728188848077,
        -0.5376879444425154,
        -0.4908533526734021,
        -0.7983558234550313,
        0.34884232157913353
      ],
      "scale": [
        0.0077886196559546735,
        0.024953658743318022,
        0.010075683455231821
      ]
    }
  },
  {
    "frame_id": 7,
    "image": "frame_000007.png",
    "keypoints_2d": [
      [
        0.5117548060280561,
        0.29280077361762913,
        0.13790899962485131
      ],
      [
        0.5109570770018149,
        0.3856015977638281,
        0.14551953864462008
      ],
      [
        0.5560625204100801,
        0.3610218888161172,
        0.14739705731018551
      ],
      [
        0.5569828154995572,
        0.23674832100992987,
        0.12584132532989867
      ],
      [
        0.5042382644740319,
        0.26341318353225995,
        0.12396380666433324
      ],
      [
        0.4736716157919631,
        0.34011126310005757,
        0.14997667391980396
      ],
      [
        0.5178994114514054,
        0.31684978954307286,
        0.1518541925853694
      ],
      [
        0.5126230558770827,
        0.19008387345764272,
        0.13029846060508254
      ],
      [
        0.4611065102891403,
        0.21508189243310893,
        0.12842094193951714
      ]
    ],
    "keypoints_3d": [
      [
        0.0015935837676839051,
        -0.028089729686015433,
        0.13790899962485131
      ],
      [
        0.0015640693970936231,
        -0.016329814966563244,
        0.14551953864462008
      ],
      [
        0.008111244302705559,
        -0.020107647752818175,
        0.14739705731018551
      ],
      [
        0.00706413130352148,
        -0.032635179745950385,
        0.12584132532989867
      ],
      [
        0.000516956397909548,
        -0.028857346959695468,
        0.12396380666433324
      ],
      [
        -0.003876963768153663,
        -0.023544279626080494,
        0.14997667391980396
      ],
      [
        0.0026702111374582675,
        -0.027322112412335398,
        0.1518541925853694
      ],
      [
        0.0016230981382741837,
        -0.039849644405467594,
        0.13029846060508254
      ],
      [
        -0.004924076767337745,
        -0.03607181161921269,
        0.12842094193951714
      ]
    ],
    "model_matrix": [
      -0.6383877915106111,
      0.05709919941419037,
      -0.76759410437839,
      -0.01675764021330594,
      0.5928946059962807,
      -0.5994728188848077,
      -0.5376879444425154,
      -0.039506863051344446,
      -0.4908533526734021,
      -0.7983558234550313,
      0.34884232157913353,
      0.1177245933458287,
      0.0,
      0.0,
      0.0,
      1.0
    ],
    "view_matrix": [
      -0.9535431274744689,
      0.23318687943436836,
      -0.19073380221101932,
      0.017280992523376167,
      -0.2686370192021243,
      -0.3716254973977522,
      0.8886667775933071,
      -0.15189114484598043,
      0.13634388860674462,
      0.8986202584760351,
      0.41700356724620014,
      0.12660389356436383,
      0.0,
      0.0,
      0.0,
      1.0
    ],
    "camera_intrinsics": {
      "fx": 522.4403664308688,
      "fy": 522.4403664308688,
      "cx": 256.0,
      "cy": 256.0,
      "image_width": 512,
      "image_height": 512,
      "model": "SIMPLE_RADIAL",
      "dist": [
        -0.07366562029803447,
        0.0,
        0.0,
        0.0
      ]
    },
    "visibility": [
      1.0,
      1.0,
      1.0,
      1.0,
      1.0,
      1.0,
      1.0,
      1.0,
      1.0
    ],
    "keypoints_2d_visibility": [
      1.0,
      1.0,
      1.0,
      1.0,
      1.0,
      1.0,
      1.0,
      1.0,
      1.0
    ],
    "pose_6dof": {
      "translation": [
        -0.01675764021330594,
        -0.039506863051344446,
        0.1177245933458287
      ],
      "rotation": [
        -0.6383877915106111,
        0.05709919941419037,
        -0.76759410437839,
        0.5928946059962807,
        -0.5994728188848077,
        -0.5376879444425154,
        -0.4908533526734021,
        -0.7983558234550313,
        0.34884232157913353
      ]
    },
    "pose_9dof": {
      "translation": [
        -0.01675764021330594,
        -0.039506863051344446,
        0.1177245933458287
      ],
      "rotation": [
        -0.6383877915106111,
        0.05709919941419037,
        -0.76759410437839,
        0.5928946059962807,
        -0.5994728188848077,
        -0.5376879444425154,
        -0.4908533526734021,
        -0.7983558234550313,
        0.34884232157913353
      ],
      "scale": [
        0.0077886196559546735,
        0.024953658743318022,
        0.010075683455231821
      ]
    }
  },
  {
    "frame_id": 8,
    "image": "frame_000008.png",
    "keypoints_2d": [
      [
        0.5102965961659016,
        0.2933837282648645,
        0.14120289050056498
      ],
      [
        0.5094378561072924,
        0.3855904528939143,
        0.14877194704551153
      ],
      [
        0.5543152171619564,
        0.36125104197016245,
        0.15066588717133045
      ],
      [
        0.5550457088428784,
        0.23789513315200694,
        0.12915391518754316
      ],
      [
        0.5027421209583587,
        0.26427401506334824,
        0.1272599750617242
      ],
      [
        0.47248006534537806,
        0.3403654274531942,
        0.15325186581358685
      ],
      [
        0.5165002604419084,
        0.3173078331117877,
        0.15514580593940577
      ],
      [
        0.5112361253686272,
        0.19145830552530324,
        0.13363383395561848
      ],
      [
        0.46011868764577657,
        0.2162264178919447,
        0.13173989382979953
      ]
    ],
    "keypoints_3d": [
      [
        0.001406624930199947,
        -0.028225987901716043,
        0.14120289050056498
      ],
      [
        0.001356116834721935,
        -0.016439402245556928,
        0.14877194704551153
      ],
      [
        0.007907941081632987,
        -0.02020094261919711,
        0.15066588717133045
      ],
      [
        0.006889686736653619,
        -0.03280583469075617,
        0.12915391518754316
      ],
      [
        0.0003378624897425672,
        -0.029044294317116012,
        0.1272599750617242
      ],
      [
        -0.004076436876253722,
        -0.023646141112675906,
        0.15325186581358685
      ],
      [
        0.0024753873706573285,
        -0.027407681486316074,
        0.15514580593940577
      ],
      [
        0.001457133025677959,
        -0.040012573557875145,
        0.13363383395561848
      ],
      [
        -0.005094691221233093,
        -0.03625103318423499,
        0.13173989382979953
      ]
    ],
    "model_matrix": [
      -0.6383877915106111,
      0.05709919941419037,
      -0.76759410437839,
      -0.01675764021330594,
      0.5928946059962807,
      -0.5994728188848077,
      -0.5376879444425154,
      -0.039506863051344446,
      -0.4908533526734021,
      -0.7983558234550313,
      0.34884232157913353,
      0.1177245933458287,
      0.0,
      0.0,
      0.0,
      1.0
    ],
    "view_matrix": [
      -0.9532121834113942,
      0.2333000232037878,
      -0.19224368018011503,
      0.017281799252749128,
      -0.2695608566954785,
      -0.3681145251928972,
      0.8898475379971602,
      -0.1520431814383184,
      0.13683376021173269,
      0.9000348857211702,
      0.41377980442645845,
      0.13034139718402435,
      0.0,
      0.0,
      0.0,
      1.0
    ],
    "camera_intrinsics": {
      "fx": 530.5102390917025,
      "fy": 530.5102390917025,
      "cx": 256.0,
      "cy": 256.0,
      "image_width": 512,
      "image_height": 512,
      "model": "SIMPLE_RADIAL",
      "dist": [
        -0.06113424732834061,
        0.0,
        0.0,
        0.0
      ]
    },
    "visibility": [
      1.0,
      1.0,
      1.0,
      1.0,
      1.0,
      1.0,
      1.0,
      1.0,
      1.0
    ],
    "keypoints_2d_visibility": [
      1.0,
      1.0,
      1.0,
      1.0,
      1.0,
      1.0,
      1.0,
      1.0,
      1.0
    ],
    "pose_6dof": {
      "translation": [
        -0.01675764021330594,
        -0.039506863051344446,
        0.1177245933458287
      ],
      "rotation": [
        -0.6383877915106111,
        0.05709919941419037,
        -0.76759410437839,
        0.5928946059962807,
        -0.5994728188848077,
        -0.5376879444425154,
        -0.4908533526734021,
        -0.7983558234550313,
        0.34884232157913353
      ]
    },
    "pose_9dof": {
      "translation": [
        -0.01675764021330594,
        -0.039506863051344446,
        0.1177245933458287
      ],
      "rotation": [
        -0.6383877915106111,
        0.05709919941419037,
        -0.76759410437839,
        0.5928946059962807,
        -0.5994728188848077,
        -0.5376879444425154,
        -0.4908533526734021,
        -0.7983558234550313,
        0.34884232157913353
      ],
      "scale": [
        0.0077886196559546735,
        0.024953658743318022,
        0.010075683455231821
      ]
    }
  },
  {
    "frame_id": 9,
    "image": "frame_000009.png",
    "keypoints_2d": [
      [
        0.5089943379049687,
        0.29360001181105927,
        0.13806845399461026
      ],
      [
        0.5084556950803609,
        0.3863673182509369,
        0.14566864947673364
      ],
      [
        0.5535126651454129,
        0.36173238825161863,
        0.1475497554477251
      ],
      [
        0.553889164560981,
        0.23743729358690074,
        0.12600500347013713
      ],
      [
        0.5011724305079754,
        0.26421369520647253,
        0.12412389749914565
      ],
      [
        0.47120704616286097,
        0.34096545055838523,
        0.15013190451908343
      ],
      [
        0.5153888682831118,
        0.3176437265152882,
        0.1520130104900749
      ],
      [
        0.5095817978413949,
        0.19078730342993616,
        0.13046825851248692
      ],
      [
        0.4580863859481029,
        0.2159033417419614,
        0.12858715254149544
      ]
    ],
    "keypoints_3d": [
      [
        0.001220355740782459,
        -0.028004441588150464,
        0.13806845399461026
