[
  {
    "frame_id": 0,
    "image": "frame_000000.png",
    "keypoints_2d": [
      [
        0.5672232765688399,
        0.2125352274087794,
        0.5008137498870349
      ],
      [
        0.5016731985602695,
        0.145166178712006,
        0.4646033407745067
      ],
      [
        0.5266349712071232,
        0.16627925047856218,
        0.4588430749187024
      ],
      [
        0.6081590078622774,
        0.10735960016950608,
        0.4662718564628549
      ],
      [
        0.5825792710679564,
        0.0872531902632625,
        0.4720321223186592
      ],
      [
        0.531804785930461,
        0.30344257457990226,
        0.5353556433112148
      ],
      [
        0.5536850720599251,
        0.32325972670477177,
        0.5295953774554105
      ],
      [
        0.6238399610779848,
        0.2705195041052912,
        0.537024158999563
      ],
      [
        0.6014952707643694,
        0.251506756522595,
        0.5427844248553673
      ]
    ],
    "keypoints_3d": [
      [
        0.022986605119297343,
        -0.098296892840328,
        0.5008137498870349
      ],
      [
        0.0005299477079495074,
        -0.11238556783376158,
        0.4646033407745067
      ],
      [
        0.00833604725895154,
        -0.10444583993240449,
        0.4588430749187024
      ],
      [
        0.03432526515165252,
        -0.12460807564538579,
        0.4662718564628549
      ],
      [
        0.02651916560065054,
        -0.13254780354674287,
        0.4720321223186592
      ],
      [
        0.011647945086942113,
        -0.07198571003527018,
        0.5353556433112148
      ],
      [
        0.019454044637944146,
        -0.0640459821339131,
        0.5295953774554105
      ],
      [
        0.04544326253064518,
        -0.08420821784689439,
        0.537024158999563
      ],
      [
        0.037637162979643146,
        -0.09214794574825148,
        0.5427844248553673
      ]
    ],
    "model_matrix": [
      0.8817731165175415,
      0.383310241740164,
      0.27486256486476873,
      0.12921272920300447,
      0.4533599696995438,
      -0.8495637930064261,
      -0.2696406858887631,
      -0.09270628612526559,
      0.1301572466709824,
      0.3623735920146926,
      -0.9229000330205855,
      0.38992317024172146,
      0.0,
      0.0,
      0.0,
      1.0
    ],
    "view_matrix": [
      0.8073227637320861,
      -0.3360008071439807,
      0.48511175285554553,
      -0.3016354720906007,
      0.19424309896888264,
      0.9275679279548567,
      0.3191979911160135,
      -0.16186688868808877,
      -0.5572248860764846,
      -0.1634661941446221,
      0.8141125411814522,
      0.2402186114396153,
      0.0,
      0.0,
      0.0,
      1.0
    ],
    "camera_intrinsics": {
      "fx": 747.2261313639876,
      "fy": 747.2261313639876,
      "cx": 256.0,
      "cy": 256.0,
      "image_width": 512,
      "image_height": 512,
      "model": "SIMPLE_RADIAL",
      "dist": [
        0.08737209228911003,
        0.0,
        0.0,
        0.0
      ]
    },
    "visibility": [
      1.0,
      1.0,
      1.0,
      1.0,
      1.0,
      1.0,
      1.0,
      1.0,
      1.0
    ],
    "keypoints_2d_visibility": [
      1.0,
      1.0,
      1.0,
      1.0,
      1.0,
      1.0,
      1.0,
      1.0,
      1.0
    ],
    "pose_6dof": {
      "translation": [
        0.12921272920300447,
        -0.09270628612526559,
        0.38992317024172146
      ],
      "rotation": [
        0.8817731165175415,
        0.383310241740164,
        0.27486256486476873,
        0.4533599696995438,
        -0.8495637930064261,
        -0.2696406858887631,
        0.1301572466709824,
        0.3623735920146926,
        -0.9229000330205855
      ]
    },
    "pose_9dof": {
      "translation": [
        0.12921272920300447,
        -0.09270628612526559,
        0.38992317024172146
      ],
      "rotation": [
        0.8817731165175415,
        0.383310241740164,
        0.27486256486476873,
        0.4533599696995438,
        -0.8495637930064261,
        -0.2696406858887631,
        0.1301572466709824,
        0.3623735920146926,
        -0.9229000330205855
      ],
      "scale": [
        0.012536153001510763,
        0.033721536009660796,
        0.08222923257639878
      ]
    }
  },
  {
    "frame_id": 1,
    "image": "frame_000001.png",
    "keypoints_2d": [
      [
        0.5697081229282766,
        0.21285968379557313,
        0.5009367355230968
      ],
      [
        0.5042440676881799,
        0.14544738917768568,
        0.46476943075547694
      ],
      [
        0.5291654579021098,
        0.16656139444282492,
        0.4589929947706428
      ],
      [
        0.6107381251493159,
        0.10772378383727105,
        0.4663864896763771
      ],
      [
        0.5851920139744331,
        0.08761516811801645,
        0.4721629256612112
      ],
      [
        0.5342129289841748,
        0.3037242900573875,
        0.5354869813698165
      ],
      [
        0.556060025335371,
        0.32354750413726,
        0.5297105453849824
      ],
      [
        0.6262641441354695,
        0.27089169652190814,
        0.5371040402907166
      ],
      [
        0.6039473909418882,
        0.25187191872590264,
        0.5428804762755507
      ]
    ],
    "keypoints_3d": [
      [
        0.023846005066891607,
        -0.09822599070935695,
        0.5009367355230968
      ],
      [
        0.0013449055307396818,
        -0.11235442086872688,
        0.46476943075547694
      ],
      [
        0.009132457285224105,
        -0.10440822951301265,
        0.4589929947706428
      ],
      [
        0.035156687138370224,
        -0.12453824899835719,
        0.4663864896763771
      ],
      [
        0.0273691353838858,
        -0.1324844403540714,
        0.4721629256612112
      ],
      [
        0.012535322995412934,
        -0.0719137324203567,
        0.5354869813698165
      ],
      [
        0.020322874749897413,
        -0.0639675410646425,
        0.5297105453849824
      ],
      [
        0.046347104603043476,
        -0.08409756054998703,
        0.5371040402907166
      ],
      [
        0.03855955284855905,
        -0.09204375190570123,
        0.5428804762755507
      ]
    ],
    "model_matrix": [
      0.8817731165175415,
      0.383310241740164,
      0.27486256486476873,
      0.12921272920300447,
      0.4533599696995438,
      -0.8495637930064261,
      -0.2696406858887631,
      -0.09270628612526559,
      0.1301572466709824,
      0.3623735920146926,
      -0.9229000330205855,
      0.38992317024172146,
      0.0,
      0.0,
      0.0,
      1.0
    ],
    "view_matrix": [
      0.8061740454120894,
      -0.33731617233865757,
      0.4861082270263522,
      -0.30113813410363605,
      0.19492744552133384,
      0.9271239230087498,
      0.3200695586390452,
      -0.16226541926411567,
      -0.5586472048497458,
      -0.1632759359601495,
      0.8131754234172988,
      0.2409084208253429,
      0.0,
      0.0,
      0.0,
      1.0
    ],
    "camera_intrinsics": {
      "fx": 747.0697175516153,
      "fy": 747.0697175516153,
      "cx": 256.0,
      "cy": 256.0,
      "image_width": 512,
      "image_height": 512,
      "model": "SIMPLE_RADIAL",
      "dist": [
        0.08835170288388547,
        0.0,
        0.0,
        0.0
      ]
    },
    "visibility": [
      1.0,
      1.0,
      1.0,
      1.0,
      1.0,
      1.0,
      1.0,
      1.0,
      1.0
    ],
    "keypoints_2d_visibility": [
      1.0,
      1.0,
      1.0,
      1.0,
      1.0,
      1.0,
      1.0,
      1.0,
      1.0
    ],
    "pose_6dof": {
      "translation": [
        0.12921272920300447,
        -0.09270628612526559,
        0.38992317024172146
      ],
      "rotation": [
        0.8817731165175415,
        0.383310241740164,
        0.27486256486476873,
        0.4533599696995438,
        -0.8495637930064261,
        -0.2696406858887631,
        0.1301572466709824,
        0.3623735920146926,
        -0.9229000330205855
      ]
    },
    "pose_9dof": {
      "translation": [
        0.12921272920300447,
        -0.09270628612526559,
        0.38992317024172146
      ],
      "rotation": [
        0.8817731165175415,
        0.383310241740164,
        0.27486256486476873,
        0.4533599696995438,
        -0.8495637930064261,
        -0.2696406858887631,
        0.1301572466709824,
        0.3623735920146926,
        -0.9229000330205855
      ],
      "scale": [
        0.012536153001510763,
        0.033721536009660796,
        0.08222923257639878
      ]
    }
  },
  {
    "frame_id": 2,
    "image": "frame_000002.png",
    "keypoints_2d": [
      [
        0.5698346207437546,
        0.2146157032096272,
        0.5004922007973451
      ],
      [
        0.5045279907108899,
        0.14695164068105537,
        0.4643415879538838
      ],
      [
        0.5294617029164578,
        0.16803570050279154,
        0.4585507144192117
      ],
      [
        0.6110284000754831,
        0.10932892652593562,
        0.466029423616511
      ],
      [
        0.5854709504550171,
        0.08925348465755045,
        0.4718202971511832
      ],
      [
        0.5341984341931045,
        0.30560668151729087,
        0.5349549779781791
      ],
      [
        0.5560531442836011,
        0.3254089564793713,
        0.529164104443507
      ],
      [
        0.6262481733012893,
        0.2728508070934369,
        0.5366428136408063
      ],
      [
        0.603924344907359,
        0.25385518967360776,
        0.5424336871754786
      ]
    ],
    "keypoints_3d": [
      [
        0.023890496748075363,
        -0.09763026621766144,
        0.5004922007973451
      ],
      [
        0.001434820153301486,
        -0.11187322001843605,
        0.4643415879538838
      ],
      [
        0.009224611889784906,
        -0.10393974281830898,
        0.4585507144192117
      ],
      [
        0.03525083748587082,
        -0.12403567476521608,
        0.466029423616511
      ],
      [
        0.027461045749387403,
        -0.13196915196534315,
        0.4718202971511832
      ],
      [
        0.012530156010279958,
        -0.07122485767010678,
        0.5349549779781791
      ],
      [
        0.020319947746763378,
        -0.0632913804699797,
        0.529164104443507
      ],
      [
        0.046346173342849295,
        -0.08338731241688681,
        0.5366428136408063
      ],
      [
        0.03855638160636593,
        -0.09132078961701388,
        0.5424336871754786
      ]
    ],
    "model_matrix": [
      0.8817731165175415,
      0.383310241740164,
      0.27486256486476873,
      0.12921272920300447,
      0.4533599696995438,
      -0.8495637930064261,
      -0.2696406858887631,
      -0.09270628612526559,
      0.1301572466709824,
      0.3623735920146926,
      -0.9229000330205855,
      0.38992317024172146,
      0.0,
      0.0,
      0.0,
      1.0
    ],
    "view_matrix": [
      0.8066721110606944,
      -0.33759723029142635,
      0.48508578142060654,
      -0.30078537945122585,
      0.19372644386180055,
      0.9264863316199219,
      0.32263468857226224,
      -0.16257382239558013,
      -0.5583459234072937,
      -0.16628646192945967,
      0.8127721958786723,
      0.24030308978044532,
      0.0,
      0.0,
      0.0,
      1.0
    ],
    "camera_intrinsics": {
      "fx": 746.2936891199489,
      "fy": 746.2936891199489,
      "cx": 256.0,
      "cy": 256.0,
      "image_width": 512,
      "image_height": 512,
      "model": "SIMPLE_RADIAL",
      "dist": [
        0.09169559399760985,
        0.0,
        0.0,
        0.0
      ]
    },
    "visibility": [
      1.0,
      1.0,
      1.0,
      1.0,
      1.0,
      1.0,
      1.0,
      1.0,
      1.0
    ],
    "keypoints_2d_visibility": [
      1.0,
      1.0,
      1.0,
      1.0,
      1.0,
      1.0,
      1.0,
      1.0,
      1.0
    ],
    "pose_6dof": {
      "translation": [
        0.12921272920300447,
        -0.09270628612526559,
        0.38992317024172146
      ],
      "rotation": [
        0.8817731165175415,
        0.383310241740164,
        0.27486256486476873,
        0.4533599696995438,
        -0.8495637930064261,
        -0.2696406858887631,
        0.1301572466709824,
        0.3623735920146926,
        -0.9229000330205855
      ]
    },
    "pose_9dof": {
      "translation": [
        0.12921272920300447,
        -0.09270628612526559,
        0.38992317024172146
      ],
      "rotation": [
        0.8817731165175415,
        0.383310241740164,
        0.27486256486476873,
        0.4533599696995438,
        -0.8495637930064261,
        -0.2696406858887631,
        0.1301572466709824,
        0.3623735920146926,
        -0.9229000330205855
      ],
      "scale": [
        0.012536153001510763,
        0.033721536009660796,
        0.08222923257639878
      ]
    }
  },
  {
    "frame_id": 3,
    "image": "frame_000003.png",
    "keypoints_2d": [
      [
        0.5667946111142498,
        0.21862535339968137,
        0.5021540973755556
      ],
      [
        0.5016177118242,
        0.1511433613488044,
        0.46599371060624006
      ],
      [
        0.5264770159556524,
        0.17221232423097232,
        0.4601995123513305
      ],
      [
        0.6079118771987614,
        0.11384329223072093,
        0.46777280992033504
      ],
      [
        0.5824385950450057,
        0.09378319208884606,
        0.4735670081752446
      ],
      [
        0.5311732657309474,
        0.30931390230008493,
        0.5365353848307762
      ],
      [
        0.5529804795038513,
        0.3291216472748667,
        0.5307411865758666
      ],
      [
        0.6231266382637088,
        0.2767544706044063,
        0.5383144841448712
      ],
      [
        0.6008573793849822,
        0.257755067327321,
        0.5441086823997807
      ]
    ],
    "keypoints_3d": [
      [
        0.02288619824408722,
        -0.0964089143649655,
        0.5021540973755556
      ],
      [
        0.0005136023003284307,
        -0.11075741019863117,
        0.46599371060624006
      ],
      [
        0.008305995208633399,
        -0.10282891655717014,
        0.4601995123513305
      ],
      [
        0.03433907697929123,
        -0.12288049525572661,
        0.46777280992033504
      ],
      [
        0.026546684070986204,
        -0.13080898889718764,
        0.4735670081752446
      ],
      [
        0.01143331950888321,
        -0.0699373334742044,
        0.5365353848307762
      ],
      [
        0.01922571241718818,
        -0.06200883983274337,
        0.5307411865758666
      ],
      [
        0.04525879418784595,
        -0.08206041853129985,
        0.5383144841448712
      ],
      [
        0.037466401279540984,
        -0.08998891217276088,
        0.5441086823997807
      ]
    ],
    "model_matrix": [
      0.8817731165175415,
      0.383310241740164,
      0.27486256486476873,
      0.12921272920300447,
      0.4533599696995438,
      -0.8495637930064261,
      -0.2696406858887631,
      -0.09270628612526559,
      0.1301572466709824,
      0.3623735920146926,
      -0.9229000330205855,
      0.38992317024172146,
      0.0,
      0.0,
      0.0,
      1.0
    ],
    "view_matrix": [
      0.807520036580491,
      -0.33825176918830824,
      0.4832154086554174,
      -0.301230618917906,
      0.19330608937736624,
      0.9257517657500552,
      0.32498680591723206,
      -0.1622833993183586,
      -0.5572648798647483,
      -0.16902487642839556,
      0.812949226469706,
      0.2415024052047827,
      0.0,
      0.0,
      0.0,
      1.0
    ],
    "camera_intrinsics": {
      "fx": 747.8779770743841,
      "fy": 747.8779770743841,
      "cx": 256.0,
      "cy": 256.0,
      "image_width": 512,
      "image_height": 512,
      "model": "SIMPLE_RADIAL",
      "dist": [
        0.08553325818224902,
        0.0,
        0.0,
        0.0
      ]
    },
    "visibility": [
      1.0,
      1.0,
      1.0,
      1.0,
      1.0,
      1.0,
      1.0,
      1.0,
      1.0
    ],
    "keypoints_2d_visibility": [
      1.0,
      1.0,
      1.0,
      1.0,
      1.0,
      1.0,
      1.0,
      1.0,
      1.0
    ],
    "pose_6dof": {
      "translation": [
        0.12921272920300447,
        -0.09270628612526559,
        0.38992317024172146
      ],
      "rotation": [
        0.8817731165175415,
        0.383310241740164,
        0.27486256486476873,
        0.4533599696995438,
        -0.8495637930064261,
        -0.2696406858887631,
        0.1301572466709824,
        0.3623735920146926,
        -0.9229000330205855
      ]
    },
    "pose_9dof": {
      "translation": [
        0.12921272920300447,
        -0.09270628612526559,
        0.38992317024172146
      ],
      "rotation": [
        0.8817731165175415,
        0.383310241740164,
        0.27486256486476873,
        0.4533599696995438,
        -0.8495637930064261,
        -0.2696406858887631,
        0.1301572466709824,
        0.3623735920146926,
        -0.9229000330205855
      ],
      "scale": [
        0.012536153001510763,
        0.033721536009660796,
        0.08222923257639878
      ]
    }
  },
  {
    "frame_id": 4,
    "image": "frame_000004.png",
    "keypoints_2d": [
      [
        0.571396359340614,
        0.2223913215153484,
        0.5041989587520687
      ],
      [
        0.5065980042367433,
        0.1551630720663193,
        0.4681529469509967
      ],
      [
        0.5312405124088784,
        0.17618754489632293,
        0.4623136743554843
      ],
      [
        0.6125278966674444,
        0.11827284481893924,
        0.46982203197185446
      ],
      [
        0.5872594951621153,
        0.09824808797751311,
        0.47566130456736677
      ],
      [
        0.5357518141476991,
        0.31254160196996456,
        0.538575885532283
      ],
      [
        0.5573869216877079,
        0.3323225458232702,
        0.5327366129367705
      ],
      [
        0.6274639288629249,
        0.28035952897309824,
        0.5402449705531407
      ],
      [
        0.6053567193998526,
        0.2613806755679043,
        0.546084243148653
      ]
    ],
    "keypoints_3d": [
      [
        0.024572485881870165,
        -0.09554458232533841,
        0.5041989587520687
      ],
      [
        0.0021053268527380653,
        -0.11003243073890802,
        0.4681529469509967
      ],
      [
        0.00984931608435985,
        -0.10208959381416183,
        0.4623136743554843
      ],
      [
        0.035976557799389464,
        -0.12204288419745354,
        0.46982203197185446
      ],
      [
        0.02823256856776768,
        -0.12998572112219972,
        0.47566130456736677
      ],
      [
        0.013168413964350811,
        -0.06904628045322328,
        0.538575885532283
      ],
      [
        0.020912403195972595,
        -0.0611034435284771,
        0.5327366129367705
      ],
      [
        0.047039644911002265,
        -0.0810567339117688,
        0.5402449705531407
      ],
      [
        0.03929565567938048,
        -0.08899957083651498,
        0.546084243148653
      ]
    ],
    "model_matrix": [
      0.8817731165175415,
      0.383310241740164,
      0.27486256486476873,
      0.12921272920300447,
      0.4533599696995438,
      -0.8495637930064261,
      -0.2696406858887631,
      -0.09270628612526559,
      0.1301572466709824,
      0.3623735920146926,
      -0.9229000330205855,
      0.38992317024172146,
      0.0,
      0.0,
      0.0,
      1.0
    ],
    "view_matrix": [
      0.8047064742686529,
      -0.3419043397109993,
      0.48533381579784807,
      -0.3003454154918363,
      0.19487708547499913,
      0.9243388291592425,
      0.3280558648542815,
      -0.16294974526633169,
      -0.5607766149072942,
      -0.1694082388648979,
      0.8104507614764822,
      0.24493969673354868,
      0.0,
      0.0,
      0.0,
      1.0
    ],
    "camera_intrinsics": {
      "fx": 747.5240903754695,
      "fy": 747.5240903754695,
      "cx": 256.0,
      "cy": 256.0,
      "image_width": 512,
      "image_height": 512,
      "model": "SIMPLE_RADIAL",
      "dist": [
        0.08878375027917258,
        0.0,
        0.0,
        0.0
      ]
    },
    "visibility": [
      1.0,
      1.0,
      1.0,
      1.0,
      1.0,
      1.0,
      1.0,
      1.0,
      1.0
    ],
    "keypoints_2d_visibility": [
      1.0,
      1.0,
      1.0,
      1.0,
      1.0,
      1.0,
      1.0,
      1.0,
      1.0
    ],
    "pose_6dof": {
      "translation": [
        0.12921272920300447,
        -0.09270628612526559,
        0.38992317024172146
      ],
      "rotation": [
        0.8817731165175415,
        0.383310241740164,
        0.27486256486476873,
        0.4533599696995438,
        -0.8495637930064261,
        -0.2696406858887631,
        0.1301572466709824,
        0.3623735920146926,
        -0.9229000330205855
      ]
    },
    "pose_9dof": {
      "translation": [
        0.12921272920300447,
        -0.09270628612526559,
        0.38992317024172146
      ],
      "rotation": [
        0.8817731165175415,
        0.383310241740164,
        0.27486256486476873,
        0.4533599696995438,
        -0.8495637930064261,
        -0.2696406858887631,
        0.1301572466709824,
        0.3623735920146926,
        -0.9229000330205855
      ],
      "scale": [
        0.012536153001510763,
        0.033721536009660796,
        0.08222923257639878
      ]
    }
  },
  {
    "frame_id": 5,
    "image": "frame_000005.png",
    "keypoints_2d": [
      [
        0.5785658165916395,
        0.22524090364224914,
        0.5046359928524399
      ],
      [
        0.5141681150644078,
        0.1580443005441302,
        0.4687069315286041
      ],
      [
        0.5387086890397083,
        0.17903451605094473,
        0.462821599755757
      ],
      [
        0.6199501448536725,
        0.12133051016934765,
        0.47026820827357285
      ],
      [
        0.5947675869315489,
        0.10133508927554818,
        0.47615354004641997
      ],
      [
        0.5427252300736732,
        0.3151629403047038,
        0.5390037774313069
      ],
      [
        0.5642734484179164,
        0.3349177212372313,
        0.5331184456584598
      ],
      [
        0.634321931838518,
        0.2831966880536767,
        0.5405650541762757
      ],
      [
        0.6122886377288015,
        0.2642404767411858,
        0.5464503859491228
      ]
    ],
    "keypoints_3d": [
      [
        0.02710785724493814,
        -0.09480115760174858,
        0.5046359928524399
      ],
      [
        0.004533220619924061,
        -0.10941191688710145,
        0.4687069315286041
      ],
      [
        0.012236586582529463,
        -0.1014635739876679,
        0.462821599755757
      ],
      [
        0.03843756297084855,
        -0.12134318285534906,
        0.47026820827357285
      ],
      [
        0.030734197008243147,
        -0.12929152575478262,
        0.47615354004641997
      ],
      [
        0.015778151519027672,
        -0.06825913234814811,
        0.5390037774313069
      ],
      [
        0.023481517481633074,
        -0.060310789448714555,
        0.5331184456584598
      ],
      [
        0.04968249386995216,
        -0.0801903983163957,
        0.5405650541762757
      ],
      [
        0.04197912790734676,
        -0.08813874121582926,
        0.5464503859491228
      ]
    ],
    "model_matrix": [
      0.8817731165175415,
      0.383310241740164,
      0.27486256486476873,
      0.12921272920300447,
      0.4533599696995438,
      -0.8495637930064261,
      -0.2696406858887631,
      -0.09270628612526559,
      0.1301572466709824,
      0.3623735920146926,
      -0.9229000330205855,
      0.38992317024172146,
      0.0,
      0.0,
      0.0,
      1.0
    ],
    "view_matrix": [
      0.8020793966512727,
      -0.34463479273621656,
      0.4877453240198163,
      -0.2986640253503797,
      0.19554490141567715,
      0.923228068547473,
      0.33077503680966563,
      -0.16345585350340927,
      -0.5642967596910898,
      -0.1699317306501868,
      0.8078937887620927,
      0.24678007027640894,
      0.0,
      0.0,
      0.0,
      1.0
    ],
    "camera_intrinsics": {
      "fx": 746.0656310958437,
      "fy": 746.0656310958437,
      "cx": 256.0,
      "cy": 256.0,
      "image_width": 512,
      "image_height": 512,
      "model": "SIMPLE_RADIAL",
      "dist": [
        0.0972595640912861,
        0.0,
        0.0,
        0.0
      ]
    },
    "visibility": [
      1.0,
      1.0,
      1.0,
      1.0,
      1.0,
      1.0,
      1.0,
      1.0,
      1.0
    ],
    "keypoints_2d_visibility": [
      1.0,
      1.0,
      1.0,
      1.0,
      1.0,
      1.0,
      1.0,
      1.0,
      1.0
    ],
    "pose_6dof": {
      "translation": [
        0.12921272920300447,
        -0.09270628612526559,
        0.38992317024172146
      ],
      "rotation": [
        0.8817731165175415,
        0.383310241740164,
        0.27486256486476873,
        0.4533599696995438,
        -0.8495637930064261,
        -0.2696406858887631,
        0.1301572466709824,
        0.3623735920146926,
        -0.9229000330205855
      ]
    },
    "pose_9dof": {
      "translation": [
        0.12921272920300447,
        -0.09270628612526559,
        0.38992317024172146
      ],
      "rotation": [
        0.8817731165175415,
        0.383310241740164,
        0.27486256486476873,
        0.4533599696995438,
        -0.8495637930064261,
        -0.2696406858887631,
        0.1301572466709824,
        0.3623735920146926,
        -0.9229000330205855
      ],
      "scale": [
        0.012536153001510763,
        0.033721536009660796,
        0.08222923257639878
      ]
    }
  },
  {
    "frame_id": 6,
    "image": "frame_000006.png",
    "keypoints_2d": [
      [
        0.5834976628981297,
        0.22550322586675825,
        0.5041729661696941
      ],
      [
        0.5194388442704879,
        0.1580827900175481,
        0.4682958524246216
      ],
      [
        0.5439369821766764,
        0.179089066905272,
        0.46239026795509125
      ],
      [
        0.6252881382265377,
        0.12160648799402196,
        0.4698084844479082
      ],
      [
        0.6001383647691743,
        0.10159449634926382,
        0.4757140689174385
      ],
      [
        0.5473165380888717,
        0.315394428037487,
        0.53853744789148
      ],
      [
        0.56882311938417,
        0.3351726349315169,
        0.5326318634219497
      ],
      [
        0.6389695838278409,
        0.2836575061371469,
        0.5400500799147666
      ],
      [
        0.6169706541112073,
        0.2646773902154427,
        0.5459556643842969
      ]
    ],
    "keypoints_3d": [
      [
        0.02882141917457537,
        -0.09474979675796502,
        0.5041729661696941
      ],
      [
        0.006222529790755271,
        -0.10945043828134404,
        0.4682958524246216
      ],
      [
        0.013894949657903055,
        -0.1014871991456201,
        0.46239026795509125
      ],
      [
        0.040160472503122324,
        -0.12129210673398849,
        0.4698084844479082
      ],
      [
        0.03248805263597454,
        -0.12925534586971243,
        0.4757140689174385
      ],
      [
        0.017482365846028358,
        -0.06820748678194155,
        0.53853744789148
      ],
      [
        0.025154785713176142,
        -0.06024424764621762,
        0.5326318634219497
      ],
      [
        0.05142030855839547,
        -0.080049155234586,
        0.5400500799147666
      ],
      [
        0.04374788869124768,
        -0.08801239437030994,
        0.5459556643842969
      ]
    ],
    "model_matrix": [
      0.8817731165175415,
      0.383310241740164,
      0.27486256486476873,
      0.12921272920300447,
      0.4533599696995438,
      -0.8495637930064261,
      -0.2696406858887631,
      -0.09270628612526559,
      0.1301572466709824,
      0.3623735920146926,
      -0.9229000330205855,
      0.38992317024172146,
      0.0,
      0.0,
      0.0,
      1.0
    ],
    "view_matrix": [
      0.8005865697131892,
      -0.3473312092665874,
      0.4882849326615344,
      -0.29721795185249095,
      0.1971404075273398,
      0.9221804613157933,
      0.3327444311890808,
      -0.1644756846344185,
      -0.5658593501169911,
      -0.17013003214247804,
      0.8067583083231161,
      0.24694331650485013,
      0.0,
      0.0,
      0.0,
      1.0
    ],
    "camera_intrinsics": {
      "fx": 745.0296171359794,
      "fy": 745.0296171359794,
      "cx": 256.0,
      "cy": 256.0,
      "image_width": 512,
      "image_height": 512,
      "model": "SIMPLE_RADIAL",
      "dist": [
        0.09774715982122738,
        0.0,
        0.0,
        0.0
      ]
    },
    "visibility": [
      1.0,
      1.0,
      1.0,
      1.0,
      1.0,
      1.0,
      1.0,
      1.0,
      1.0
    ],
    "keypoints_2d_visibility": [
      1.0,
      1.0,
      1.0,
      1.0,
      1.0,
      1.0,
      1.0,
      1.0,
      1.0
    ],
    "pose_6dof": {
      "translation": [
        0.12921272920300447,
        -0.09270628612526559,
        0.38992317024172146
      ],
      "rotation": [
        0.8817731165175415,
        0.383310241740164,
        0.27486256486476873,
        0.4533599696995438,
        -0.8495637930064261,
        -0.2696406858887631,
        0.1301572466709824,
        0.3623735920146926,
        -0.9229000330205855
      ]
    },
    "pose_9dof": {
      "translation": [
        0.12921272920300447,
        -0.09270628612526559,
        0.38992317024172146
      ],
      "rotation": [
        0.8817731165175415,
        0.383310241740164,
        0.27486256486476873,
        0.4533599696995438,
        -0.8495637930064261,
        -0.2696406858887631,
        0.1301572466709824,
        0.3623735920146926,
        -0.9229000330205855
      ],
      "scale": [
        0.012536153001510763,
        0.033721536009660796,
        0.08222923257639878
      ]
    }
  },
  {
    "frame_id": 7,
    "image": "frame_000007.png",
    "keypoints_2d": [
      [
        0.587660962237856,
        0.2226563978221512,
        0.5037084157016437
      ],
      [
        0.5238119160442732,
        0.15503030735322598,
        0.46784730495869076
      ],
      [
        0.548268223703907,
        0.17609932962531977,
        0.4619421878002138
      ],
      [
        0.6298119098272931,
        0.11871394614082403,
        0.46926957616805853
      ],
      [
        0.6046939783641941,
        0.09863512933788404,
        0.4751746933265355
      ],
      [
        0.551191475541493,
        0.3125333564562884,
        0.5381472552352289
      ],
      [
        0.5726517556497894,
        0.33236188640499453,
        0.5322421380767519
      ],
      [
        0.6429497937386889,
        0.28098068246663327,
        0.5395695264445967
      ],
      [
        0.620989777232508,
        0.26194611918128957,
        0.5454746436030736
      ]
    ],
    "keypoints_3d": [
      [
        0.030253591368499977,
        -0.09571695079264164,
        0.5037084157016437
      ],
      [
        0.0076207906524276,
        -0.11040446321939801,
        0.46784730495869076
      ],
      [
        0.015261357140422316,
        -0.10241031115901784,
        0.4619421878002138
      ],
      [
        0.04159145292636368,
        -0.1221632204753888,
        0.46926957616805853
      ],
      [
        0.033950886438368966,
        -0.13015737253576898,
        0.4751746933265355
      ],
      [
        0.018915729810636328,
        -0.06927068110989446,
        0.5381472552352289
      ],
      [
        0.026556296298631044,
        -0.06127652904951432,
        0.5322421380767519
      ],
      [
        0.05288639208457241,
        -0.08102943836588528,
        0.5395695264445967
      ],
      [
        0.04524582559657769,
        -0.08902359042626543,
        0.5454746436030736
      ]
    ],
    "model_matrix": [
      0.8817731165175415,
      0.383310241740164,
      0.27486256486476873,
      0.12921272920300447,
      0.4533599696995438,
      -0.8495637930064261,
      -0.2696406858887631,
      -0.09270628612526559,
      0.1301572466709824,
      0.3623735920146926,
      -0.9229000330205855,
      0.38992317024172146,
      0.0,
      0.0,
      0.0,
      1.0
    ],
    "view_matrix": [
      0.7989627124926417,
      -0.3499948724308939,
      0.4890420976955692,
      -0.29611813114518193,
      0.2002707479400164,
      0.9216304026014591,
      0.33239889969766556,
      -0.1657635816631573,
      -0.5670539758840836,
      -0.1676334998523702,
      0.8064420612550529,
      0.24698788318870857,
      0.0,
      0.0,
      0.0,
      1.0
    ],
    "camera_intrinsics": {
      "fx": 744.3654364492907,
      "fy": 744.3654364492907,
      "cx": 256.0,
      "cy": 256.0,
      "image_width": 512,
      "image_height": 512,
      "model": "SIMPLE_RADIAL",
      "dist": [
        0.09830082645335088,
        0.0,
        0.0,
        0.0
      ]
    },
    "visibility": [
      1.0,
      1.0,
      1.0,
      1.0,
      1.0,
      1.0,
      1.0,
      1.0,
      1.0
    ],
    "keypoints_2d_visibility": [
      1.0,
      1.0,
      1.0,
      1.0,
      1.0,
      1.0,
      1.0,
      1.0,
      1.0
    ],
    "pose_6dof": {
      "translation": [
        0.12921272920300447,
        -0.09270628612526559,
        0.38992317024172146
      ],
      "rotation": [
        0.8817731165175415,
        0.383310241740164,
        0.27486256486476873,
        0.4533599696995438,
        -0.8495637930064261,
        -0.2696406858887631,
        0.1301572466709824,
        0.3623735920146926,
        -0.9229000330205855
      ]
    },
    "pose_9dof": {
      "translation": [
        0.12921272920300447,
        -0.09270628612526559,
        0.38992317024172146
      ],
      "rotation": [
        0.8817731165175415,
        0.383310241740164,
        0.27486256486476873,
        0.4533599696995438,
        -0.8495637930064261,
        -0.2696406858887631,
        0.1301572466709824,
        0.3623735920146926,
        -0.9229000330205855
      ],
      "scale": [
        0.012536153001510763,
        0.033721536009660796,
        0.08222923257639878
      ]
    }
  },
  {
    "frame_id": 8,
    "image": "frame_000008.png",
    "keypoints_2d": [
      [
        0.6037083078886764,
        0.21916683187616726,
        0.5038755896309691
      ],
      [
        0.5399115163434666,
        0.15142539029593816,
        0.46826573787694414
      ],
      [
        0.5642681892403396,
        0.1724662643929208,
        0.4622810882061169
      ],
      [
        0.6461231918336461,
        0.11492549865705293,
        0.46926995352982304
      ],
      [
        0.6210589564528465,
        0.09486590635129205,
        0.47525460320065027
      ],
      [
        0.5670801290811867,
        0.30916100062078355,
        0.5384812257321152
      ],
      [
        0.5884612619254586,
        0.32898045046624413,
        0.532496576061288
      ],
      [
        0.6590227903613541,
        0.2776312847142639,
        0.5394854413849941
      ],
      [
        0.6371067226820225,
        0.2585972128635986,
        0.5454700910558212
      ]
    ],
    "keypoints_3d": [
      [
        0.0358034238176862,
        -0.09695258890150048,
        0.5038755896309691
      ],
      [
        0.012783879711606605,
        -0.11165037786659743,
        0.46826573787694414
      ],
      [
        0.020334030430352368,
        -0.10362950980142036,
        0.4622810882061169
      ],
      [
        0.04679815194909592,
        -0.12332590603471957,
        0.46926995352982304
      ],
      [
        0.039248001230350105,
        -0.13134677409989665,
        0.47525460320065027
      ],
      [
        0.024808695686276527,
        -0.07057927176828138,
        0.5384812257321152
      ],
      [
        0.03235884640502229,
        -0.06255840370310431,
        0.532496576061288
      ],
      [
        0.058822967923765845,
        -0.08225479993640351,
        0.5394854413849941
      ],
      [
        0.05127281720502003,
        -0.09027566800158059,
        0.5454700910558212
      ]
    ],
    "model_matrix": [
      0.8817731165175415,
      0.383310241740164,
      0.27486256486476873,
      0.12921272920300447,
      0.4533599696995438,
      -0.8495637930064261,
      -0.2696406858887631,
      -0.09270628612526559,
      0.1301572466709824,
      0.3623735920146926,
      -0.9229000330205855,
      0.38992317024172146,
      0.0,
      0.0,
      0.0,
      1.0
    ],
    "view_matrix": [
      0.7916867573946128,
      -0.3542479009653358,
      0.49773537429808723,
      -0.2934121451330758,
      0.2030017926569993,
      0.9209672797263501,
      0.33258012846754903,
      -0.16748424646896098,
      -0.5762138061032971,
      -0.16225811022904332,
      0.8010305582940338,
      0.25094702657848267,
      0.0,
      0.0,
      0.0,
      1.0
    ],
    "camera_intrinsics": {
      "fx": 743.9382306448975,
      "fy": 743.9382306448975,
      "cx": 256.0,
      "cy": 256.0,
      "image_width": 512,
      "image_height": 512,
      "model": "SIMPLE_RADIAL",
      "dist": [
        0.10670935771624279,
        0.0,
        0.0,
        0.0
      ]
    },
    "visibility": [
      1.0,
      1.0,
      1.0,
      1.0,
      1.0,
      1.0,
      1.0,
      1.0,
      1.0
    ],
    "keypoints_2d_visibility": [
      1.0,
      1.0,
      1.0,
      1.0,
      1.0,
      1.0,
      1.0,
      1.0,
      1.0
    ],
    "pose_6dof": {
      "translation": [
        0.12921272920300447,
        -0.09270628612526559,
        0.38992317024172146
      ],
      "rotation": [
        0.8817731165175415,
        0.383310241740164,
        0.27486256486476873,
        0.4533599696995438,
        -0.8495637930064261,
        -0.2696406858887631,
        0.1301572466709824,
        0.3623735920146926,
        -0.9229000330205855
      ]
    },
    "pose_9dof": {
      "translation": [
        0.12921272920300447,
        -0.09270628612526559,
        0.38992317024172146
      ],
      "rotation": [
        0.8817731165175415,
        0.383310241740164,
        0.27486256486476873,
        0.4533599696995438,
        -0.8495637930064261,
        -0.2696406858887631,
        0.1301572466709824,
        0.3623735920146926,
        -0.9229000330205855
      ],
      "scale": [
        0.012536153001510763,
        0.033721536009660796,
        0.08222923257639878
      ]
    }
  },
  {
    "frame_id": 9,
    "image": "frame_000009.png",
    "keypoints_2d": [
      [
        0.6177555005566995,
        0.22140871404483276,
        0.5045818822161119
      ],
      [
        0.5539173783244542,
        0.15411230939109039,
        0.469262371474248
      ],
      [
        0.5781498142076393,
        0.17499089510162702,
        0.46317924902082325
      ],
      [
        0.6599166956777138,
        0.11757618926675129,
        0.4698875779466103
      ],
      [
        0.6349447733146666,
        0.09768037831339721,
        0.4759707004000351
      ],
      [
        0.5813208800895234,
        0.311147744404209,
        0.5392761864856135
      ],
      [
        0.6026309595119204,
        0.33089419187047875,
        0.5331930640321887
      ],
      [
        0.6732074462162518,
        0.2796243510939904,
        0.5399013929579759
      ],
      [
        0.6513385843775851,
        0.260664215029229,
        0.5459845154114006
      ]
    ],
    "keypoints_3d": [
      [
        0.040751641181536125,
        -0.09641207474704039,
        0.5045818822161119
      ],
      [
        0.01733012467033218,
        -0.11117522747701859,
        0.469262371474248
      ],
      [
        0.0248046928082874,
        -0.10315764776459967,
        0.46317924902082325
      ],
      [
        0.051361831774484,
        -0.12282637125659118,
        0.4698875779466103
      ],
      [
        0.043887263636528784,
        -0.13084395096901008,
        0.4759707004000351
      ],
