[
  {
    "frame_id": 0,
    "image": "frame_000000.png",
    "keypoints_2d": [
      [
        0.5183554108436015,
        0.29680763727886805,
        0.038615117017482936
      ],
      [
        0.4794130372561012,
        0.1737965753476815,
        0.03126381273592719
      ],
      [
        0.623617241601303,
        0.13847695869778615,
        0.032747387862204894
      ],
      [
        0.5508203456439712,
        0.0782423722334803,
        0.036159100672344305
      ],
      [
        0.4173856648429374,
        0.10731143117981651,
        0.0346755255460666
      ],
      [
        0.4903105409203821,
        0.48510718639061895,
        0.04107113336262157
      ],
      [
        0.5997315499618944,
        0.44823392508882026,
        0.04255470848889927
      ],
      [
        0.5446718877426939,
        0.3795348095235553,
        0.04596642129903868
      ],
      [
        0.44178907022397707,
        0.41132566070717197,
        0.04448284617276098
      ]
    ],
    "keypoints_3d": [
      [
        0.0007206749369612795,
        -0.007977791640989725,
        0.038615117017482936
      ],
      [
        -0.0006508933903176615,
        -0.010313500619131926,
        0.03126381273592719
      ],
      [
        0.004080887580157601,
        -0.011934701584341019,
        0.032747387862204894
      ],
      [
        0.0018473920814487494,
        -0.015331491589703872,
        0.036159100672344305
      ],
      [
        -0.0028843888890265103,
        -0.013710290624494782,
        0.0346755255460666
      ],
      [
        -0.0004060422075261921,
        -0.0006240916922755724,
        0.04107113336262157
      ],
      [
        0.00432573876294907,
        -0.0022452926574846634,
        0.04255470848889927
      ],
      [
        0.0020922432642402206,
        -0.0056420826628475204,
        0.04596642129903868
      ],
      [
        -0.0026395377062350418,
        -0.004020881697638428,
        0.04448284617276098
      ]
    ],
    "model_matrix": [
      0.8985744924326342,
      -0.4377114218851803,
      0.031186418529343955,
      -0.008452542197941535,
      -0.2886334718502397,
      -0.64307238591197,
      -0.7093297014824367,
      -0.008498188056454378,
      0.33053683679298246,
      0.6283841322222733,
      -0.7041866101355164,
      0.05172583808356646,
      0.0,
      0.0,
      0.0,
      1.0
    ],
    "view_matrix": [
      0.9986247999084886,
      0.02144850962576268,
      0.047837960267600885,
      0.006869408079379096,
      -0.02099022526929732,
      0.9997290480550551,
      -0.010061854604266353,
      0.0008611309121298863,
      -0.04804081026455681,
      0.009043887978453154,
      0.9988044296254187,
      -0.013378089501652495,
      0.0,
      0.0,
      0.0,
      1.0
    ],
    "camera_intrinsics": {
      "fx": 501.7915059960656,
      "fy": 501.7915059960656,
      "cx": 256.0,
      "cy": 256.0,
      "image_width": 512,
      "image_height": 512,
      "model": "SIMPLE_RADIAL",
      "dist": [
        0.08194503218476132,
        0.0,
        0.0,
        0.0
      ]
    },
    "visibility": [
      1.0,
      1.0,
      1.0,
      1.0,
      1.0,
      1.0,
      1.0,
      1.0,
      1.0
    ],
    "keypoints_2d_visibility": [
      1.0,
      1.0,
      1.0,
      1.0,
      1.0,
      1.0,
      1.0,
      1.0,
      1.0
    ],
    "pose_6dof": {
      "translation": [
        -0.008452542197941535,
        -0.008498188056454378,
        0.05172583808356646
      ],
      "rotation": [
        0.8985744924326342,
        -0.4377114218851803,
        0.031186418529343955,
        -0.2886334718502397,
        -0.64307238591197,
        -0.7093297014824367,
        0.33053683679298246,
        0.6283841322222733,
        -0.7041866101355164
      ]
    },
    "pose_9dof": {
      "translation": [
        -0.008452542197941535,
        -0.008498188056454378,
        0.05172583808356646
      ],
      "rotation": [
        0.8985744924326342,
        -0.4377114218851803,
        0.031186418529343955,
        -0.2886334718502397,
        -0.64307238591197,
        -0.7093297014824367,
        0.33053683679298246,
        0.6283841322222733,
        -0.7041866101355164
      ],
      "scale": [
        0.005217186873925124,
        0.005307209133071262,
        0.013788695925588575
      ]
    }
  },
  {
    "frame_id": 1,
    "image": "frame_000001.png",
    "keypoints_2d": [
      [
        0.5180487383908657,
        0.2958195918206398,
        0.03864653838013192
      ],
      [
        0.4789575874176578,
        0.1726785071921222,
        0.03129450672484314
      ],
      [
        0.6232318754922412,
        0.13729532293317698,
        0.03277646555545203
      ],
      [
        0.5504522804148981,
        0.0770390119404073,
        0.03618716567756536
      ],
      [
        0.41693831374291906,
        0.10617044206805049,
        0.03470520684695646
      ],
      [
        0.4900656286788023,
        0.48422238481423996,
        0.04110591108269849
      ],
      [
        0.5995262145133227,
        0.44732755568915217,
        0.04258786991330739
      ],
      [
        0.5444694676841364,
        0.378640859642199,
        0.04599857003542071
      ],
      [
        0.4415431475576687,
        0.4104597720361105,
        0.04451661120481181
      ]
    ],
    "keypoints_3d": [
      [
        0.0007083988176854825,
        -0.008013920785843315,
        0.03864653838013192
      ],
      [
        -0.0006651222427108252,
        -0.01034619032071018,
        0.03129450672484314
      ],
      [
        0.004066589506902235,
        -0.011969070729246384,
        0.03277646555545203
      ],
      [
        0.0018330087412265737,
        -0.01536682151798515,
        0.03618716567756536
      ],
      [
        -0.002898703008386484,
        -0.01374394110944895,
        0.03470520684695646
      ],
      [
        -0.0004162111058556078,
        -0.0006610200537014782,
        0.04110591108269849
      ],
      [
        0.0043155006437574535,
        -0.0022839004622376797,
        0.04258786991330739
      ],
      [
        0.002081919878081793,
        -0.005681651250976449,
        0.04599857003542071
      ],
      [
        -0.0026497918715312685,
        -0.0040587708424402475,
        0.04451661120481181
      ]
    ],
    "model_matrix": [
      0.8985744924326342,
      -0.4377114218851803,
      0.031186418529343955,
      -0.008452542197941535,
      -0.2886334718502397,
      -0.64307238591197,
      -0.7093297014824367,
      -0.008498188056454378,
      0.33053683679298246,
      0.6283841322222733,
      -0.7041866101355164,
      0.05172583808356646,
      0.0,
      0.0,
      0.0,
      1.0
    ],
    "view_matrix": [
      0.9986107275852499,
      0.021671526509931083,
      0.04803082021355837,
      0.006848932410281327,
      -0.02119065448631421,
      0.9997203299035232,
      -0.010498482749062765,
      0.0008458184990910033,
      -0.04824490557664575,
      0.00946609298074297,
      0.9987906798571864,
      -0.013344094067448234,
      0.0,
      0.0,
      0.0,
      1.0
    ],
    "camera_intrinsics": {
      "fx": 502.32862545029565,
      "fy": 502.32862545029565,
      "cx": 256.0,
      "cy": 256.0,
      "image_width": 512,
      "image_height": 512,
      "model": "SIMPLE_RADIAL",
      "dist": [
        0.08312522223930859,
        0.0,
        0.0,
        0.0
      ]
    },
    "visibility": [
      1.0,
      1.0,
      1.0,
      1.0,
      1.0,
      1.0,
      1.0,
      1.0,
      1.0
    ],
    "keypoints_2d_visibility": [
      1.0,
      1.0,
      1.0,
      1.0,
      1.0,
      1.0,
      1.0,
      1.0,
      1.0
    ],
    "pose_6dof": {
      "translation": [
        -0.008452542197941535,
        -0.008498188056454378,
        0.05172583808356646
      ],
      "rotation": [
        0.8985744924326342,
        -0.4377114218851803,
        0.031186418529343955,
        -0.2886334718502397,
        -0.64307238591197,
        -0.7093297014824367,
        0.33053683679298246,
        0.6283841322222733,
        -0.7041866101355164
      ]
    },
    "pose_9dof": {
      "translation": [
        -0.008452542197941535,
        -0.008498188056454378,
        0.05172583808356646
      ],
      "rotation": [
        0.8985744924326342,
        -0.4377114218851803,
        0.031186418529343955,
        -0.2886334718502397,
        -0.64307238591197,
        -0.7093297014824367,
        0.33053683679298246,
        0.6283841322222733,
        -0.7041866101355164
      ],
      "scale": [
        0.005217186873925124,
        0.005307209133071262,
        0.013788695925588575
      ]
    }
  },
  {
    "frame_id": 2,
    "image": "frame_000002.png",
    "keypoints_2d": [
      [
        0.5180486713106167,
        0.296103404266476,
        0.03863468304291244
      ],
      [
        0.4789489349950802,
        0.17306271163936965,
        0.03128250104410074
      ],
      [
        0.6231589000400806,
        0.1376401467406434,
        0.032763945817679205
      ],
      [
        0.5503999363054695,
        0.07739151077446804,
        0.03617444353663059
      ],
      [
        0.4169458315365624,
        0.10655606216417313,
        0.03469299876305212
      ],
      [
        0.49011901737017016,
        0.4843877215858224,
        0.04109492254919429
      ],
      [
        0.5995040300209573,
        0.447486516329904,
        0.042576367322772764
      ],
      [
        0.5444700386350244,
        0.3788368540873462,
        0.04598686504172414
      ],
      [
        0.4416160826777957,
        0.41066302069473976,
        0.04450542026814567
      ]
    ],
    "keypoints_3d": [
      [
        0.0007088020820534783,
        -0.008007366807912069,
        0.03863468304291244
      ],
      [
        -0.0006656883767048498,
        -0.01033859107471272,
        0.03128250104410074
      ],
      [
        0.00406582349301036,
        -0.011962523242950586,
        0.032763945817679205
      ],
      [
        0.0018318466589050553,
        -0.015360216812986488,
        0.03617444353663059
      ],
      [
        -0.0028996652108101524,
        -0.013736284644748624,
        0.03469299876305212
      ],
      [
        -0.0004142424947980979,
        -0.0006545168028376482,
        0.04109492254919429
      ],
      [
        0.0043172693749171116,
        -0.002278448971075513,
        0.042576367322772764
      ],
      [
        0.002083292540811809,
        -0.005676142541111417,
        0.04598686504172414
      ],
      [
        -0.002648219328903404,
        -0.004052210372873552,
        0.04450542026814567
      ]
    ],
    "model_matrix": [
      0.8985744924326342,
      -0.4377114218851803,
      0.031186418529343955,
      -0.008452542197941535,
      -0.2886334718502397,
      -0.64307238591197,
      -0.7093297014824367,
      -0.008498188056454378,
      0.33053683679298246,
      0.6283841322222733,
      -0.7041866101355164,
      0.05172583808356646,
      0.0,
      0.0,
      0.0,
      1.0
    ],
    "view_matrix": [
      0.9986032343313558,
      0.02186097052202874,
      0.04810071050192834,
      0.0068472671347057186,
      -0.021374043020082036,
      0.9997152027475913,
      -0.010614314877472563,
      0.000856770320085654,
      -0.048319050776386444,
      0.009571382511290801,
      0.9987860921983704,
      -0.013355444049369234,
      0.0,
      0.0,
      0.0,
      1.0
    ],
    "camera_intrinsics": {
      "fx": 501.8693232999994,
      "fy": 501.8693232999994,
      "cx": 256.0,
      "cy": 256.0,
      "image_width": 512,
      "image_height": 512,
      "model": "SIMPLE_RADIAL",
      "dist": [
        0.08402305020842266,
        0.0,
        0.0,
        0.0
      ]
    },
    "visibility": [
      1.0,
      1.0,
      1.0,
      1.0,
      1.0,
      1.0,
      1.0,
      1.0,
      1.0
    ],
    "keypoints_2d_visibility": [
      1.0,
      1.0,
      1.0,
      1.0,
      1.0,
      1.0,
      1.0,
      1.0,
      1.0
    ],
    "pose_6dof": {
      "translation": [
        -0.008452542197941535,
        -0.008498188056454378,
        0.05172583808356646
      ],
      "rotation": [
        0.8985744924326342,
        -0.4377114218851803,
        0.031186418529343955,
        -0.2886334718502397,
        -0.64307238591197,
        -0.7093297014824367,
        0.33053683679298246,
        0.6283841322222733,
        -0.7041866101355164
      ]
    },
    "pose_9dof": {
      "translation": [
        -0.008452542197941535,
        -0.008498188056454378,
        0.05172583808356646
      ],
      "rotation": [
        0.8985744924326342,
        -0.4377114218851803,
        0.031186418529343955,
        -0.2886334718502397,
        -0.64307238591197,
        -0.7093297014824367,
        0.33053683679298246,
        0.6283841322222733,
        -0.7041866101355164
      ],
      "scale": [
        0.005217186873925124,
        0.005307209133071262,
        0.013788695925588575
      ]
    }
  },
  {
    "frame_id": 3,
    "image": "frame_000003.png",
    "keypoints_2d": [
      [
        0.5183497903764812,
        0.29674529983397246,
        0.03866287868031995
      ],
      [
        0.4794298486585999,
        0.17385108389972348,
        0.03131133424617301
      ],
      [
        0.6235630728621057,
        0.13855166361543347,
        0.032794027617508506
      ],
      [
        0.5508614097681213,
        0.07824887130861374,
        0.03620542088695253
      ],
      [
        0.41747436577089125,
        0.10730422778654647,
        0.03472272751561703
      ],
      [
        0.49027148415642957,
        0.4849285001577542,
        0.04112033647368739
      ],
      [
        0.5996521991083538,
        0.44810913346007414,
        0.04260302984502287
      ],
      [
        0.5446606251897693,
        0.37941693990307945,
        0.04601442311446689
      ],
      [
        0.4418097655216451,
        0.4111661769297162,
        0.044531729743131396
      ]
    ],
    "keypoints_3d": [
      [
        0.0007208716126691789,
        -0.00798486197853529,
        0.03866287868031995
      ],
      [
        -0.0006508626585363412,
        -0.01031971749204186,
        0.03131133424617301
      ],
      [
        0.004081631567158298,
        -0.011939642690259758,
        0.032794027617508506
      ],
      [
        0.001849669404687648,
        -0.015337761235667846,
        0.03620542088695253
      ],
      [
        -0.0028828248210069915,
        -0.013717836037449952,
        0.03472272751561703
      ],
      [
        -0.0004079261793492918,
        -0.0006319627214027315,
        0.04112033647368739
      ],
      [
        0.0043245680463453486,
        -0.002251887919620628,
        0.04260302984502287
      ],
      [
        0.0020926058838746982,
        -0.0056500064650287195,
        0.04601442311446689
      ],
      [
        -0.0026398883418199412,
        -0.004030081266810823,
        0.044531729743131396
      ]
    ],
    "model_matrix": [
      0.8985744924326342,
      -0.4377114218851803,
      0.031186418529343955,
      -0.008452542197941535,
      -0.2886334718502397,
      -0.64307238591197,
      -0.7093297014824367,
      -0.008498188056454378,
      0.33053683679298246,
      0.6283841322222733,
      -0.7041866101355164,
      0.05172583808356646,
      0.0,
      0.0,
      0.0,
      1.0
    ],
    "view_matrix": [
      0.9986255152100242,
      0.02112475826460287,
      0.04796691526225071,
      0.006860189196079415,
      -0.02065718297645403,
      0.999734352217828,
      -0.010222807201398716,
      0.0008652461123694009,
      -0.048170127288508856,
      0.009217894763001158,
      0.9987966105534936,
      -0.013329537705990793,
      0.0,
      0.0,
      0.0,
      1.0
    ],
    "camera_intrinsics": {
      "fx": 502.0875926744467,
      "fy": 502.0875926744467,
      "cx": 256.0,
      "cy": 256.0,
      "image_width": 512,
      "image_height": 512,
      "model": "SIMPLE_RADIAL",
      "dist": [
        0.08356923268915638,
        0.0,
        0.0,
        0.0
      ]
    },
    "visibility": [
      1.0,
      1.0,
      1.0,
      1.0,
      1.0,
      1.0,
      1.0,
      1.0,
      1.0
    ],
    "keypoints_2d_visibility": [
      1.0,
      1.0,
      1.0,
      1.0,
      1.0,
      1.0,
      1.0,
      1.0,
      1.0
    ],
    "pose_6dof": {
      "translation": [
        -0.008452542197941535,
        -0.008498188056454378,
        0.05172583808356646
      ],
      "rotation": [
        0.8985744924326342,
        -0.4377114218851803,
        0.031186418529343955,
        -0.2886334718502397,
        -0.64307238591197,
        -0.7093297014824367,
        0.33053683679298246,
        0.6283841322222733,
        -0.7041866101355164
      ]
    },
    "pose_9dof": {
      "translation": [
        -0.008452542197941535,
        -0.008498188056454378,
        0.05172583808356646
      ],
      "rotation": [
        0.8985744924326342,
        -0.4377114218851803,
        0.031186418529343955,
        -0.2886334718502397,
        -0.64307238591197,
        -0.7093297014824367,
        0.33053683679298246,
        0.6283841322222733,
        -0.7041866101355164
      ],
      "scale": [
        0.005217186873925124,
        0.005307209133071262,
        0.013788695925588575
      ]
    }
  },
  {
    "frame_id": 4,
    "image": "frame_000004.png",
    "keypoints_2d": [
      [
        0.520143192273191,
        0.29803495597107665,
        0.038679119250875416
      ],
      [
        0.48165994678827134,
        0.17521216688101104,
        0.03133186413283069
      ],
      [
        0.6257053330245597,
        0.14023628116333714,
        0.03281364038063988
      ],
      [
        0.5530833196560285,
        0.07998064678873185,
        0.036231419498013055
      ],
      [
        0.4198187593860655,
        0.10875407602053416,
        0.03474964325020387
      ],
      [
        0.4916674541679073,
        0.48610594924773787,
        0.041126819003737776
      ],
      [
        0.6011044672542514,
        0.4494972294230585,
        0.04260859525154696
      ],
      [
        0.546179481715082,
        0.38073076504054026,
        0.04602637436892014
      ],
      [
        0.4432986761601616,
        0.412280129920614,
        0.04454459812111095
      ]
    ],
    "keypoints_3d": [
      [
        0.0007915868729692979,
        -0.00793681932256351,
        0.038679119250875416
      ],
      [
        -0.0005807588718749444,
        -0.010284780168481136,
        0.03133186413283069
      ],
      [
        0.004155781199218783,
        -0.01189368233573947,
        0.03281364038063988
      ],
      [
        0.0019325353252324113,
        -0.015291097893307518,
        0.036231419498013055
      ],
      [
        -0.0028040047458613134,
        -0.013682195726049189,
        0.03474964325020387
      ],
      [
        -0.00034936157929381807,
        -0.0005825407518194993,
        0.041126819003737776
      ],
      [
        0.00438717849179991,
        -0.002191442919077833,
        0.04260859525154696
      ],
      [
        0.002163932617813541,
        -0.005588858476645886,
        0.04602637436892014
      ],
      [
        -0.002572607453280188,
        -0.003979956309387552,
        0.04454459812111095
      ]
    ],
    "model_matrix": [
      0.8985744924326342,
      -0.4377114218851803,
      0.031186418529343955,
      -0.008452542197941535,
      -0.2886334718502397,
      -0.64307238591197,
      -0.7093297014824367,
      -0.008498188056454378,
      0.33053683679298246,
      0.6283841322222733,
      -0.7041866101355164,
      0.05172583808356646,
      0.0,
      0.0,
      0.0,
      1.0
    ],
    "view_matrix": [
      0.9986295692244821,
      0.019251169897320626,
      0.048665962726631255,
      0.006878857800866985,
      -0.018849386795446968,
      0.9997844692475749,
      -0.008701475092221276,
      0.0008503029674393969,
      -0.04882298729042495,
      0.007772226767755416,
      0.9987772065896927,
      -0.013330097334351925,
      0.0,
      0.0,
      0.0,
      1.0
    ],
    "camera_intrinsics": {
      "fx": 502.2131579043172,
      "fy": 502.2131579043172,
      "cx": 256.0,
      "cy": 256.0,
      "image_width": 512,
      "image_height": 512,
      "model": "SIMPLE_RADIAL",
      "dist": [
        0.08071839652338884,
        0.0,
        0.0,
        0.0
      ]
    },
    "visibility": [
      1.0,
      1.0,
      1.0,
      1.0,
      1.0,
      1.0,
      1.0,
      1.0,
      1.0
    ],
    "keypoints_2d_visibility": [
      1.0,
      1.0,
      1.0,
      1.0,
      1.0,
      1.0,
      1.0,
      1.0,
      1.0
    ],
    "pose_6dof": {
      "translation": [
        -0.008452542197941535,
        -0.008498188056454378,
        0.05172583808356646
      ],
      "rotation": [
        0.8985744924326342,
        -0.4377114218851803,
        0.031186418529343955,
        -0.2886334718502397,
        -0.64307238591197,
        -0.7093297014824367,
        0.33053683679298246,
        0.6283841322222733,
        -0.7041866101355164
      ]
    },
    "pose_9dof": {
      "translation": [
        -0.008452542197941535,
        -0.008498188056454378,
        0.05172583808356646
      ],
      "rotation": [
        0.8985744924326342,
        -0.4377114218851803,
        0.031186418529343955,
        -0.2886334718502397,
        -0.64307238591197,
        -0.7093297014824367,
        0.33053683679298246,
        0.6283841322222733,
        -0.7041866101355164
      ],
      "scale": [
        0.005217186873925124,
        0.005307209133071262,
        0.013788695925588575
      ]
    }
  },
  {
    "frame_id": 5,
    "image": "frame_000005.png",
    "keypoints_2d": [
      [
        0.5190570803663651,
        0.29707376697870136,
        0.03871289070118055
      ],
      [
        0.4806316706089224,
        0.17419686897344883,
        0.031361733864754784
      ],
      [
        0.6246832663109263,
        0.13927603422803714,
        0.032848417007225204
      ],
      [
        0.5520621395069446,
        0.07886468674157954,
        0.036260214927662376
      ],
      [
        0.41873826731231667,
        0.10757858809432563,
        0.03477353178519195
      ],
      [
        0.49053218682856614,
        0.4851729750970916,
        0.04116556647469873
      ],
      [
        0.5999598953798275,
        0.4485932095183092,
        0.04265224961716915
      ],
      [
        0.5450524763249244,
        0.3797982034735578,
        0.04606404753760632
      ],
      [
        0.44215146499933117,
        0.4113207018140899,
        0.0445773643951359
      ]
    ],
    "keypoints_3d": [
      [
        0.000748805792834038,
        -0.007973537177947264,
        0.03871289070118055
      ],
      [
        -0.0006132225802420784,
        -0.010315284949205951,
        0.031361733864754784
      ],
      [
        0.004121672299549139,
        -0.011924502954535806,
        0.032848417007225204
      ],
      [
        0.0018945775519795,
        -0.015325407645585433,
        0.036260214927662376
      ],
      [
        -0.002840317327811717,
        -0.013716189640255583,
        0.03477353178519195
      ],
      [
        -0.00039696596631142583,
        -0.0006216667103090899,
        0.04116556647469873
      ],
      [
        0.004337928913479791,
        -0.002230884715638943,
        0.04265224961716915
      ],
      [
        0.0021108341659101526,
        -0.005631789406688574,
        0.04606404753760632
      ],
      [
        -0.0026240607138810663,
        -0.0040225714013587205,
        0.0445773643951359
      ]
    ],
    "model_matrix": [
      0.8985744924326342,
      -0.4377114218851803,
      0.031186418529343955,
      -0.008452542197941535,
      -0.2886334718502397,
      -0.64307238591197,
      -0.7093297014824367,
      -0.008498188056454378,
      0.33053683679298246,
      0.6283841322222733,
      -0.7041866101355164,
      0.05172583808356646,
      0.0,
      0.0,
      0.0,
      1.0
    ],
    "view_matrix": [
      0.998697891750815,
      0.019029674697078662,
      0.04733278455152181,
      0.006903731670325621,
      -0.018596519998595462,
      0.999781221552473,
      -0.00957488772711054,
      0.0008608728803351864,
      -0.04750463615710846,
      0.008682195112314465,
      0.9988332839025802,
      -0.013280350029349826,
      0.0,
      0.0,
      0.0,
      1.0
    ],
    "camera_intrinsics": {
      "fx": 502.6769964783271,
      "fy": 502.6769964783271,
      "cx": 256.0,
      "cy": 256.0,
      "image_width": 512,
      "image_height": 512,
      "model": "SIMPLE_RADIAL",
      "dist": [
        0.08212567300898094,
        0.0,
        0.0,
        0.0
      ]
    },
    "visibility": [
      1.0,
      1.0,
      1.0,
      1.0,
      1.0,
      1.0,
      1.0,
      1.0,
      1.0
    ],
    "keypoints_2d_visibility": [
      1.0,
      1.0,
      1.0,
      1.0,
      1.0,
      1.0,
      1.0,
      1.0,
      1.0
    ],
    "pose_6dof": {
      "translation": [
        -0.008452542197941535,
        -0.008498188056454378,
        0.05172583808356646
      ],
      "rotation": [
        0.8985744924326342,
        -0.4377114218851803,
        0.031186418529343955,
        -0.2886334718502397,
        -0.64307238591197,
        -0.7093297014824367,
        0.33053683679298246,
        0.6283841322222733,
        -0.7041866101355164
      ]
    },
    "pose_9dof": {
      "translation": [
        -0.008452542197941535,
        -0.008498188056454378,
        0.05172583808356646
      ],
      "rotation": [
        0.8985744924326342,
        -0.4377114218851803,
        0.031186418529343955,
        -0.2886334718502397,
        -0.64307238591197,
        -0.7093297014824367,
        0.33053683679298246,
        0.6283841322222733,
        -0.7041866101355164
      ],
      "scale": [
        0.005217186873925124,
        0.005307209133071262,
        0.013788695925588575
      ]
    }
  },
  {
    "frame_id": 6,
    "image": "frame_000006.png",
    "keypoints_2d": [
      [
        0.518979874387022,
        0.29599769008252796,
        0.03865705888655718
      ],
      [
        0.4804295718344655,
        0.1729413868334716,
        0.03130361035995173
      ],
      [
        0.6245809866792144,
        0.13785982559558096,
        0.03278797495146786
      ],
      [
        0.5518588769458845,
        0.07745225564670155,
        0.03619646918371976
      ],
      [
        0.4184441438520192,
        0.10630329329174681,
        0.03471210459220364
      ],
      [
        0.4905939207490577,
        0.4841726504567261,
        0.04111764858939461
      ],
      [
        0.5999863693496625,
        0.4475125815276574,
        0.04260201318091074
      ],
      [
        0.5450371278116377,
        0.37876181511665663,
        0.046010507413162635
      ],
      [
        0.44216842293644393,
        0.4103614966663768,
        0.044526142821646505
      ]
    ],
    "keypoints_3d": [
      [
        0.0007455858131010101,
        -0.008013816372688031,
        0.03865705888655718
      ],
      [
        -0.0006191278454096612,
        -0.010346789185180123,
        0.03130361035995173
      ],
      [
        0.004114768260940621,
        -0.01196107797322005,
        0.03278797495146786
      ],
      [
        0.0018856011700369504,
        -0.015363937055182249,
        0.03619646918371976
      ],
      [
        -0.0028482949363133293,
        -0.013749648267142324,
        0.03471210459220364
      ],
      [
        -0.0003944295438349328,
        -0.0006636956901938122,
        0.04111764858939461
      ],
      [
        0.004339466562515351,
        -0.0022779844782337385,
        0.04260201318091074
      ],
      [
        0.0021102994716116815,
        -0.00568084356019594,
        0.046010507413162635
      ],
      [
        -0.0026235966347386017,
        -0.004066554772156012,
        0.044526142821646505
      ]
    ],
    "model_matrix": [
      0.8985744924326342,
      -0.4377114218851803,
      0.031186418529343955,
      -0.008452542197941535,
      -0.2886334718502397,
      -0.64307238591197,
      -0.7093297014824367,
      -0.008498188056454378,
      0.33053683679298246,
      0.6283841322222733,
      -0.7041866101355164,
      0.05172583808356646,
      0.0,
      0.0,
      0.0,
      1.0
    ],
    "view_matrix": [
      0.9986776928549519,
      0.01977029982789401,
      0.04745525301402942,
      0.006900300146351952,
      -0.019284886420987767,
      0.9997571454437407,
      -0.010665049925467957,
      0.000870960189418888,
      -0.04765457952432249,
      0.00973577828929442,
      0.9988164274136974,
      -0.013327623782626166,
      0.0,
      0.0,
      0.0,
      1.0
    ],
    "camera_intrinsics": {
      "fx": 502.0241814863415,
      "fy": 502.0241814863415,
      "cx": 256.0,
      "cy": 256.0,
      "image_width": 512,
      "image_height": 512,
      "model": "SIMPLE_RADIAL",
      "dist": [
        0.08353905924772172,
        0.0,
        0.0,
        0.0
      ]
    },
    "visibility": [
      1.0,
      1.0,
      1.0,
      1.0,
      1.0,
      1.0,
      1.0,
      1.0,
      1.0
    ],
    "keypoints_2d_visibility": [
      1.0,
      1.0,
      1.0,
      1.0,
      1.0,
      1.0,
      1.0,
      1.0,
      1.0
    ],
    "pose_6dof": {
      "translation": [
        -0.008452542197941535,
        -0.008498188056454378,
        0.05172583808356646
      ],
      "rotation": [
        0.8985744924326342,
        -0.4377114218851803,
        0.031186418529343955,
        -0.2886334718502397,
        -0.64307238591197,
        -0.7093297014824367,
        0.33053683679298246,
        0.6283841322222733,
        -0.7041866101355164
      ]
    },
    "pose_9dof": {
      "translation": [
        -0.008452542197941535,
        -0.008498188056454378,
        0.05172583808356646
      ],
      "rotation": [
        0.8985744924326342,
        -0.4377114218851803,
        0.031186418529343955,
        -0.2886334718502397,
        -0.64307238591197,
        -0.7093297014824367,
        0.33053683679298246,
        0.6283841322222733,
        -0.7041866101355164
      ],
      "scale": [
        0.005217186873925124,
        0.005307209133071262,
        0.013788695925588575
      ]
    }
  },
  {
    "frame_id": 7,
    "image": "frame_000007.png",
    "keypoints_2d": [
      [
        0.5188430017805709,
        0.29633961736693193,
        0.038665613136203925
      ],
      [
        0.4804129212130702,
        0.17331425603598805,
        0.03131176376167276
      ],
      [
        0.6245515237787086,
        0.1382944213334958,
        0.03279884682981618
      ],
      [
        0.5518278787444781,
        0.07780562269571178,
        0.036206628358076615
      ],
      [
        0.4184092291934913,
        0.10659201520741657,
        0.03471954528993319
      ],
      [
        0.4903672832683603,
        0.4844812572273325,
        0.041124597914331235
      ],
      [
        0.5997554165340864,
        0.4478619423773626,
        0.042611680982474656
      ],
      [
        0.5448187491238865,
        0.37907835494512715,
        0.04601946251073509
      ],
      [
        0.4419478840901287,
        0.41063654344428324,
        0.04453237944259167
      ]
    ],
    "keypoints_3d": [
      [
        0.0007402459920275491,
        -0.008000783725147407,
        0.038665613136203925
      ],
      [
        -0.0006196725571413746,
        -0.010335292594979057,
        0.03131176376167276
      ],
      [
        0.004114071093165337,
        -0.011947525170967602,
        0.03279884682981618
      ],
      [
        0.0018844377333776755,
        -0.015350792559628689,
        0.036206628358076615
      ],
      [
        -0.0028493059169290343,
        -0.013738559983640148,
        0.03471954528993319
      ],
      [
        -0.0004039457493225781,
        -0.0006507748906661204,
        0.041124597914331235
      ],
      [
        0.0043297979009841335,
        -0.0022630074666546633,
        0.042611680982474656
      ],
      [
        0.0021001645411964738,
        -0.0056662748553157555,
        0.04601946251073509
      ],
      [
        -0.0026335791091102387,
        -0.0040540422793272106,
        0.04453237944259167
      ]
    ],
    "model_matrix": [
      0.8985744924326342,
      -0.4377114218851803,
      0.031186418529343955,
      -0.008452542197941535,
      -0.2886334718502397,
      -0.64307238591197,
      -0.7093297014824367,
      -0.008498188056454378,
      0.33053683679298246,
      0.6283841322222733,
      -0.7041866101355164,
      0.05172583808356646,
      0.0,
      0.0,
      0.0,
      1.0
    ],
    "view_matrix": [
      0.9987101814509342,
      0.01937371272181786,
      0.046932214113702984,
      0.006918919290168475,
      -0.018900283912224935,
      0.9997661281579434,
      -0.010510388009581904,
      0.0008793200254700011,
      -0.047124863228228904,
      0.009609799344790951,
      0.9988427799319939,
      -0.013317025782489802,
      0.0,
      0.0,
      0.0,
      1.0
    ],
    "camera_intrinsics": {
      "fx": 502.09352756944776,
      "fy": 502.09352756944776,
      "cx": 256.0,
      "cy": 256.0,
      "image_width": 512,
      "image_height": 512,
      "model": "SIMPLE_RADIAL",
      "dist": [
        0.08462885643394316,
        0.0,
        0.0,
        0.0
      ]
    },
    "visibility": [
      1.0,
      1.0,
      1.0,
      1.0,
      1.0,
      1.0,
      1.0,
      1.0,
      1.0
    ],
    "keypoints_2d_visibility": [
      1.0,
      1.0,
      1.0,
      1.0,
      1.0,
      1.0,
      1.0,
      1.0,
      1.0
    ],
    "pose_6dof": {
      "translation": [
        -0.008452542197941535,
        -0.008498188056454378,
        0.05172583808356646
      ],
      "rotation": [
        0.8985744924326342,
        -0.4377114218851803,
        0.031186418529343955,
        -0.2886334718502397,
        -0.64307238591197,
        -0.7093297014824367,
        0.33053683679298246,
        0.6283841322222733,
        -0.7041866101355164
      ]
    },
    "pose_9dof": {
      "translation": [
        -0.008452542197941535,
        -0.008498188056454378,
        0.05172583808356646
      ],
      "rotation": [
        0.8985744924326342,
        -0.4377114218851803,
        0.031186418529343955,
        -0.2886334718502397,
        -0.64307238591197,
        -0.7093297014824367,
        0.33053683679298246,
        0.6283841322222733,
        -0.7041866101355164
      ],
      "scale": [
        0.005217186873925124,
        0.005307209133071262,
        0.013788695925588575
      ]
    }
  },
  {
    "frame_id": 8,
    "image": "frame_000008.png",
    "keypoints_2d": [
      [
        0.5177227959625169,
        0.2948170100439931,
        0.03863640359985368
      ],
      [
        0.4794287186949448,
        0.17143670876435407,
        0.03127765440488657
      ],
      [
        0.6238334633763349,
        0.13671455022926665,
        0.032769473955684955
      ],
      [
        0.5511367864320172,
        0.0759528741459311,
        0.03616973230472417
      ],
      [
        0.4174446083104149,
        0.10444877691135895,
        0.03467791275392579
      ],
      [
        0.48888011043331203,
        0.483157654730784,
        0.04110307489498319
      ],
      [
        0.5984349278173917,
        0.4467093817240682,
        0.04259489444578157
      ],
      [
        0.5435899938536042,
        0.3777475712934306,
        0.04599515279482079
      ],
      [
        0.4405433356077914,
        0.4091359408347678,
        0.044503333244022406
      ]
    ],
    "keypoints_3d": [
      [
        0.0006953504717322713,
        -0.008050314925427463,
        0.03863640359985368
      ],
      [
        -0.0006497614854885717,
        -0.01037795210830222,
        0.03127765440488657
      ],
      [
        0.004084795426018846,
        -0.011983406609996262,
        0.032769473955684955
      ],
      [
        0.0018565272633498733,
        -0.015395082581887492,
        0.03616973230472417
      ],
      [
        -0.002878029648157543,
        -0.013789628080193453,
        0.03467791275392579
      ],
      [
        -0.00046582631988533255,
        -0.0007055472689674306,
        0.04110307489498319
      ],
      [
        0.004268730591622085,
        -0.002311001770661472,
        0.04259489444578157
      ],
      [
        0.002040462428953114,
        -0.005722677742552707,
        0.04599515279482079
      ],
      [
        -0.002694094482554304,
        -0.0041172232408586635,
        0.044503333244022406
      ]
    ],
    "model_matrix": [
      0.8985744924326342,
      -0.4377114218851803,
      0.031186418529343955,
      -0.008452542197941535,
      -0.2886334718502397,
      -0.64307238591197,
      -0.7093297014824367,
      -0.008498188056454378,
      0.33053683679298246,
      0.6283841322222733,
      -0.7041866101355164,
      0.05172583808356646,
      0.0,
      0.0,
      0.0,
      1.0
    ],
    "view_matrix": [
      0.9988095621980387,
      0.017527847397722365,
      0.04552178629364641,
      0.006932132840229514,
      -0.017011979277480545,
      0.9997868852376478,
      -0.011695155743515014,
      0.0009072093013365784,
      -0.045717075834143514,
      0.010906817702916698,
      0.9988948845122647,
      -0.013326008783648285,
      0.0,
      0.0,
      0.0,
      1.0
    ],
    "camera_intrinsics": {
      "fx": 502.348740634894,
      "fy": 502.348740634894,
      "cx": 256.0,
      "cy": 256.0,
      "image_width": 512,
      "image_height": 512,
      "model": "SIMPLE_RADIAL",
      "dist": [
        0.08384914718239178,
        0.0,
        0.0,
        0.0
      ]
    },
    "visibility": [
      1.0,
      1.0,
      1.0,
      1.0,
      1.0,
      1.0,
      1.0,
      1.0,
      1.0
    ],
    "keypoints_2d_visibility": [
      1.0,
      1.0,
      1.0,
      1.0,
      1.0,
      1.0,
      1.0,
      1.0,
      1.0
    ],
    "pose_6dof": {
      "translation": [
        -0.008452542197941535,
        -0.008498188056454378,
        0.05172583808356646
      ],
      "rotation": [
        0.8985744924326342,
        -0.4377114218851803,
        0.031186418529343955,
        -0.2886334718502397,
        -0.64307238591197,
        -0.7093297014824367,
        0.33053683679298246,
        0.6283841322222733,
        -0.7041866101355164
      ]
    },
    "pose_9dof": {
      "translation": [
        -0.008452542197941535,
        -0.008498188056454378,
        0.05172583808356646
      ],
      "rotation": [
        0.8985744924326342,
        -0.4377114218851803,
        0.031186418529343955,
        -0.2886334718502397,
        -0.64307238591197,
        -0.7093297014824367,
        0.33053683679298246,
        0.6283841322222733,
        -0.7041866101355164
      ],
      "scale": [
        0.005217186873925124,
        0.005307209133071262,
        0.013788695925588575
      ]
    }
  },
  {
    "frame_id": 9,
    "image": "frame_000009.png",
    "keypoints_2d": [
      [
        0.5173616642073299,
        0.29393216978806425,
        0.038662288585384855
      ],
      [
        0.47912753424457116,
        0.17033348171509788,
        0.031302031600357424
      ],
      [
        0.6236586871273206,
        0.13572234279059897,
        0.03279528311288535
      ],
      [
        0.5509974455699804,
        0.07480110348427654,
        0.03619321687332376
      ],
      [
        0.41716090126464944,
        0.10318643729415466,
        0.03469996536079584
      ],
      [
        0.4883417421411371,
        0.482369719370347,
        0.041131360297445956
      ],
      [
        0.5979746343665594,
        0.4460215827081952,
        0.04262461180997388
      ],
      [
