[
  {
    "frame_id": 0,
    "image": "frame_000000.png",
    "keypoints_2d": [
      [
        0.41404158700266147,
        0.36711396378511574,
        0.21478850801247065
      ],
      [
        0.4204761403699395,
        0.5936688455244428,
        0.22024109904752587
      ],
      [
        0.522561648349027,
        0.5254868463945683,
        0.23400491294051656
      ],
      [
        0.504028064117535,
        0.14964341981206247,
        0.19769259695875552
      ],
      [
        0.3778403416030861,
        0.20635930685056592,
        0.18392878306576482
      ],
      [
        0.33726166813939085,
        0.5461188081949956,
        0.23188441906618582
      ],
      [
        0.4398947141700815,
        0.4838190183849816,
        0.2456482329591765
      ],
      [
        0.40479120790123935,
        0.117773579266708,
        0.20933591697741544
      ],
      [
        0.27757911071055125,
        0.16779207541172758,
        0.19557210308442474
      ]
    ],
    "keypoints_3d": [
      [
        -0.013189518350740337,
        -0.0203901253187124,
        0.21478850801247065
      ],
      [
        -0.012541467345656448,
        0.01477223028302424,
        0.22024109904752587
      ],
      [
        0.0037931679762389092,
        0.0042849657109989,
        0.23400491294051656
      ],
      [
        0.000556613273257317,
        -0.048413609420139295,
        0.19769259695875552
      ],
      [
        -0.015778022048638055,
        -0.03792634484811394,
        0.18392878306576482
      ],
      [
        -0.026935649974737977,
        0.007633358782714511,
        0.23188441906618582
      ],
      [
        -0.010601014652842605,
        -0.002853905789310829,
        0.2456482329591765
      ],
      [
        -0.013837569355824211,
        -0.055552480920449024,
        0.20933591697741544
      ],
      [
        -0.030172204677719583,
        -0.045065216348423684,
        0.19557210308442474
      ]
    ],
    "model_matrix": [
      -0.9982876862492147,
      0.04239126214935999,
      0.04030727448703843,
      -0.003995083186678173,
      -0.057900208636218815,
      -0.6180588916416159,
      -0.7839966660022346,
      -0.03351958700543354,
      -0.008322338798171612,
      -0.7849880173328262,
      0.6194550438254632,
      0.15165354038636925,
      0.0,
      0.0,
      0.0,
      1.0
    ],
    "view_matrix": [
      -0.6581728675349283,
      -0.5772579938788805,
      0.4833028915119181,
      -0.10846301783491374,
      0.41960177987968805,
      0.2517397538999492,
      0.8721017386911869,
      -0.1425328849688658,
      -0.6250942511035024,
      0.7767884556359754,
      0.07653020598448912,
      0.22672275601925843,
      0.0,
      0.0,
      0.0,
      1.0
    ],
    "camera_intrinsics": {
      "fx": 712.4292706920138,
      "fy": 712.4292706920138,
      "cx": 256.0,
      "cy": 256.0,
      "image_width": 512,
      "image_height": 512,
      "model": "SIMPLE_RADIAL",
      "dist": [
        0.46951300473279867,
        0.0,
        0.0,
        0.0
      ]
    },
    "visibility": [
      1.0,
      1.0,
      1.0,
      1.0,
      1.0,
      1.0,
      1.0,
      1.0,
      1.0
    ],
    "keypoints_2d_visibility": [
      1.0,
      1.0,
      1.0,
      1.0,
      1.0,
      1.0,
      1.0,
      1.0,
      1.0
    ],
    "pose_6dof": {
      "translation": [
        -0.003995083186678173,
        -0.03351958700543354,
        0.15165354038636925
      ],
      "rotation": [
        -0.9982876862492147,
        0.04239126214935999,
        0.04030727448703843,
        -0.057900208636218815,
        -0.6180588916416159,
        -0.7839966660022346,
        -0.008322338798171612,
        -0.7849880173328262,
        0.6194550438254632
      ]
    },
    "pose_9dof": {
      "translation": [
        -0.003995083186678173,
        -0.03351958700543354,
        0.15165354038636925
      ],
      "rotation": [
        -0.9982876862492147,
        0.04239126214935999,
        0.04030727448703843,
        -0.057900208636218815,
        -0.6180588916416159,
        -0.7839966660022346,
        -0.008322338798171612,
        -0.7849880173328262,
        0.6194550438254632
      ],
      "scale": [
        0.023795915661807443,
        0.06407963326328318,
        0.019842451484486844
      ]
    }
  },
  {
    "frame_id": 1,
    "image": "frame_000001.png",
    "keypoints_2d": [
      [
        0.41605790107702756,
        0.3666799222774113,
        0.2147533167164733
      ],
      [
        0.4221699112799143,
        0.592701212947726,
        0.2201862972177748
      ],
      [
        0.5239319971989443,
        0.5248897911172253,
        0.2339636400152421
      ],
      [
        0.506291295954693,
        0.14963973121615298,
        0.19767966912883989
      ],
      [
        0.3805272923221305,
        0.2059907941797075,
        0.1839023263313726
      ],
      [
        0.33911378727385144,
        0.5452518199378823,
        0.23182696430410668
      ],
      [
        0.44142458553405534,
        0.4833026988222613,
        0.245604307101574
      ],
      [
        0.40719228381719336,
        0.11783183516244161,
        0.20932033621517177
      ],
      [
        0.28040527717344793,
        0.16749429788343828,
        0.19554299341770445
      ]
    ],
    "keypoints_3d": [
      [
        -0.012913103519502367,
        -0.020509088847535967,
        0.2147533167164733
      ],
      [
        -0.012305748727591784,
        0.014657028561028684,
        0.2201862972177748
      ],
      [
        0.004033848238214108,
        0.004195288809918651,
        0.2339636400152421
      ],
      [
        0.0008713876913958862,
        -0.04852730311386105,
        0.19767966912883989
      ],
      [
        -0.015468209274410005,
        -0.038065563362751034,
        0.1839023263313726
      ],
      [
        -0.026697594730400634,
        0.00750912541878912,
        0.23182696430410668
      ],
      [
        -0.010357997764594742,
        -0.002952614332320913,
        0.245604307101574
      ],
      [
        -0.013520458311412964,
        -0.05567520625610063,
        0.20932033621517177
      ],
      [
        -0.02986005527721884,
        -0.0452134665049906,
        0.19554299341770445
      ]
    ],
    "model_matrix": [
      -0.9982876862492147,
      0.04239126214935999,
      0.04030727448703843,
      -0.003995083186678173,
      -0.057900208636218815,
      -0.6180588916416159,
      -0.7839966660022346,
      -0.03351958700543354,
      -0.008322338798171612,
      -0.7849880173328262,
      0.6194550438254632,
      0.15165354038636925,
      0.0,
      0.0,
      0.0,
      1.0
    ],
    "view_matrix": [
      -0.6583367489882949,
      -0.5778923945804275,
      0.4823205419818051,
      -0.10805954578908802,
      0.41853341954632517,
      0.2515524430268371,
      0.8726689779808203,
      -0.142748419115722,
      -0.6256376760189419,
      0.776377323659913,
      0.07626106249120945,
      0.22671242928510363,
      0.0,
      0.0,
      0.0,
      1.0
    ],
    "camera_intrinsics": {
      "fx": 710.4779799266922,
      "fy": 710.4779799266922,
      "cx": 256.0,
      "cy": 256.0,
      "image_width": 512,
      "image_height": 512,
      "model": "SIMPLE_RADIAL",
      "dist": [
        0.4730028340849034,
        0.0,
        0.0,
        0.0
      ]
    },
    "visibility": [
      1.0,
      1.0,
      1.0,
      1.0,
      1.0,
      1.0,
      1.0,
      1.0,
      1.0
    ],
    "keypoints_2d_visibility": [
      1.0,
      1.0,
      1.0,
      1.0,
      1.0,
      1.0,
      1.0,
      1.0,
      1.0
    ],
    "pose_6dof": {
      "translation": [
        -0.003995083186678173,
        -0.03351958700543354,
        0.15165354038636925
      ],
      "rotation": [
        -0.9982876862492147,
        0.04239126214935999,
        0.04030727448703843,
        -0.057900208636218815,
        -0.6180588916416159,
        -0.7839966660022346,
        -0.008322338798171612,
        -0.7849880173328262,
        0.6194550438254632
      ]
    },
    "pose_9dof": {
      "translation": [
        -0.003995083186678173,
        -0.03351958700543354,
        0.15165354038636925
      ],
      "rotation": [
        -0.9982876862492147,
        0.04239126214935999,
        0.04030727448703843,
        -0.057900208636218815,
        -0.6180588916416159,
        -0.7839966660022346,
        -0.008322338798171612,
        -0.7849880173328262,
        0.6194550438254632
      ],
      "scale": [
        0.023795915661807443,
        0.06407963326328318,
        0.019842451484486844
      ]
    }
  },
  {
    "frame_id": 2,
    "image": "frame_000002.png",
    "keypoints_2d": [
      [
        0.41817963197117436,
        0.3661555716354201,
        0.21470339467597002
      ],
      [
        0.4243899678281022,
        0.5915475580629213,
        0.22015216231908946
      ],
      [
        0.5257094284694337,
        0.5238917955098161,
        0.23392170464831905
      ],
      [
        0.508223180909074,
        0.14946409147440987,
        0.19761449119563723
      ],
      [
        0.38294599619373604,
        0.2058016905234854,
        0.18384494886640765
      ],
      [
        0.34147363872890224,
        0.5443018362265192,
        0.2317922981563028
      ],
      [
        0.44333463018094976,
        0.48248866761812004,
        0.2455618404855324
      ],
      [
        0.4092497017599657,
        0.11783472396589878,
        0.20925462703285058
      ],
      [
        0.28296647122660123,
        0.16749044789616252,
        0.195485084703621
      ]
    ],
    "keypoints_3d": [
      [
        -0.012621233194100537,
        -0.020646225173728217,
        0.21470339467597002
      ],
      [
        -0.011989753975247167,
        0.014517024615379515,
        0.22015216231908946
      ],
      [
        0.004345548142866085,
        0.00403832188377326,
        0.23392170464831905
      ],
      [
        0.0011416444660267283,
        -0.04866576383723896,
        0.19761449119563723
      ],
      [
        -0.015193657652086537,
        -0.038187061105632705,
        0.18384494886640765
      ],
      [
        -0.026384110854227802,
        0.00737331348978254,
        0.2317922981563028
      ],
      [
        -0.01004880873611455,
        -0.0031053892418237417,
        0.2455618404855324
      ],
      [
        -0.013252712412953907,
        -0.05580947496283595,
        0.20925462703285058
      ],
      [
        -0.029588014531067172,
        -0.04533077223122968,
        0.195485084703621
      ]
    ],
    "model_matrix": [
      -0.9982876862492147,
      0.04239126214935999,
      0.04030727448703843,
      -0.003995083186678173,
      -0.057900208636218815,
      -0.6180588916416159,
      -0.7839966660022346,
      -0.03351958700543354,
      -0.008322338798171612,
      -0.7849880173328262,
      0.6194550438254632,
      0.15165354038636925,
      0.0,
      0.0,
      0.0,
      1.0
    ],
    "view_matrix": [
      -0.6581788870739184,
      -0.5775814257934132,
      0.48290811671433576,
      -0.1078457290353238,
      0.41924877860616294,
      0.25158085298868593,
      0.8723173367798704,
      -0.14282841759970408,
      -0.6253247270397831,
      0.776599492008547,
      0.07656510148029416,
      0.226625095903987,
      0.0,
      0.0,
      0.0,
      1.0
    ],
    "camera_intrinsics": {
      "fx": 708.3626791357392,
      "fy": 708.3626791357392,
      "cx": 256.0,
      "cy": 256.0,
      "image_width": 512,
      "image_height": 512,
      "model": "SIMPLE_RADIAL",
      "dist": [
        0.4750508095678357,
        0.0,
        0.0,
        0.0
      ]
    },
    "visibility": [
      1.0,
      1.0,
      1.0,
      1.0,
      1.0,
      1.0,
      1.0,
      1.0,
      1.0
    ],
    "keypoints_2d_visibility": [
      1.0,
      1.0,
      1.0,
      1.0,
      1.0,
      1.0,
      1.0,
      1.0,
      1.0
    ],
    "pose_6dof": {
      "translation": [
        -0.003995083186678173,
        -0.03351958700543354,
        0.15165354038636925
      ],
      "rotation": [
        -0.9982876862492147,
        0.04239126214935999,
        0.04030727448703843,
        -0.057900208636218815,
        -0.6180588916416159,
        -0.7839966660022346,
        -0.008322338798171612,
        -0.7849880173328262,
        0.6194550438254632
      ]
    },
    "pose_9dof": {
      "translation": [
        -0.003995083186678173,
        -0.03351958700543354,
        0.15165354038636925
      ],
      "rotation": [
        -0.9982876862492147,
        0.04239126214935999,
        0.04030727448703843,
        -0.057900208636218815,
        -0.6180588916416159,
        -0.7839966660022346,
        -0.008322338798171612,
        -0.7849880173328262,
        0.6194550438254632
      ],
      "scale": [
        0.023795915661807443,
        0.06407963326328318,
        0.019842451484486844
      ]
    }
  },
  {
    "frame_id": 3,
    "image": "frame_000003.png",
    "keypoints_2d": [
      [
        0.4201487968664577,
        0.3660059005154539,
        0.21517983999768478
      ],
      [
        0.42643885494848843,
        0.5909245284560464,
        0.22060571221506461
      ],
      [
        0.5274847655515514,
        0.5234497531809676,
        0.2343643715756289
      ],
      [
        0.5099464110237502,
        0.14968575495624903,
        0.19809391377714997
      ],
      [
        0.38506483080501014,
        0.20594045545301065,
        0.18433525441658566
      ],
      [
        0.34367440693622503,
        0.5438878513170743,
        0.23226576621821957
      ],
      [
        0.44523229168674794,
        0.4822277031620571,
        0.24602442557878385
      ],
      [
        0.41119582714938196,
        0.11829585536629694,
        0.20975396778030492
      ],
      [
        0.285360303509793,
        0.16790484971655822,
        0.1959953084197406
      ]
    ],
    "keypoints_3d": [
      [
        -0.012345763192483553,
        -0.020716775158161477,
        0.21517983999768478
      ],
      [
        -0.011690214423286868,
        0.014449574340408944,
        0.22060571221506461
      ],
      [
        0.004654391958466425,
        0.003971085088166598,
        0.2343643715756289
      ],
      [
        0.0013842705166692837,
        -0.04875423706354269,
        0.19809391377714997
      ],
      [
        -0.01496033586508401,
        -0.03827574781130033,
        0.18433525441658566
      ],
      [
        -0.02607579690163639,
        0.0073206867472197235,
        0.23226576621821957
      ],
      [
        -0.009731190519883096,
        -0.0031578025050225944,
        0.24602442557878385
      ],
      [
        -0.013001311961680223,
        -0.0558831246567319,
        0.20975396778030492
      ],
      [
        -0.02934591834343353,
        -0.04540463540448955,
        0.1959953084197406
      ]
    ],
    "model_matrix": [
      -0.9982876862492147,
      0.04239126214935999,
      0.04030727448703843,
      -0.003995083186678173,
      -0.057900208636218815,
      -0.6180588916416159,
      -0.7839966660022346,
      -0.03351958700543354,
      -0.008322338798171612,
      -0.7849880173328262,
      0.6194550438254632,
      0.15165354038636925,
      0.0,
      0.0,
      0.0,
      1.0
    ],
    "view_matrix": [
      -0.6586308498408282,
      -0.5766186973537628,
      0.48344211804516757,
      -0.10762077759525411,
      0.41919566193688707,
      0.2523708562720477,
      0.872114641499504,
      -0.1428419597489713,
      -0.6248843098136192,
      0.7770584461715624,
      0.07549682498088006,
      0.22728069259640352,
      0.0,
      0.0,
      0.0,
      1.0
    ],
    "camera_intrinsics": {
      "fx": 708.3534005466028,
      "fy": 708.3534005466028,
      "cx": 256.0,
      "cy": 256.0,
      "image_width": 512,
      "image_height": 512,
      "model": "SIMPLE_RADIAL",
      "dist": [
        0.47529102970176124,
        0.0,
        0.0,
        0.0
      ]
    },
    "visibility": [
      1.0,
      1.0,
      1.0,
      1.0,
      1.0,
      1.0,
      1.0,
      1.0,
      1.0
    ],
    "keypoints_2d_visibility": [
      1.0,
      1.0,
      1.0,
      1.0,
      1.0,
      1.0,
      1.0,
      1.0,
      1.0
    ],
    "pose_6dof": {
      "translation": [
        -0.003995083186678173,
        -0.03351958700543354,
        0.15165354038636925
      ],
      "rotation": [
        -0.9982876862492147,
        0.04239126214935999,
        0.04030727448703843,
        -0.057900208636218815,
        -0.6180588916416159,
        -0.7839966660022346,
        -0.008322338798171612,
        -0.7849880173328262,
        0.6194550438254632
      ]
    },
    "pose_9dof": {
      "translation": [
        -0.003995083186678173,
        -0.03351958700543354,
        0.15165354038636925
      ],
      "rotation": [
        -0.9982876862492147,
        0.04239126214935999,
        0.04030727448703843,
        -0.057900208636218815,
        -0.6180588916416159,
        -0.7839966660022346,
        -0.008322338798171612,
        -0.7849880173328262,
        0.6194550438254632
      ],
      "scale": [
        0.023795915661807443,
        0.06407963326328318,
        0.019842451484486844
      ]
    }
  },
  {
    "frame_id": 4,
    "image": "frame_000004.png",
    "keypoints_2d": [
      [
        0.42422035538005354,
        0.36242551636632614,
        0.21960554730536125
      ],
      [
        0.4304173089024543,
        0.5852261160875674,
        0.22488752482992228
      ],
      [
        0.5300213301568738,
        0.5190169445709721,
        0.23872668245462156
      ],
      [
        0.5135048307289338,
        0.1477134889448437,
        0.20266705505042454
      ],
      [
        0.3908603333032145,
        0.20304763839955303,
        0.18882789742572526
      ],
      [
        0.34799546528005754,
        0.5392962291540163,
        0.23654403956029793
      ],
      [
        0.4481778322606809,
        0.4786898719670855,
        0.25038319718499724
      ],
      [
        0.4154246483168669,
        0.11690620728053192,
        0.21432356978080022
      ],
      [
        0.2917462419546649,
        0.1657548178034351,
        0.2004844121561009
      ]
    ],
    "keypoints_3d": [
      [
        -0.01184436615292489,
        -0.02150290576881267,
        0.21960554730536125
      ],
      [
        -0.011173130338278991,
        0.013685048512090098,
        0.22488752482992228
      ],
      [
        0.005131671327321202,
        0.0032506457468130245,
        0.23872668245462156
      ],
      [
        0.0019022334485006565,
        -0.049621590839264845,
        0.20266705505042454
      ],
      [
        -0.014402568217099537,
        -0.03918718807398777,
        0.18882789742572526
      ],
      [
        -0.02559096575435045,
        0.006615779301639507,
        0.23654403956029793
      ],
      [
        -0.009286164088750257,
        -0.0038186234636375382,
        0.25038319718499724
      ],
      [
        -0.012515601967570802,
        -0.05669086004971542,
        0.21432356978080022
      ],
      [
        -0.028820403633170996,
        -0.04625645728443835,
        0.2004844121561009
      ]
    ],
    "model_matrix": [
      -0.9982876862492147,
      0.04239126214935999,
      0.04030727448703843,
      -0.003995083186678173,
      -0.057900208636218815,
      -0.6180588916416159,
      -0.7839966660022346,
      -0.03351958700543354,
      -0.008322338798171612,
      -0.7849880173328262,
      0.6194550438254632,
      0.15165354038636925,
      0.0,
      0.0,
      0.0,
      1.0
    ],
    "view_matrix": [
      -0.656868528664761,
      -0.5781885927475895,
      0.48396455166298585,
      -0.10724419108899723,
      0.41712784642237877,
      0.25603618622701996,
      0.8720377463627085,
      -0.1435018296885548,
      -0.6281147154690943,
      0.7746892425733594,
      0.0729964495869081,
      0.2319932702194069,
      0.0,
      0.0,
      0.0,
      1.0
    ],
    "camera_intrinsics": {
      "fx": 714.8235230762455,
      "fy": 714.8235230762455,
      "cx": 256.0,
      "cy": 256.0,
      "image_width": 512,
      "image_height": 512,
      "model": "SIMPLE_RADIAL",
      "dist": [
        0.5092769343202741,
        0.0,
        0.0,
        0.0
      ]
    },
    "visibility": [
      1.0,
      1.0,
      1.0,
      1.0,
      1.0,
      1.0,
      1.0,
      1.0,
      1.0
    ],
    "keypoints_2d_visibility": [
      1.0,
      1.0,
      1.0,
      1.0,
      1.0,
      1.0,
      1.0,
      1.0,
      1.0
    ],
    "pose_6dof": {
      "translation": [
        -0.003995083186678173,
        -0.03351958700543354,
        0.15165354038636925
      ],
      "rotation": [
        -0.9982876862492147,
        0.04239126214935999,
        0.04030727448703843,
        -0.057900208636218815,
        -0.6180588916416159,
        -0.7839966660022346,
        -0.008322338798171612,
        -0.7849880173328262,
        0.6194550438254632
      ]
    },
    "pose_9dof": {
      "translation": [
        -0.003995083186678173,
        -0.03351958700543354,
        0.15165354038636925
      ],
      "rotation": [
        -0.9982876862492147,
        0.04239126214935999,
        0.04030727448703843,
        -0.057900208636218815,
        -0.6180588916416159,
        -0.7839966660022346,
        -0.008322338798171612,
        -0.7849880173328262,
        0.6194550438254632
      ],
      "scale": [
        0.023795915661807443,
        0.06407963326328318,
        0.019842451484486844
      ]
    }
  },
  {
    "frame_id": 5,
    "image": "frame_000005.png",
    "keypoints_2d": [
      [
        0.42518704045779454,
        0.3614781840775131,
        0.2204383409447051
      ],
      [
        0.43140159481545787,
        0.5836062769490846,
        0.22575847577575692
      ],
      [
        0.5305899890991127,
        0.5175773858781818,
        0.2395968021634464
      ],
      [
        0.5142990106417342,
        0.14753359434522245,
        0.20347845037040513
      ],
      [
        0.3922586645371871,
        0.20281896641391878,
        0.18964012398271565
      ],
      [
        0.34911387355623,
        0.5378416389364313,
        0.23739823151900508
      ],
      [
        0.4488773177885072,
        0.4773745713849513,
        0.2512365579066945
      ],
      [
        0.416440555843385,
        0.11678203639986123,
        0.2151182061136533
      ],
      [
        0.29338517751261584,
        0.16564053469515083,
        0.2012798797259638
      ]
    ],
    "keypoints_3d": [
      [
        -0.01172790394787819,
        -0.02171509537606406,
        0.2204383409447051
      ],
      [
        -0.011049564203644613,
        0.013466973794673431,
        0.22575847577575692
      ],
      [
        0.005243324802693808,
        0.003012879247618311,
        0.2395968021634464
      ],
      [
        0.0020211072654875983,
        -0.04981969949934334,
        0.20347845037040513
      ],
      [
        -0.014271781740850809,
        -0.039365604952288205,
        0.18964012398271565
      ],
      [
        -0.02547691516124398,
        0.006389508747215222,
        0.23739823151900508
      ],
      [
        -0.009184026154905572,
        -0.004064585799839898,
        0.2512365579066945
      ],
      [
        -0.012406243692111768,
        -0.05689716454680155,
        0.2151182061136533
      ],
      [
        -0.02869913269845019,
        -0.0464430699997464,
        0.2012798797259638
      ]
    ],
    "model_matrix": [
      -0.9982876862492147,
      0.04239126214935999,
      0.04030727448703843,
      -0.003995083186678173,
      -0.057900208636218815,
      -0.6180588916416159,
      -0.7839966660022346,
      -0.03351958700543354,
      -0.008322338798171612,
      -0.7849880173328262,
      0.6194550438254632,
      0.15165354038636925,
      0.0,
      0.0,
      0.0,
      1.0
    ],
    "view_matrix": [
      -0.6563446619748393,
      -0.5786052175987977,
      0.48417732997795754,
      -0.10717186967067716,
      0.4179968412389433,
      0.25537776733674966,
      0.8718146802299005,
      -0.14369878874972303,
      -0.6280846482850871,
      0.7745955061304874,
      0.07423931890213986,
      0.23263455644090716,
      0.0,
      0.0,
      0.0,
      1.0
    ],
    "camera_intrinsics": {
      "fx": 715.4584628832181,
      "fy": 715.4584628832181,
      "cx": 256.0,
      "cy": 256.0,
      "image_width": 512,
      "image_height": 512,
      "model": "SIMPLE_RADIAL",
      "dist": [
        0.5029149943076989,
        0.0,
        0.0,
        0.0
      ]
    },
    "visibility": [
      1.0,
      1.0,
      1.0,
      1.0,
      1.0,
      1.0,
      1.0,
      1.0,
      1.0
    ],
    "keypoints_2d_visibility": [
      1.0,
      1.0,
      1.0,
      1.0,
      1.0,
      1.0,
      1.0,
      1.0,
      1.0
    ],
    "pose_6dof": {
      "translation": [
        -0.003995083186678173,
        -0.03351958700543354,
        0.15165354038636925
      ],
      "rotation": [
        -0.9982876862492147,
        0.04239126214935999,
        0.04030727448703843,
        -0.057900208636218815,
        -0.6180588916416159,
        -0.7839966660022346,
        -0.008322338798171612,
        -0.7849880173328262,
        0.6194550438254632
      ]
    },
    "pose_9dof": {
      "translation": [
        -0.003995083186678173,
        -0.03351958700543354,
        0.15165354038636925
      ],
      "rotation": [
        -0.9982876862492147,
        0.04239126214935999,
        0.04030727448703843,
        -0.057900208636218815,
        -0.6180588916416159,
        -0.7839966660022346,
        -0.008322338798171612,
        -0.7849880173328262,
        0.6194550438254632
      ],
      "scale": [
        0.023795915661807443,
        0.06407963326328318,
        0.019842451484486844
      ]
    }
  },
  {
    "frame_id": 6,
    "image": "frame_000006.png",
    "keypoints_2d": [
      [
        0.42603227037304103,
        0.36036181041592713,
        0.22189237761369188
      ],
      [
        0.4321808013276673,
        0.5817698685615892,
        0.22723422371214586
      ],
      [
        0.5308976578128184,
        0.5160184338369385,
        0.24108800944297804
      ],
      [
        0.5150724168596053,
        0.14703647857489355,
        0.20493415450532085
      ],
      [
        0.39370011614568146,
        0.20227405958554812,
        0.19108036877448864
      ],
      [
        0.34998612266690954,
        0.5362126189319871,
        0.23885060072206293
      ],
      [
        0.44931264487663136,
        0.4759623605412532,
        0.2527043864528951
      ],
      [
        0.41734769261750027,
        0.11619610106877265,
        0.21655053151523793
      ],
      [
        0.2949107192275439,
        0.165032181825307,
        0.20269674578440572
      ]
    ],
    "keypoints_3d": [
      [
        -0.011633590036165181,
        -0.021962191609857726,
        0.22189237761369188
      ],
      [
        -0.010961824333893797,
        0.013216713740727276,
        0.22723422371214586
      ],
      [
        0.005312505821425423,
        0.0027541900918311435,
        0.24108800944297804
      ],
      [
        0.0021375563309050938,
        -0.05005696278363972,
        0.20493415450532085
      ],
      [
        -0.01413677382441414,
        -0.03959443913474357,
        0.19108036877448864
      ],
      [
        -0.02540473640323547,
        0.0061325795639242675,
        0.23885060072206293
      ],
      [
        -0.009130406247916237,
        -0.004329944084971865,
        0.2527043864528951
      ],
      [
        -0.01230535573843658,
        -0.05714109696044273,
        0.21655053151523793
      ],
      [
        -0.0285796858937558,
        -0.04667857331154658,
        0.20269674578440572
      ]
    ],
    "model_matrix": [
      -0.9982876862492147,
      0.04239126214935999,
      0.04030727448703843,
      -0.003995083186678173,
      -0.057900208636218815,
      -0.6180588916416159,
      -0.7839966660022346,
      -0.03351958700543354,
      -0.008322338798171612,
      -0.7849880173328262,
      0.6194550438254632,
      0.15165354038636925,
      0.0,
      0.0,
      0.0,
      1.0
    ],
    "view_matrix": [
      -0.6555031999122451,
      -0.5796308048247112,
      0.4840905752057826,
      -0.10709541463993058,
      0.41837818094531537,
      0.25492811637565327,
      0.8717633584809875,
      -0.14395165048925843,
      -0.6287091955854446,
      0.7739766053178992,
      0.07539868571058961,
      0.23388953061073187,
      0.0,
      0.0,
      0.0,
      1.0
    ],
    "camera_intrinsics": {
      "fx": 717.6842545784563,
      "fy": 717.6842545784563,
      "cx": 256.0,
      "cy": 256.0,
      "image_width": 512,
      "image_height": 512,
      "model": "SIMPLE_RADIAL",
      "dist": [
        0.5169590572518505,
        0.0,
        0.0,
        0.0
      ]
    },
    "visibility": [
      1.0,
      1.0,
      1.0,
      1.0,
      1.0,
      1.0,
      1.0,
      1.0,
      1.0
    ],
    "keypoints_2d_visibility": [
      1.0,
      1.0,
      1.0,
      1.0,
      1.0,
      1.0,
      1.0,
      1.0,
      1.0
    ],
    "pose_6dof": {
      "translation": [
        -0.003995083186678173,
        -0.03351958700543354,
        0.15165354038636925
      ],
      "rotation": [
        -0.9982876862492147,
        0.04239126214935999,
        0.04030727448703843,
        -0.057900208636218815,
        -0.6180588916416159,
        -0.7839966660022346,
        -0.008322338798171612,
        -0.7849880173328262,
        0.6194550438254632
      ]
    },
    "pose_9dof": {
      "translation": [
        -0.003995083186678173,
        -0.03351958700543354,
        0.15165354038636925
      ],
      "rotation": [
        -0.9982876862492147,
        0.04239126214935999,
        0.04030727448703843,
        -0.057900208636218815,
        -0.6180588916416159,
        -0.7839966660022346,
        -0.008322338798171612,
        -0.7849880173328262,
        0.6194550438254632
      ],
      "scale": [
        0.023795915661807443,
        0.06407963326328318,
        0.019842451484486844
      ]
    }
  },
  {
    "frame_id": 7,
    "image": "frame_000007.png",
    "keypoints_2d": [
      [
        0.42639470310336447,
        0.3580039719949812,
        0.2211546137774168
      ],
      [
        0.4321844971853933,
        0.5791218982507395,
        0.2264976700655
      ],
      [
        0.5304520016865566,
        0.5137407378186374,
        0.24041774890730913
      ],
      [
        0.516020139660363,
        0.14479911583159938,
        0.20425352627551002
      ],
      [
        0.3951687337184166,
        0.19946666239893146,
        0.19033344743370093
      ],
      [
        0.34989475471802584,
        0.5336797990972546,
        0.2380557012793236
      ],
      [
        0.4488382071246456,
        0.4737885364677561,
        0.2519757801211327
      ],
      [
        0.4181253182202022,
        0.1140224825472615,
        0.21581155748933362
      ],
      [
        0.29612696456198107,
        0.16230001283552015,
        0.2018914786475245
      ]
    ],
    "keypoints_3d": [
      [
        -0.011594341927757518,
        -0.022367282933259403,
        0.2211546137774168
      ],
      [
        -0.010981628110073513,
        0.012812516694420795,
        0.2264976700655
      ],
      [
        0.005247521180713768,
        0.0023678184929881996,
        0.24041774890730913
      ],
      [
        0.0022752886611718676,
        -0.050448033620220364,
        0.20425352627551002
      ],
      [
        -0.013953860629615414,
        -0.04000333541878777,
        0.19033344743370093
      ],
      [
        -0.025463972516686903,
        0.0057134677537015455,
        0.2380557012793236
      ],
      [
        -0.009234823225899622,
        -0.00473123044773105,
        0.2519757801211327
      ],
      [
        -0.012207055745441522,
        -0.0575470825609396,
        0.21581155748933362
      ],
      [
        -0.028436205036228804,
        -0.04710238435950699,
        0.2018914786475245
      ]
    ],
    "model_matrix": [
      -0.9982876862492147,
      0.04239126214935999,
      0.04030727448703843,
      -0.003995083186678173,
      -0.057900208636218815,
      -0.6180588916416159,
      -0.7839966660022346,
      -0.03351958700543354,
      -0.008322338798171612,
      -0.7849880173328262,
      0.6194550438254632,
      0.15165354038636925,
      0.0,
      0.0,
      0.0,
      1.0
    ],
    "view_matrix": [
      -0.6533935626148417,
      -0.5830341244015268,
      0.48285407952799697,
      -0.1069742972744798,
      0.4176575553041953,
      0.2543407700352508,
      0.8722803099893969,
      -0.14445770590526064,
      -0.6313786651691735,
      0.7716099937670716,
      0.07732398520492934,
      0.23276979569499875,
      0.0,
      0.0,
      0.0,
      1.0
    ],
    "camera_intrinsics": {
      "fx": 714.1204675470866,
      "fy": 714.1204675470866,
      "cx": 256.0,
      "cy": 256.0,
      "image_width": 512,
      "image_height": 512,
      "model": "SIMPLE_RADIAL",
      "dist": [
        0.5086637017687309,
        0.0,
        0.0,
        0.0
      ]
    },
    "visibility": [
      1.0,
      1.0,
      1.0,
      1.0,
      1.0,
      1.0,
      1.0,
      1.0,
      1.0
    ],
    "keypoints_2d_visibility": [
      1.0,
      1.0,
      1.0,
      1.0,
      1.0,
      1.0,
      1.0,
      1.0,
      1.0
    ],
    "pose_6dof": {
      "translation": [
        -0.003995083186678173,
        -0.03351958700543354,
        0.15165354038636925
      ],
      "rotation": [
        -0.9982876862492147,
        0.04239126214935999,
        0.04030727448703843,
        -0.057900208636218815,
        -0.6180588916416159,
        -0.7839966660022346,
        -0.008322338798171612,
        -0.7849880173328262,
        0.6194550438254632
      ]
    },
    "pose_9dof": {
      "translation": [
        -0.003995083186678173,
        -0.03351958700543354,
        0.15165354038636925
      ],
      "rotation": [
        -0.9982876862492147,
        0.04239126214935999,
        0.04030727448703843,
        -0.057900208636218815,
        -0.6180588916416159,
        -0.7839966660022346,
        -0.008322338798171612,
        -0.7849880173328262,
        0.6194550438254632
      ],
      "scale": [
        0.023795915661807443,
        0.06407963326328318,
        0.019842451484486844
      ]
    }
  },
  {
    "frame_id": 8,
    "image": "frame_000008.png",
    "keypoints_2d": [
      [
        0.4305842885684839,
        0.3579264657129627,
        0.22378030554525022
      ],
      [
        0.43642685252454483,
        0.5777787807839746,
        0.2290712087602784
      ],
      [
        0.5337562343753841,
        0.5128361383281029,
        0.24302765889495911
      ],
      [
        0.5199160009298889,
        0.14643490126642744,
        0.20693917307261994
      ],
      [
        0.40066197373686874,
        0.20077246099677398,
        0.19298272293793922
      ],
      [
        0.3542433812346862,
        0.5328530519956596,
        0.24062143801788047
      ],
      [
        0.4522316899137503,
        0.4733005373080289,
        0.2545778881525612
      ],
      [
        0.42248186921341935,
        0.11612573532856207,
        0.21848940233022204
      ],
      [
        0.30214983456409084,
        0.16425331718217534,
        0.20453295219554132
      ]
    ],
    "keypoints_3d": [
      [
        -0.011003210892919738,
        -0.02252033477471478,
        0.22378030554525022
      ],
      [
        -0.010353216363068032,
        0.012666677329811804,
        0.2290712087602784
      ],
      [
        0.00584510313797193,
        0.002222657645597731,
        0.24302765889495911
      ],
      [
        0.0028527213393590156,
        -0.05064383686064909,
        0.20693917307261994
      ],
      [
        -0.01334559816168096,
        -0.04019981717643499,
        0.19298272293793922
      ],
      [
        -0.02485914312519849,
        0.005603167311219515,
        0.24062143801788047
      ],
      [
        -0.008660823624158528,
        -0.0048408523729945585,
        0.2545778881525612
      ],
      [
        -0.011653205422771443,
        -0.05770734687924138,
        0.21848940233022204
      ],
      [
        -0.027851524923811405,
        -0.04726332719502728,
        0.20453295219554132
      ]
    ],
    "model_matrix": [
      -0.9982876862492147,
      0.04239126214935999,
      0.04030727448703843,
      -0.003995083186678173,
      -0.057900208636218815,
      -0.6180588916416159,
      -0.7839966660022346,
      -0.03351958700543354,
      -0.008322338798171612,
      -0.7849880173328262,
      0.6194550438254632,
      0.15165354038636925,
      0.0,
      0.0,
      0.0,
      1.0
    ],
    "view_matrix": [
      -0.6520656145933087,
      -0.5836965304820253,
      0.48384790437522474,
      -0.10655078161168265,
      0.4175233955773923,
      0.2562317546623202,
      0.8717909738281263,
      -0.14447369914095615,
      -0.6328385642567739,
      0.7704827371238855,
      0.07662704081139049,
      0.2354575639521369,
      0.0,
      0.0,
      0.0,
      1.0
    ],
    "camera_intrinsics": {
      "fx": 718.3653352829601,
      "fy": 718.3653352829601,
      "cx": 256.0,
      "cy": 256.0,
      "image_width": 512,
      "image_height": 512,
      "model": "SIMPLE_RADIAL",
      "dist": [
        0.4943007361400434,
        0.0,
        0.0,
        0.0
      ]
    },
    "visibility": [
      1.0,
      1.0,
      1.0,
      1.0,
      1.0,
      1.0,
      1.0,
      1.0,
      1.0
    ],
    "keypoints_2d_visibility": [
      1.0,
      1.0,
      1.0,
      1.0,
      1.0,
      1.0,
      1.0,
      1.0,
      1.0
    ],
    "pose_6dof": {
      "translation": [
        -0.003995083186678173,
        -0.03351958700543354,
        0.15165354038636925
      ],
      "rotation": [
        -0.9982876862492147,
        0.04239126214935999,
        0.04030727448703843,
        -0.057900208636218815,
        -0.6180588916416159,
        -0.7839966660022346,
        -0.008322338798171612,
        -0.7849880173328262,
        0.6194550438254632
      ]
    },
    "pose_9dof": {
      "translation": [
        -0.003995083186678173,
        -0.03351958700543354,
        0.15165354038636925
      ],
      "rotation": [
        -0.9982876862492147,
        0.04239126214935999,
        0.04030727448703843,
        -0.057900208636218815,
        -0.6180588916416159,
        -0.7839966660022346,
        -0.008322338798171612,
        -0.7849880173328262,
        0.6194550438254632
      ],
      "scale": [
        0.023795915661807443,
        0.06407963326328318,
        0.019842451484486844
      ]
    }
  },
  {
    "frame_id": 9,
    "image": "frame_000009.png",
    "keypoints_2d": [
      [
        0.4342624363751022,
        0.3606137170092502,
        0.22221220731765942
      ],
      [
        0.44013309731971595,
        0.5791559059127263,
        0.22751732492943746
      ],
      [
        0.5364363478023547,
        0.514348206626622,
        0.24150807601959853
      ],
      [
        0.5235518629539809,
        0.1500142199529939,
        0.20539357096980831
      ],
      [
        0.40535547163167657,
        0.20431539908263768,
        0.19140281987964725
      ],
      [
        0.3581037449095734,
        0.53445929029905,
        0.2390308436655105
      ],
      [
        0.45511673636564476,
        0.4750527184246112,
        0.2530215947556716
      ],
      [
        0.4261547024059751,
        0.11988786549262642,
        0.21690708970588138
      ],
      [
        0.30681349279628617,
        0.16792889221024132,
        0.2029163386157203
      ]
