[
  {
    "frame_id": 0,
    "image": "frame_000000.png",
    "keypoints_2d": [
      [
        0.5051535539393968,
        0.35707539330035787,
        0.06139584185235708
      ],
      [
        0.5805189591621938,
        0.5142265540331135,
        0.06303898690881685
      ],
      [
        0.5594093999006307,
        0.21750507081489345,
        0.0652359712485618
      ],
      [
        0.5243708231524222,
        0.17008457677377437,
        0.05713789547969053
      ],
      [
        0.5469659023346563,
        0.5077954687209941,
        0.05494091113994558
      ],
      [
        0.4882430876289768,
        0.522095519482388,
        0.06565378822502362
      ],
      [
        0.4714798703437866,
        0.236189110545362,
        0.06785077256476858
      ],
      [
        0.42625395875093797,
        0.19342188444007463,
        0.059752696795897314
      ],
      [
        0.4432058537718627,
        0.5170525524242655,
        0.05755571245615235
      ]
    ],
    "keypoints_3d": [
      [
        0.00038496248188340035,
        -0.010676246327161031,
        0.06139584185235708
      ],
      [
        0.006168335229298953,
        0.0010898570392249111,
        0.06303898690881685
      ],
      [
        0.004741247520156974,
        -0.022544889944959727,
        0.0652359712485618
      ],
      [
        0.0017074638237167287,
        -0.023114469565587832,
        0.05713789547969053
      ],
      [
        0.0031345515328587035,
        0.0005202774185968061,
        0.05494091113994558
      ],
      [
        -0.0009375388599499298,
        0.0017619769112657705,
        0.06565378822502362
      ],
      [
        -0.0023646265690919054,
        -0.021872770072918865,
        0.06785077256476858
      ],
      [
        -0.005398410265532153,
        -0.02244234969354697,
        0.059752696795897314
      ],
      [
        -0.003971322556390175,
        0.0011923972906376654,
        0.05755571245615235
      ]
    ],
    "model_matrix": [
      -0.17980344878439825,
      -0.4978645097675144,
      0.8484112503492566,
      0.014216194539786179,
      -0.9749114744177214,
      -0.024859179807617066,
      -0.2212004480735903,
      -0.007010107249507292,
      0.13121866046374986,
      -0.8668984664268619,
      -0.4809040570143423,
      0.05596257465816503,
      0.0,
      0.0,
      0.0,
      1.0
    ],
    "view_matrix": [
      0.9781705639230914,
      -0.1395687495223387,
      -0.15395750073040265,
      -0.005883434321961179,
      0.1364135604604402,
      0.9901692077580777,
      -0.030923785833020953,
      -0.003943761025594199,
      0.1567599706458478,
      0.00924684619269796,
      0.9875934423833531,
      0.003963861245842439,
      0.0,
      0.0,
      0.0,
      1.0
    ],
    "camera_intrinsics": {
      "fx": 421.55759609117877,
      "fy": 421.55759609117877,
      "cx": 256.0,
      "cy": 256.0,
      "image_width": 512,
      "image_height": 512,
      "model": "SIMPLE_RADIAL",
      "dist": [
        -0.05771457673240914,
        0.0,
        0.0,
        0.0
      ]
    },
    "visibility": [
      1.0,
      1.0,
      1.0,
      1.0,
      1.0,
      1.0,
      1.0,
      1.0,
      1.0
    ],
    "keypoints_2d_visibility": [
      1.0,
      1.0,
      1.0,
      1.0,
      1.0,
      1.0,
      1.0,
      1.0,
      1.0
    ],
    "pose_6dof": {
      "translation": [
        0.014216194539786179,
        -0.007010107249507292,
        0.05596257465816503
      ],
      "rotation": [
        -0.17980344878439825,
        -0.4978645097675144,
        0.8484112503492566,
        -0.9749114744177214,
        -0.024859179807617066,
        -0.2212004480735903,
        0.13121866046374986,
        -0.8668984664268619,
        -0.4809040570143423
      ]
    },
    "pose_9dof": {
      "translation": [
        0.014216194539786179,
        -0.007010107249507292,
        0.05596257465816503
      ],
      "rotation": [
        -0.17980344878439825,
        -0.4978645097675144,
        0.8484112503492566,
        -0.9749114744177214,
        -0.024859179807617066,
        -0.2212004480735903,
        0.13121866046374986,
        -0.8668984664268619,
        -0.4809040570143423
      ],
      "scale": [
        0.023779499248829727,
        0.008666435000587124,
        0.007601472069138155
      ]
    }
  },
  {
    "frame_id": 1,
    "image": "frame_000001.png",
    "keypoints_2d": [
      [
        0.5061503938081855,
        0.3554800567430949,
        0.061025219299612354
      ],
      [
        0.5818060793632885,
        0.5127771281401107,
        0.06269544156564434
      ],
      [
        0.560194993914527,
        0.2156534739617375,
        0.06483934194597708
      ],
      [
        0.5252252646606478,
        0.16804073312097156,
        0.05673961876581781
      ],
      [
        0.54843099214573,
        0.5064650400077659,
        0.05459571838548508
      ],
      [
        0.4893763064396582,
        0.5207672765408173,
        0.0653108198334069
      ],
      [
        0.47212422174054264,
        0.234514009718382,
        0.06745472021373963
      ],
      [
        0.42688512624171565,
        0.19161897349696694,
        0.059354997033580374
      ],
      [
        0.44441184243577353,
        0.5158640437568549,
        0.05721109665324764
      ]
    ],
    "keypoints_3d": [
      [
        0.00045861302285147426,
        -0.01077633889900925,
        0.061025219299612354
      ],
      [
        0.006258984075629045,
        0.0009775782213700978,
        0.06269544156564434
      ],
      [
        0.004797010319376483,
        -0.022659911248121615,
        0.06483934194597708
      ],
      [
        0.0017634719036480175,
        -0.02320692560304466,
        0.05673961876581781
      ],
      [
        0.003225445659900572,
        0.00043056386644705095,
        0.05459571838548508
      ],
      [
        -0.0008462458579450664,
        0.00165424780502616,
        0.0653108198334069
      ],
      [
        -0.0023082196141976253,
        -0.021983241664465553,
        0.06745472021373963
      ],
      [
        -0.005341758029926091,
        -0.022530256019388597,
        0.059354997033580374
      ],
      [
        -0.003879784273673532,
        0.001107233450103115,
        0.05721109665324764
      ]
    ],
    "model_matrix": [
      -0.17980344878439825,
      -0.4978645097675144,
      0.8484112503492566,
      0.014216194539786179,
      -0.9749114744177214,
      -0.024859179807617066,
      -0.2212004480735903,
      -0.007010107249507292,
      0.13121866046374986,
      -0.8668984664268619,
      -0.4809040570143423,
      0.05596257465816503,
      0.0,
      0.0,
      0.0,
      1.0
    ],
    "view_matrix": [
      0.9783483611964322,
      -0.13812045084842875,
      -0.15413378994134347,
      -0.005792293054457427,
      0.13463018052961548,
      0.9903493121070075,
      -0.03290827403162095,
      -0.0039061811016329637,
      0.15719159848674663,
      0.01144469600312255,
      0.9875018077444605,
      0.003607637860952406,
      0.0,
      0.0,
      0.0,
      1.0
    ],
    "camera_intrinsics": {
      "fx": 419.81242482052534,
      "fy": 419.81242482052534,
      "cx": 256.0,
      "cy": 256.0,
      "image_width": 512,
      "image_height": 512,
      "model": "SIMPLE_RADIAL",
      "dist": [
        -0.06034089305813866,
        0.0,
        0.0,
        0.0
      ]
    },
    "visibility": [
      1.0,
      1.0,
      1.0,
      1.0,
      1.0,
      1.0,
      1.0,
      1.0,
      1.0
    ],
    "keypoints_2d_visibility": [
      1.0,
      1.0,
      1.0,
      1.0,
      1.0,
      1.0,
      1.0,
      1.0,
      1.0
    ],
    "pose_6dof": {
      "translation": [
        0.014216194539786179,
        -0.007010107249507292,
        0.05596257465816503
      ],
      "rotation": [
        -0.17980344878439825,
        -0.4978645097675144,
        0.8484112503492566,
        -0.9749114744177214,
        -0.024859179807617066,
        -0.2212004480735903,
        0.13121866046374986,
        -0.8668984664268619,
        -0.4809040570143423
      ]
    },
    "pose_9dof": {
      "translation": [
        0.014216194539786179,
        -0.007010107249507292,
        0.05596257465816503
      ],
      "rotation": [
        -0.17980344878439825,
        -0.4978645097675144,
        0.8484112503492566,
        -0.9749114744177214,
        -0.024859179807617066,
        -0.2212004480735903,
        0.13121866046374986,
        -0.8668984664268619,
        -0.4809040570143423
      ],
      "scale": [
        0.023779499248829727,
        0.008666435000587124,
        0.007601472069138155
      ]
    }
  },
  {
    "frame_id": 2,
    "image": "frame_000002.png",
    "keypoints_2d": [
      [
        0.505547619969105,
        0.35389312423731856,
        0.060723087317390914
      ],
      [
        0.5818003801149794,
        0.5112414472866135,
        0.06240427165306822
      ],
      [
        0.5594313685090047,
        0.21363353466491375,
        0.06450290704246103
      ],
      [
        0.5240043984203955,
        0.1658892618654813,
        0.05640899389906553
      ],
      [
        0.5480865155123948,
        0.5050672634655387,
        0.05431035850967271
      ],
      [
        0.4893409264522579,
        0.5194723359881372,
        0.0650371807357163
      ],
      [
        0.4713385360257445,
        0.23287009709024536,
        0.0671358161251091
      ],
      [
        0.42562839683489423,
        0.18993826075131698,
        0.0590419029817136
      ],
      [
        0.4440143304638564,
        0.5147434431916995,
        0.05694326759232078
      ]
    ],
    "keypoints_3d": [
      [
        0.0004129484007360483,
        -0.010875763123420356,
        0.060723087317390914
      ],
      [
        0.006249224296709068,
        0.0008588019446234226,
        0.06240427165306822
      ],
      [
        0.004727458967675813,
        -0.022778975960899634,
        0.06450290704246103
      ],
      [
        0.001674075620598097,
        -0.02330100640288496,
        0.05640899389906553
      ],
      [
        0.003195840949631346,
        0.00033677150263809784,
        0.05431035850967271
      ],
      [
        -0.0008481788191259994,
        0.001549480156044248,
        0.0650371807357163
      ],
      [
        -0.00236994414815925,
        -0.02208829774947881,
        0.0671358161251091
      ],
      [
        -0.005423327495236971,
        -0.022610328191464135,
        0.0590419029817136
      ],
      [
        -0.003901562166203719,
        0.0010274497140589241,
        0.05694326759232078
      ]
    ],
    "model_matrix": [
      -0.17980344878439825,
      -0.4978645097675144,
      0.8484112503492566,
      0.014216194539786179,
      -0.9749114744177214,
      -0.024859179807617066,
      -0.2212004480735903,
      -0.007010107249507292,
      0.13121866046374986,
      -0.8668984664268619,
      -0.4809040570143423,
      0.05596257465816503,
      0.0,
      0.0,
      0.0,
      1.0
    ],
    "view_matrix": [
      0.979066940120891,
      -0.1353844350412187,
      -0.15198349091557806,
      -0.0059493296398770365,
      0.13163357649173688,
      0.9906971191226063,
      -0.0345227418111971,
      -0.003870217081953667,
      0.15524344850044275,
      0.013793944712755352,
      0.9877799343917408,
      0.003334104960076374,
      0.0,
      0.0,
      0.0,
      1.0
    ],
    "camera_intrinsics": {
      "fx": 418.4881534137113,
      "fy": 418.4881534137113,
      "cx": 256.0,
      "cy": 256.0,
      "image_width": 512,
      "image_height": 512,
      "model": "SIMPLE_RADIAL",
      "dist": [
        -0.06075470201309808,
        0.0,
        0.0,
        0.0
      ]
    },
    "visibility": [
      1.0,
      1.0,
      1.0,
      1.0,
      1.0,
      1.0,
      1.0,
      1.0,
      1.0
    ],
    "keypoints_2d_visibility": [
      1.0,
      1.0,
      1.0,
      1.0,
      1.0,
      1.0,
      1.0,
      1.0,
      1.0
    ],
    "pose_6dof": {
      "translation": [
        0.014216194539786179,
        -0.007010107249507292,
        0.05596257465816503
      ],
      "rotation": [
        -0.17980344878439825,
        -0.4978645097675144,
        0.8484112503492566,
        -0.9749114744177214,
        -0.024859179807617066,
        -0.2212004480735903,
        0.13121866046374986,
        -0.8668984664268619,
        -0.4809040570143423
      ]
    },
    "pose_9dof": {
      "translation": [
        0.014216194539786179,
        -0.007010107249507292,
        0.05596257465816503
      ],
      "rotation": [
        -0.17980344878439825,
        -0.4978645097675144,
        0.8484112503492566,
        -0.9749114744177214,
        -0.024859179807617066,
        -0.2212004480735903,
        0.13121866046374986,
        -0.8668984664268619,
        -0.4809040570143423
      ],
      "scale": [
        0.023779499248829727,
        0.008666435000587124,
        0.007601472069138155
      ]
    }
  },
  {
    "frame_id": 3,
    "image": "frame_000003.png",
    "keypoints_2d": [
      [
        0.5039251260983478,
        0.35414201955956637,
        0.06147113808681086
      ],
      [
        0.5804957490410418,
        0.5112984379416062,
        0.063141440816778
      ],
      [
        0.5575433850257262,
        0.21379714765601204,
        0.0652767344973292
      ],
      [
        0.5219721124644522,
        0.16650475931747616,
        0.057179297817923976
      ],
      [
        0.5466673688094477,
        0.5050149964756757,
        0.05504400413737278
      ],
      [
        0.4880501340662107,
        0.5197709920111726,
        0.06576297835569775
      ],
      [
        0.4694832994429572,
        0.23309174943002275,
        0.06789827203624893
      ],
      [
        0.4237596303116361,
        0.19053386084836454,
        0.05980083535684373
      ],
      [
        0.44275205259898204,
        0.5149528612147934,
        0.05766554167629253
      ]
    ],
    "keypoints_3d": [
      [
        0.00029231781667991667,
        -0.010862552009637583,
        0.06147113808681086
      ],
      [
        0.006149498639335041,
        0.0008631478006757053,
        0.063141440816778
      ],
      [
        0.0045777040461604124,
        -0.02276807237898829,
        0.0652767344973292
      ],
      [
        0.0015349313134355785,
        -0.023297363357005794,
        0.057179297817923976
      ],
      [
        0.0031067259066101995,
        0.00033385682265819894,
        0.05504400413737278
      ],
      [
        -0.0009502956800757434,
        0.0015722593377306268,
        0.06576297835569775
      ],
      [
        -0.0025220902732503696,
        -0.022058960841933366,
        0.06789827203624893
      ],
      [
        -0.005564863005975207,
        -0.02258825181995087,
        0.05980083535684373
      ],
      [
        -0.003993068412800579,
        0.0010429683597131222,
        0.05766554167629253
      ]
    ],
    "model_matrix": [
      -0.17980344878439825,
      -0.4978645097675144,
      0.8484112503492566,
      0.014216194539786179,
      -0.9749114744177214,
      -0.024859179807617066,
      -0.2212004480735903,
      -0.007010107249507292,
      0.13121866046374986,
      -0.8668984664268619,
      -0.4809040570143423,
      0.05596257465816503,
      0.0,
      0.0,
      0.0,
      1.0
    ],
    "view_matrix": [
      0.9791025584272247,
      -0.1334333554078741,
      -0.153472211640606,
      -0.0059734766585035765,
      0.12994372086957734,
      0.9909854960183252,
      -0.03259411124548989,
      -0.003938892230956263,
      0.15643787740771856,
      0.011970227479457122,
      0.9876152612056264,
      0.004061606577860484,
      0.0,
      0.0,
      0.0,
      1.0
    ],
    "camera_intrinsics": {
      "fx": 423.4250987582838,
      "fy": 423.4250987582838,
      "cx": 256.0,
      "cy": 256.0,
      "image_width": 512,
      "image_height": 512,
      "model": "SIMPLE_RADIAL",
      "dist": [
        -0.06161917780233324,
        0.0,
        0.0,
        0.0
      ]
    },
    "visibility": [
      1.0,
      1.0,
      1.0,
      1.0,
      1.0,
      1.0,
      1.0,
      1.0,
      1.0
    ],
    "keypoints_2d_visibility": [
      1.0,
      1.0,
      1.0,
      1.0,
      1.0,
      1.0,
      1.0,
      1.0,
      1.0
    ],
    "pose_6dof": {
      "translation": [
        0.014216194539786179,
        -0.007010107249507292,
        0.05596257465816503
      ],
      "rotation": [
        -0.17980344878439825,
        -0.4978645097675144,
        0.8484112503492566,
        -0.9749114744177214,
        -0.024859179807617066,
        -0.2212004480735903,
        0.13121866046374986,
        -0.8668984664268619,
        -0.4809040570143423
      ]
    },
    "pose_9dof": {
      "translation": [
        0.014216194539786179,
        -0.007010107249507292,
        0.05596257465816503
      ],
      "rotation": [
        -0.17980344878439825,
        -0.4978645097675144,
        0.8484112503492566,
        -0.9749114744177214,
        -0.024859179807617066,
        -0.2212004480735903,
        0.13121866046374986,
        -0.8668984664268619,
        -0.4809040570143423
      ],
      "scale": [
        0.023779499248829727,
        0.008666435000587124,
        0.007601472069138155
      ]
    }
  },
  {
    "frame_id": 4,
    "image": "frame_000004.png",
    "keypoints_2d": [
      [
        0.5029925474928121,
        0.35025697247148563,
        0.06023236464851977
      ],
      [
        0.5797012188231001,
        0.5077781227205487,
        0.06194978586697224
      ],
      [
        0.5567458999626436,
        0.20966022049580096,
        0.06399283780831015
      ],
      [
        0.5210580479264717,
        0.16124128529638843,
        0.05589258575940287
      ],
      [
        0.545862798253488,
        0.5014526569030924,
        0.053849533818064954
      ],
      [
        0.4871833929367377,
        0.5162771288775375,
        0.06457214353763668
      ],
      [
        0.46854293560499377,
        0.2292530981960802,
        0.0666151954789746
      ],
      [
        0.42245328750354993,
        0.18575859511744214,
        0.05851494343006731
      ],
      [
        0.4416229203172365,
        0.5114573331794795,
        0.05647189148872939
      ]
    ],
    "keypoints_3d": [
      [
        0.00022231577588702114,
        -0.011124380625080131,
        0.06023236464851977
      ],
      [
        0.006081515606568652,
        0.0005935012715403195,
        0.06194978586697224
      ],
      [
        0.004504163231925044,
        -0.02304550215026863,
        0.06399283780831015
      ],
      [
        0.001463469548183955,
        -0.023542688518979525,
        0.05589258575940287
      ],
      [
        0.0030408219228275617,
        9.631490282942246e-05,
        0.053849533818064954
      ],
      [
        -0.0010188379964099128,
        0.0012939272688192614,
        0.06457214353763668
      ],
      [
        -0.002596190371053522,
        -0.02234507615298969,
        0.0666151954789746
      ],
      [
        -0.00563688405479461,
        -0.022842262521700584,
        0.05851494343006731
      ],
      [
        -0.004059531680151,
        0.0007967409001083661,
        0.05647189148872939
      ]
    ],
    "model_matrix": [
      -0.17980344878439825,
      -0.4978645097675144,
      0.8484112503492566,
      0.014216194539786179,
      -0.9749114744177214,
      -0.024859179807617066,
      -0.2212004480735903,
      -0.007010107249507292,
      0.13121866046374986,
      -0.8668984664268619,
      -0.4809040570143423,
      0.05596257465816503,
      0.0,
      0.0,
      0.0,
      1.0
    ],
    "view_matrix": [
      0.9790875687702092,
      -0.13322773619580353,
      -0.15374622918231945,
      -0.006026489463551296,
      0.1291276501151722,
      0.9909597564991887,
      -0.03639795289301936,
      -0.00397642709039795,
      0.15720554269927822,
      0.015783893917857304,
      0.9874397632450372,
      0.0028484753889119977,
      0.0,
      0.0,
      0.0,
      1.0
    ],
    "camera_intrinsics": {
      "fx": 415.9095325778067,
      "fy": 415.9095325778067,
      "cx": 256.0,
      "cy": 256.0,
      "image_width": 512,
      "image_height": 512,
      "model": "SIMPLE_RADIAL",
      "dist": [
        -0.055832571479201475,
        0.0,
        0.0,
        0.0
      ]
    },
    "visibility": [
      1.0,
      1.0,
      1.0,
      1.0,
      1.0,
      1.0,
      1.0,
      1.0,
      1.0
    ],
    "keypoints_2d_visibility": [
      1.0,
      1.0,
      1.0,
      1.0,
      1.0,
      1.0,
      1.0,
      1.0,
      1.0
    ],
    "pose_6dof": {
      "translation": [
        0.014216194539786179,
        -0.007010107249507292,
        0.05596257465816503
      ],
      "rotation": [
        -0.17980344878439825,
        -0.4978645097675144,
        0.8484112503492566,
        -0.9749114744177214,
        -0.024859179807617066,
        -0.2212004480735903,
        0.13121866046374986,
        -0.8668984664268619,
        -0.4809040570143423
      ]
    },
    "pose_9dof": {
      "translation": [
        0.014216194539786179,
        -0.007010107249507292,
        0.05596257465816503
      ],
      "rotation": [
        -0.17980344878439825,
        -0.4978645097675144,
        0.8484112503492566,
        -0.9749114744177214,
        -0.024859179807617066,
        -0.2212004480735903,
        0.13121866046374986,
        -0.8668984664268619,
        -0.4809040570143423
      ],
      "scale": [
        0.023779499248829727,
        0.008666435000587124,
        0.007601472069138155
      ]
    }
  },
  {
    "frame_id": 5,
    "image": "frame_000005.png",
    "keypoints_2d": [
      [
        0.503954351209852,
        0.35105149530479207,
        0.06036821654387069
      ],
      [
        0.5807771180923779,
        0.5084185301447738,
        0.06205938863701846
      ],
      [
        0.5576254305914187,
        0.21046213331691155,
        0.06413164289149681
      ],
      [
        0.5218009105956319,
        0.1621935469162435,
        0.05603900035251871
      ],
      [
        0.5468063635746221,
        0.502091091223736,
        0.05396674609804036
      ],
      [
        0.4883253348594108,
        0.5169846412767518,
        0.06469743273522267
      ],
      [
        0.4695155911650605,
        0.23015689116113436,
        0.06676968698970101
      ],
      [
        0.42335066612394984,
        0.18681554125573063,
        0.058677044450722915
      ],
      [
        0.4426956148948304,
        0.5121692819721286,
        0.056604790196244564
      ]
    ],
    "keypoints_3d": [
      [
        0.0002939732528143323,
        -0.011073087367149737,
        0.06036821654387069
      ],
      [
        0.006165298661115099,
        0.0006425427628004117,
        0.06205938863701846
      ],
      [
        0.004576220777565921,
        -0.022993133201933594,
        0.06413164289149681
      ],
      [
        0.001516414554566796,
        -0.023496936966726403,
        0.05603900035251871
      ],
      [
        0.0031054924381159676,
        0.00013873899800760387,
        0.05396674609804036
      ],
      [
        -0.0009284680489381287,
        0.0013507622324269268,
        0.06469743273522267
      ],
      [
        -0.0025175459324873026,
        -0.02228491373230708,
        0.06676968698970101
      ],
      [
        -0.005577352155486432,
        -0.022788717497099886,
        0.058677044450722915
      ],
      [
        -0.0039882742719372566,
        0.0008469584676341207,
        0.056604790196244564
      ]
    ],
    "model_matrix": [
      -0.17980344878439825,
      -0.4978645097675144,
      0.8484112503492566,
      0.014216194539786179,
      -0.9749114744177214,
      -0.024859179807617066,
      -0.2212004480735903,
      -0.007010107249507292,
      0.13121866046374986,
      -0.8668984664268619,
      -0.4809040570143423,
      0.05596257465816503,
      0.0,
      0.0,
      0.0,
      1.0
    ],
    "view_matrix": [
      0.979539022477753,
      -0.1325005142422424,
      -0.1514823988748175,
      -0.006082841809064471,
      0.12861280207116288,
      0.9910691066981235,
      -0.03522460634254342,
      -0.003982711589824112,
      0.15479680418772176,
      0.015021300680186799,
      0.9878321263955447,
      0.0029912668670514673,
      0.0,
      0.0,
      0.0,
      1.0
    ],
    "camera_intrinsics": {
      "fx": 416.53336302451544,
      "fy": 416.53336302451544,
      "cx": 256.0,
      "cy": 256.0,
      "image_width": 512,
      "image_height": 512,
      "model": "SIMPLE_RADIAL",
      "dist": [
        -0.05493866570940449,
        0.0,
        0.0,
        0.0
      ]
    },
    "visibility": [
      1.0,
      1.0,
      1.0,
      1.0,
      1.0,
      1.0,
      1.0,
      1.0,
      1.0
    ],
    "keypoints_2d_visibility": [
      1.0,
      1.0,
      1.0,
      1.0,
      1.0,
      1.0,
      1.0,
      1.0,
      1.0
    ],
    "pose_6dof": {
      "translation": [
        0.014216194539786179,
        -0.007010107249507292,
        0.05596257465816503
      ],
      "rotation": [
        -0.17980344878439825,
        -0.4978645097675144,
        0.8484112503492566,
        -0.9749114744177214,
        -0.024859179807617066,
        -0.2212004480735903,
        0.13121866046374986,
        -0.8668984664268619,
        -0.4809040570143423
      ]
    },
    "pose_9dof": {
      "translation": [
        0.014216194539786179,
        -0.007010107249507292,
        0.05596257465816503
      ],
      "rotation": [
        -0.17980344878439825,
        -0.4978645097675144,
        0.8484112503492566,
        -0.9749114744177214,
        -0.024859179807617066,
        -0.2212004480735903,
        0.13121866046374986,
        -0.8668984664268619,
        -0.4809040570143423
      ],
      "scale": [
        0.023779499248829727,
        0.008666435000587124,
        0.007601472069138155
      ]
    }
  },
  {
    "frame_id": 6,
    "image": "frame_000006.png",
    "keypoints_2d": [
      [
        0.5031792642374613,
        0.35230716045017046,
        0.06040470661412181
      ],
      [
        0.580293842537919,
        0.5097093482659029,
        0.06207579777370918
      ],
      [
        0.5567310810365367,
        0.2116665773386633,
        0.06418943672839136
      ],
      [
        0.5207618056022136,
        0.16348545680747362,
        0.05609742899479037
      ],
      [
        0.546197619519844,
        0.503408584475342,
        0.0539837900401082
      ],
      [
        0.4877684149907525,
        0.5184005867274577,
        0.06471198423345324
      ],
      [
        0.4686318790879483,
        0.23145440850884508,
        0.06682562318813542
      ],
      [
        0.4223469277643607,
        0.1882048503469112,
        0.058733615454534434
      ],
      [
        0.44201189509738426,
        0.5136266718596046,
        0.05661997649985225
      ]
    ],
    "keypoints_3d": [
      [
        0.00023616922851907828,
        -0.01097125038028646,
        0.06040470661412181
      ],
      [
        0.006121508036766391,
        0.0007402292823813945,
        0.06207579777370918
      ],
      [
        0.004503691905346636,
        -0.022889831781002713,
        0.06418943672839136
      ],
      [
        0.0014439569723228868,
        -0.02340415521851793,
        0.05609742899479037
      ],
      [
        0.0030617731037426337,
        0.00022590584486617982,
        0.0539837900401082
      ],
      [
        -0.0009716185152847294,
        0.001461654457945008,
        0.06471198423345324
      ],
      [
        -0.00258943464670448,
        -0.022168406605439103,
        0.06682562318813542
      ],
      [
        -0.0056491695797282315,
        -0.022682730042954315,
        0.058733615454534434
      ],
      [
        -0.004031353448308479,
        0.0009473310204297933,
        0.05661997649985225
      ]
    ],
    "model_matrix": [
      -0.17980344878439825,
      -0.4978645097675144,
      0.8484112503492566,
      0.014216194539786179,
      -0.9749114744177214,
      -0.024859179807617066,
      -0.2212004480735903,
      -0.007010107249507292,
      0.13121866046374986,
      -0.8668984664268619,
      -0.4809040570143423,
      0.05596257465816503,
      0.0,
      0.0,
      0.0,
      1.0
    ],
    "view_matrix": [
      0.9796807760290058,
      -0.13130388017731667,
      -0.15160761237347528,
      -0.00612726522652065,
      0.12770076663703153,
      0.9912533640553498,
      -0.03330589211035619,
      -0.003973993454432841,
      0.1546547486484637,
      0.013268733900909399,
      0.9878794711001679,
      0.003014841213832328,
      0.0,
      0.0,
      0.0,
      1.0
    ],
    "camera_intrinsics": {
      "fx": 417.11883248320555,
      "fy": 417.11883248320555,
      "cx": 256.0,
      "cy": 256.0,
      "image_width": 512,
      "image_height": 512,
      "model": "SIMPLE_RADIAL",
      "dist": [
        -0.05685778010592429,
        0.0,
        0.0,
        0.0
      ]
    },
    "visibility": [
      1.0,
      1.0,
      1.0,
      1.0,
      1.0,
      1.0,
      1.0,
      1.0,
      1.0
    ],
    "keypoints_2d_visibility": [
      1.0,
      1.0,
      1.0,
      1.0,
      1.0,
      1.0,
      1.0,
      1.0,
      1.0
    ],
    "pose_6dof": {
      "translation": [
        0.014216194539786179,
        -0.007010107249507292,
        0.05596257465816503
      ],
      "rotation": [
        -0.17980344878439825,
        -0.4978645097675144,
        0.8484112503492566,
        -0.9749114744177214,
        -0.024859179807617066,
        -0.2212004480735903,
        0.13121866046374986,
        -0.8668984664268619,
        -0.4809040570143423
      ]
    },
    "pose_9dof": {
      "translation": [
        0.014216194539786179,
        -0.007010107249507292,
        0.05596257465816503
      ],
      "rotation": [
        -0.17980344878439825,
        -0.4978645097675144,
        0.8484112503492566,
        -0.9749114744177214,
        -0.024859179807617066,
        -0.2212004480735903,
        0.13121866046374986,
        -0.8668984664268619,
        -0.4809040570143423
      ],
      "scale": [
        0.023779499248829727,
        0.008666435000587124,
        0.007601472069138155
      ]
    }
  },
  {
    "frame_id": 7,
    "image": "frame_000007.png",
    "keypoints_2d": [
      [
        0.502004792059424,
        0.35142511615187405,
        0.060974616602803594
      ],
      [
        0.5793200264421777,
        0.5086923668823875,
        0.06266743143447467
      ],
      [
        0.5553456872156813,
        0.21058454213769617,
        0.06475596753139404
      ],
      [
        0.5193427633494386,
        0.16281530728372273,
        0.05665790454135634
      ],
      [
        0.5452391564030709,
        0.5024191344596575,
        0.054569368444436994
      ],
      [
        0.48679671777022676,
        0.5175331115139691,
        0.06529132866425086
      ],
      [
        0.46720378363650134,
        0.23037398298090084,
        0.0673798647611702
      ],
      [
        0.42096481914348416,
        0.1874680638091697,
        0.059281801771132514
      ],
      [
        0.4411565192600424,
        0.5127914399434963,
        0.05719326567421316
      ]
    ],
    "keypoints_3d": [
      [
        0.0001489464951746032,
        -0.011038405761897407,
        0.060974616602803594
      ],
      [
        0.0060484454540925305,
        0.000662825131474299,
        0.06266743143447467
      ],
      [
        0.004392000619589803,
        -0.02296679170856794,
        0.06475596753139404
      ],
      [
        0.0013463132180982522,
        -0.023469046306534944,
        0.05665790454135634
      ],
      [
        0.003002758052600975,
        0.000160570533507297,
        0.054569368444436994
      ],
      [
        -0.0010484202277490483,
        0.0013922347827401262,
        0.06529132866425086
      ],
      [
        -0.0027048650622517744,
        -0.022237382057302114,
        0.0673798647611702
      ],
      [
        -0.005750552463743324,
        -0.02273963665526911,
        0.059281801771132514
      ],
      [
        -0.004094107629240597,
        0.000889980184773125,
        0.05719326567421316
      ]
    ],
    "model_matrix": [
      -0.17980344878439825,
      -0.4978645097675144,
      0.8484112503492566,
      0.014216194539786179,
      -0.9749114744177214,
      -0.024859179807617066,
      -0.2212004480735903,
      -0.007010107249507292,
      0.13121866046374986,
      -0.8668984664268619,
      -0.4809040570143423,
      0.05596257465816503,
      0.0,
      0.0,
      0.0,
      1.0
    ],
    "view_matrix": [
      0.9795831933941606,
      -0.12986928336951853,
      -0.1534624920193415,
      -0.006099240187998296,
      0.1261129249594698,
      0.9914328787430624,
      -0.03400554521561516,
      -0.00397816296350559,
      0.15656403602956168,
      0.01395765683529337,
      0.9875691805832147,
      0.0035798024815494604,
      0.0,
      0.0,
      0.0,
      1.0
    ],
    "camera_intrinsics": {
      "fx": 421.00771153001585,
      "fy": 421.00771153001585,
      "cx": 256.0,
      "cy": 256.0,
      "image_width": 512,
      "image_height": 512,
      "model": "SIMPLE_RADIAL",
      "dist": [
        -0.05838643898314031,
        0.0,
        0.0,
        0.0
      ]
    },
    "visibility": [
      1.0,
      1.0,
      1.0,
      1.0,
      1.0,
      1.0,
      1.0,
      1.0,
      1.0
    ],
    "keypoints_2d_visibility": [
      1.0,
      1.0,
      1.0,
      1.0,
      1.0,
      1.0,
      1.0,
      1.0,
      1.0
    ],
    "pose_6dof": {
      "translation": [
        0.014216194539786179,
        -0.007010107249507292,
        0.05596257465816503
      ],
      "rotation": [
        -0.17980344878439825,
        -0.4978645097675144,
        0.8484112503492566,
        -0.9749114744177214,
        -0.024859179807617066,
        -0.2212004480735903,
        0.13121866046374986,
        -0.8668984664268619,
        -0.4809040570143423
      ]
    },
    "pose_9dof": {
      "translation": [
        0.014216194539786179,
        -0.007010107249507292,
        0.05596257465816503
      ],
      "rotation": [
        -0.17980344878439825,
        -0.4978645097675144,
        0.8484112503492566,
        -0.9749114744177214,
        -0.024859179807617066,
        -0.2212004480735903,
        0.13121866046374986,
        -0.8668984664268619,
        -0.4809040570143423
      ],
      "scale": [
        0.023779499248829727,
        0.008666435000587124,
        0.007601472069138155
      ]
    }
  },
  {
    "frame_id": 8,
    "image": "frame_000008.png",
    "keypoints_2d": [
      [
        0.5006447149920125,
        0.3507734507564084,
        0.06071935526083261
      ],
      [
        0.5783772357432978,
        0.5080122880711391,
        0.062414735055497016
      ],
      [
        0.5538197295067451,
        0.20973446554203223,
        0.06449377123348435
      ],
      [
        0.5175153566376569,
        0.16178762650370693,
        0.056396775495731924
      ],
      [
        0.5440828108593917,
        0.5017822692595868,
        0.05431773931774459
      ],
      [
        0.4858667926948235,
        0.5170545317523194,
        0.06504193502593329
      ],
      [
        0.4657091025922898,
        0.22979200971006497,
        0.06712097120392062
      ],
      [
        0.4191444468646598,
        0.18677571352879818,
        0.0590239754661682
      ],
      [
        0.4399805888887639,
        0.5123901501645786,
        0.05694493928818086
      ]
    ],
    "keypoints_3d": [
      [
        4.7859487491461183e-05,
        -0.011077617637868898,
        0.06071935526083261
      ],
      [
        0.0059724665275743116,
        0.0006105487372748157,
        0.062414735055497016
      ],
      [
        0.004267608901397565,
        -0.023016462363797202,
        0.06449377123348435
      ],
      [
        0.0012174778829931463,
        -0.023508860995789367,
        0.056396775495731924
      ],
      [
        0.002922335509169885,
        0.00011815010528264894,
        0.05431773931774459
      ],
      [
        -0.0011217589080102213,
        0.0013536257200515737,
        0.06504193502593329
      ],
      [
        -0.002826616534186963,
        -0.022273385381020444,
        0.06712097120392062
      ],
      [
        -0.005876747552591385,
        -0.022765784013012613,
        0.0590239754661682
      ],
      [
        -0.004171889926414641,
        0.0008612270880594079,
        0.05694493928818086
      ]
    ],
    "model_matrix": [
      -0.17980344878439825,
      -0.4978645097675144,
      0.8484112503492566,
      0.014216194539786179,
      -0.9749114744177214,
      -0.024859179807617066,
      -0.2212004480735903,
      -0.007010107249507292,
      0.13121866046374986,
      -0.8668984664268619,
      -0.4809040570143423,
      0.05596257465816503,
      0.0,
      0.0,
      0.0,
      1.0
    ],
    "view_matrix": [
      0.9799098487904643,
      -0.12779488002304368,
      -0.1531181141581399,
      -0.00620970147417335,
      0.12400159165539093,
      0.9916954924735584,
      -0.034112394734995624,
      -0.003979539189866477,
      0.15620593301913657,
      0.014440181699769,
      0.9876189486042168,
      0.003330229406099565,
      0.0,
      0.0,
      0.0,
      1.0
    ],
    "camera_intrinsics": {
      "fx": 419.58767919490987,
      "fy": 419.58767919490987,
      "cx": 256.0,
      "cy": 256.0,
      "image_width": 512,
      "image_height": 512,
      "model": "SIMPLE_RADIAL",
      "dist": [
        -0.05707920779850068,
        0.0,
        0.0,
        0.0
      ]
    },
    "visibility": [
      1.0,
      1.0,
      1.0,
      1.0,
      1.0,
      1.0,
      1.0,
      1.0,
      1.0
    ],
    "keypoints_2d_visibility": [
      1.0,
      1.0,
      1.0,
      1.0,
      1.0,
      1.0,
      1.0,
      1.0,
      1.0
    ],
    "pose_6dof": {
      "translation": [
        0.014216194539786179,
        -0.007010107249507292,
        0.05596257465816503
      ],
      "rotation": [
        -0.17980344878439825,
        -0.4978645097675144,
        0.8484112503492566,
        -0.9749114744177214,
        -0.024859179807617066,
        -0.2212004480735903,
        0.13121866046374986,
        -0.8668984664268619,
        -0.4809040570143423
      ]
    },
    "pose_9dof": {
      "translation": [
        0.014216194539786179,
        -0.007010107249507292,
        0.05596257465816503
      ],
      "rotation": [
        -0.17980344878439825,
        -0.4978645097675144,
        0.8484112503492566,
        -0.9749114744177214,
        -0.024859179807617066,
        -0.2212004480735903,
        0.13121866046374986,
        -0.8668984664268619,
        -0.4809040570143423
      ],
      "scale": [
        0.023779499248829727,
        0.008666435000587124,
        0.007601472069138155
      ]
    }
  },
  {
    "frame_id": 9,
    "image": "frame_000009.png",
    "keypoints_2d": [
      [
        0.49675802152355925,
        0.34763597588273953,
        0.06033527571983986
      ],
      [
        0.5748980709467436,
        0.5051228470822263,
        0.06210768002933788
      ],
      [
        0.5498583485043195,
        0.2060284302734411,
        0.06407328936182219
      ],
      [
        0.5133548621287392,
        0.1577573974375987,
        0.05596164417146164
      ],
      [
        0.5405491016737796,
        0.49908477152236935,
        0.05399603483897734
      ],
      [
        0.4822753471057678,
        0.5143137575370432,
        0.0647089072682181
      ],
      [
        0.461531562852102,
        0.22624632892355284,
        0.0666745166007024
      ],
      [
